0.01140 1513.00732 64.09595
0.01191 1054.72650 49.43266
0.01242 686.91304 51.96465
0.01292 411.91508 38.35969
0.01343 275.87442 25.71324
0.01394 205.54204 18.99376
0.01444 170.70446 15.71984
0.01495 137.92364 12.77129
0.01546 105.94762 8.36525
0.01596 97.91233 7.77519
0.01647 87.36675 6.24469
0.01698 73.71191 4.65624
0.01748 66.30846 4.05816
0.01799 61.81938 3.22751
0.01850 54.32409 2.74322
0.01900 49.18464 2.16545
0.01951 47.80069 1.89257
0.02002 44.37999 1.57266
0.02052 41.60709 1.32933
0.02103 40.42029 1.15754
0.02154 38.03730 0.90058
0.02204 36.91950 0.81989
0.02255 35.55812 0.70031
0.02306 34.45644 0.59673
0.02356 33.41038 0.55651
0.02407 32.99158 0.46458
0.02458 31.71755 0.44364
0.02509 31.12075 0.38545
0.02559 30.80793 0.36189
0.02610 29.65090 0.32196
0.02661 29.58623 0.29856
0.02711 28.88447 0.29082
0.02762 27.95152 0.27366
0.02813 27.36789 0.25131
0.02863 27.21090 0.25398
0.02914 27.03891 0.26255
0.02965 26.07900 0.23346
0.03015 25.87329 0.23136
0.03066 25.17801 0.22925
0.03117 25.57827 0.21433
0.03167 25.16089 0.20952
0.03218 24.78741 0.20903
0.03269 24.88840 0.21506
0.03319 24.31743 0.21654
0.03370 24.62092 0.21166
0.03421 24.24641 0.21150
0.03471 24.08278 0.21612
0.03522 24.18494 0.19957
0.03573 23.54169 0.20239
0.03623 23.84441 0.20952
0.03674 23.52296 0.21195
0.03725 23.32955 0.18749
0.03775 23.25422 0.20656
0.03826 23.04727 0.20340
0.03877 22.83652 0.19558
0.03927 22.81968 0.18478
0.03978 22.84504 0.18338
0.04029 22.54203 0.18175
0.04080 22.52986 0.18191
0.04130 22.67862 0.18121
0.04181 22.38770 0.17846
0.04232 22.19215 0.18008
0.04282 22.13372 0.17788
0.04333 22.15501 0.17846
0.04384 22.10823 0.17348
0.04434 22.02653 0.17549
0.04485 21.80717 0.17070
0.04536 21.28701 0.16909
0.04586 21.82954 0.17294
0.04637 21.77870 0.17057
0.04688 21.93164 0.16726
0.04738 21.57163 0.16530
0.04789 21.39775 0.16778
0.04840 21.52422 0.15942
0.04890 21.75886 0.17150
0.04941 21.39364 0.15346
0.04992 21.64310 0.15749
0.05042 21.49235 0.15310
0.05093 21.37965 0.15596
0.05144 21.25571 0.16136
0.05194 21.30348 0.15448
0.05245 21.44608 0.15538
0.05296 21.12671 0.15529
0.05346 21.30178 0.15281
0.05397 21.09156 0.14989
0.05448 21.06671 0.14764
0.05498 20.68819 0.14679
0.05549 21.03229 0.15001
0.05600 20.96690 0.15735
0.05650 20.87984 0.14741
0.05701 20.81832 0.14680
0.05752 20.84592 0.14247
0.05803 20.89789 0.14294
0.05853 21.07429 0.15121
0.05904 20.76585 0.13619
0.05955 20.95252 0.14488
0.06005 20.79851 0.14270
0.06056 20.53088 0.13774
0.06107 20.68987 0.14006
0.06157 20.33982 0.13524
0.06208 20.45715 0.13260
0.06259 20.67868 0.14627
0.06309 20.65515 0.14528
0.06360 20.28915 0.13934
0.06411 20.54755 0.13859
0.06461 20.37748 0.13643
0.06512 20.53283 0.13099
0.06563 20.50657 0.13166
0.06613 20.14920 0.13620
0.06664 20.55237 0.13671
0.06715 20.04307 0.13389
0.06765 20.13684 0.12947
0.06816 20.23039 0.13409
0.06867 20.24682 0.13159
0.06917 20.26848 0.13319
0.06968 20.05178 0.12882
0.07019 20.30278 0.13205
0.07069 19.99882 0.12885
0.07120 20.07267 0.12859
0.07171 19.98660 0.12934
0.07221 20.02867 0.13176
0.07272 20.33723 0.12393
0.07323 19.92349 0.12642
0.07373 20.25525 0.12902
0.07424 20.15900 0.12279
0.07475 19.81467 0.12302
0.07526 20.15982 0.12600
0.07576 19.94542 0.12439
0.07627 19.80583 0.12173
0.07678 20.08957 0.12371
0.07728 19.98185 0.12413
0.07779 20.14552 0.12389
0.07830 19.85523 0.11779
0.07880 19.73141 0.12157
0.07931 19.99378 0.11895
0.07982 19.81358 0.11700
0.08032 19.95509 0.11854
0.08083 19.83652 0.11672
0.08134 19.84592 0.12094
0.08184 19.90486 0.12035
0.08235 19.73134 0.12107
0.08286 19.64797 0.11787
0.08336 19.71329 0.11879
0.08387 19.75787 0.12327
0.08438 19.58994 0.11828
0.08488 19.74504 0.12689
0.08539 19.81497 0.12324
0.08590 19.72036 0.12147
0.08640 19.65679 0.12142
0.08691 19.69263 0.12156
0.08742 19.55988 0.11981
0.08792 19.72762 0.12315
0.08843 19.66218 0.12311
0.08894 19.49945 0.12070
0.08944 19.75479 0.12292
0.08995 19.61674 0.12559
0.09046 19.53323 0.12309
0.09096 19.52779 0.12564
0.09147 19.44456 0.12758
0.09198 19.51865 0.12188
0.09248 19.49500 0.12199
0.09299 19.52518 0.13136
0.09350 19.51712 0.12228
0.09401 19.80041 0.12667
0.09451 19.68646 0.12443
0.09502 19.51312 0.11917
0.09553 19.47423 0.11948
0.09603 19.49322 0.11947
0.09654 19.67713 0.12481
0.09705 19.28157 0.12058
0.09755 19.48944 0.12444
0.09806 19.48735 0.12088
0.09857 19.38441 0.12683
0.09907 19.31097 0.12094
0.09958 19.45778 0.12418
0.10009 19.25370 0.12204
0.10059 19.41650 0.12001
0.10110 19.48440 0.12247
0.10161 19.42332 0.11088
0.10211 19.29532 0.11658
0.10262 19.42762 0.11621
0.10313 19.17898 0.11585
0.10363 19.13840 0.11331
0.10414 19.22957 0.12031
0.10465 19.42565 0.12003
0.10515 19.08430 0.11818
0.10566 19.29491 0.11996
0.10617 19.11501 0.11529
0.10667 19.33557 0.11289
0.10718 19.12008 0.11474
0.10769 19.10523 0.11155
0.10819 19.03342 0.11482
0.10870 19.13443 0.10732
0.10921 19.15217 0.11023
0.10971 19.19219 0.11145
0.11022 19.11135 0.10891
0.11073 19.17631 0.11458
0.11123 19.12485 0.10912
0.11174 19.11697 0.10808
0.11225 19.07058 0.10937
0.11275 19.12204 0.10732
0.11326 19.12849 0.10782
0.11377 19.17858 0.10855
0.11428 19.21882 0.10912
0.11478 18.97063 0.10697
0.11529 19.04479 0.10255
0.11580 19.09488 0.10588
0.11630 19.03898 0.10471
0.11681 19.22731 0.10800
0.11732 18.93913 0.10293
0.11782 19.00392 0.10174
0.11833 18.80362 0.10189
0.11884 18.99806 0.10429
0.11934 19.04607 0.10374
0.11985 19.11463 0.10280
0.12036 19.00625 0.10178
0.12086 19.02124 0.10222
0.12137 19.03984 0.10354
0.12188 18.95650 0.10202
0.12238 18.98938 0.10221
0.12289 18.96089 0.10111
0.12340 18.90370 0.10308
0.12390 18.78196 0.09797
0.12441 18.98720 0.09646
0.12492 18.96775 0.09934
0.12542 18.77892 0.10149
0.12593 18.87790 0.09423
0.12644 18.90681 0.09860
0.12694 18.95495 0.09864
0.12745 18.92762 0.09810
0.12796 18.65207 0.09786
0.12846 19.04695 0.09764
0.12897 18.83183 0.09408
0.12948 18.84892 0.09669
0.12998 18.98456 0.09460
0.13049 18.79543 0.09568
0.13100 18.94425 0.09517
0.13150 18.97187 0.09338
0.13201 18.86756 0.09139
0.13252 18.85967 0.09666
0.13302 18.69642 0.09320
0.13353 18.85709 0.09076
0.13404 18.88934 0.09299
0.13454 18.70921 0.09033
0.13505 18.96086 0.09531
0.13556 18.66972 0.09511
0.13606 18.71501 0.09215
0.13657 18.92061 0.09363
0.13708 18.82335 0.09021
0.13758 18.72003 0.09150
0.13809 18.77116 0.09186
0.13860 18.87545 0.08771
0.13911 18.69743 0.08978
0.13961 18.76699 0.09030
0.14012 18.63094 0.09142
0.14063 18.63913 0.09068
0.14113 18.71748 0.08838
0.14164 18.68501 0.08744
0.14215 18.67853 0.09021
0.14265 18.79101 0.08888
0.14316 18.77789 0.08744
0.14367 18.70161 0.08944
0.14417 18.47584 0.08921
0.14468 18.74994 0.09031
0.14519 18.62811 0.08938
0.14569 18.57917 0.08880
0.14620 18.58046 0.08981
0.14671 18.49974 0.08868
0.14721 18.55709 0.08748
0.14772 18.66490 0.08976
0.14823 18.46907 0.08762
0.14873 18.69491 0.08921
0.14924 18.62635 0.08884
0.14975 18.51445 0.08873
0.15025 18.34544 0.08628
0.15076 18.58811 0.08419
0.15127 18.47131 0.08613
0.15177 18.36145 0.08656
0.15228 18.31983 0.08474
0.15279 18.37407 0.08537
0.15329 18.41342 0.08697
0.15380 18.36788 0.08674
0.15431 18.42593 0.08346
0.15481 18.33702 0.08658
0.15532 18.29096 0.08506
0.15583 18.22047 0.08202
0.15633 18.24144 0.08173
0.15684 18.31991 0.08470
0.15735 18.33486 0.08409
0.15785 18.29391 0.08258
0.15836 18.32493 0.08248
0.15887 18.22063 0.08386
0.15937 18.09333 0.08291
0.15988 18.09751 0.08389
0.16039 18.17648 0.08195
0.16089 18.29829 0.08236
0.16140 18.12598 0.08163
0.16191 18.17638 0.08308
0.16241 18.07291 0.08308
0.16292 18.25803 0.08134
0.16343 18.10683 0.08174
0.16393 18.17237 0.08044
0.16444 18.16536 0.08010
0.16495 18.05848 0.08174
0.16545 18.09561 0.08000
0.16596 18.21059 0.08186
0.16647 17.98124 0.08010
0.16697 18.18404 0.08121
0.16748 17.99028 0.08192
0.16799 17.98473 0.07956
0.16849 17.97738 0.07985
0.16900 17.97580 0.07940
0.16951 17.94702 0.08071
0.17001 17.94742 0.08062
0.17052 18.02586 0.08057
0.17103 18.00566 0.08253
0.17153 17.97446 0.08240
0.17204 18.05377 0.08200
0.17255 17.99435 0.08000
0.17305 17.95109 0.08261
0.17356 18.03912 0.08261
0.17407 17.94892 0.08374
0.17457 18.05246 0.08208
0.17508 18.04294 0.08242
0.17559 18.00030 0.08224
0.17610 17.77888 0.08225
0.17660 17.68757 0.08008
0.17711 17.86616 0.08052
0.17762 17.78156 0.08273
0.17812 17.85469 0.08242
0.17863 17.81594 0.08192
0.17914 17.84110 0.08276
0.17964 17.97191 0.08399
0.18015 17.91754 0.08326
0.18066 17.75591 0.08323
0.18116 17.80547 0.08472
0.18167 17.90867 0.08349
0.18218 17.93023 0.08529
0.18268 17.72251 0.08334
0.18319 17.64283 0.08476
0.18370 17.76194 0.08483
0.18420 17.65663 0.08513
0.18471 17.62989 0.08489
0.18522 17.66196 0.08591
0.18572 17.48352 0.08467
0.18623 17.82595 0.08429
0.18674 17.66882 0.08596
0.18724 17.67898 0.08436
0.18775 17.77411 0.08595
0.18826 17.67961 0.08775
0.18876 17.66426 0.08970
0.18927 17.57123 0.08648
0.18978 17.70484 0.08749
0.19028 17.62285 0.09016
0.19079 17.71319 0.08514
0.19130 17.69766 0.08889
0.19180 17.52657 0.08568
0.19231 17.67280 0.08630
0.19282 17.73743 0.08894
0.19332 17.73429 0.09039
0.19383 17.50825 0.08830
0.19434 17.46196 0.08779
0.19484 17.61567 0.08741
0.19535 17.65679 0.08906
0.19586 17.63028 0.08944
0.19636 17.60921 0.08916
0.19687 17.57547 0.08829
0.19738 17.60431 0.08983
0.19788 17.48694 0.08816
0.19839 17.51521 0.08760
0.19890 17.43690 0.08859
0.19940 17.64462 0.08839
0.19991 17.43762 0.08781
0.20042 17.41516 0.08916
0.20092 17.53340 0.09191
0.20143 17.40121 0.08805
0.20194 17.53575 0.08981
0.20244 17.45070 0.08844
0.20295 17.42405 0.08892
0.20346 17.39459 0.09025
0.20396 17.37370 0.09009
0.20447 17.44945 0.08918
0.20498 17.42510 0.09119
0.20548 17.51402 0.09093
0.20599 17.38430 0.09137
0.20650 17.44640 0.08934
0.20700 17.30409 0.08675
0.20751 17.50733 0.08833
0.20802 17.39463 0.08605
0.20852 17.29375 0.08653
0.20903 17.46984 0.08700
0.20954 17.28547 0.08852
0.21004 17.32508 0.08840
0.21055 17.51993 0.09012
0.21106 17.30164 0.08745
0.21156 17.25703 0.08881
0.21207 17.21698 0.08970
0.21258 17.29633 0.08886
0.21308 17.39226 0.08902
0.21359 17.20160 0.08955
0.21410 17.29596 0.08876
0.21460 17.38914 0.09004
0.21511 17.39325 0.08892
0.21562 17.18134 0.08805
0.21612 17.32460 0.09299
0.21663 17.09217 0.08881
0.21714 17.24062 0.08972
0.21764 17.09394 0.08821
0.21815 17.10879 0.08791
0.21866 17.14082 0.08881
0.21916 17.23399 0.08857
0.21967 17.12683 0.08865
0.22018 17.23535 0.08767
0.22068 17.16595 0.08643
0.22119 17.12692 0.08748
0.22170 17.21233 0.08989
0.22220 17.02594 0.08596
0.22271 17.08988 0.08683
0.22322 17.05801 0.08530
0.22372 17.03223 0.08655
0.22423 17.00324 0.08500
0.22474 16.96062 0.08442
0.22524 17.05878 0.08626
0.22575 17.13094 0.08654
0.22626 16.81148 0.08530
0.22676 17.06372 0.08485
0.22727 17.05113 0.08592
0.22778 16.90710 0.08714
0.22828 16.97381 0.08264
0.22879 16.88948 0.08424
0.22930 16.93851 0.08344
0.22980 16.94494 0.08361
0.23031 16.99579 0.08384
0.23082 16.95627 0.08332
0.23132 16.89177 0.08509
0.23183 17.03107 0.08234
0.23234 16.79218 0.08120
0.23284 16.96075 0.08170
0.23335 16.82186 0.08204
0.23386 16.93593 0.07984
0.23436 16.97923 0.08297
0.23487 16.84742 0.08129
0.23538 16.98153 0.08243
0.23588 16.76310 0.08133
0.23639 16.75458 0.07901
0.23690 16.91289 0.08131
0.23740 16.88000 0.07983
0.23791 16.68681 0.08010
0.23842 16.86392 0.08067
0.23892 16.79660 0.08210
0.23943 16.72795 0.07943
0.23994 16.87452 0.08100
0.24044 16.68445 0.07925
0.24095 16.79082 0.08123
0.24145 16.79945 0.07716
0.24196 16.75745 0.07806
0.24247 16.90732 0.07994
0.24297 16.92874 0.07648
0.24348 16.70363 0.07738
0.24399 16.73671 0.07846
0.24449 16.61249 0.07935
0.24500 16.69654 0.07631
0.24551 16.73565 0.07828
0.24601 16.65204 0.07602
0.24652 16.67747 0.07847
0.24703 16.60641 0.07621
0.24753 16.61947 0.07779
0.24804 16.52487 0.07617
0.24855 16.71057 0.07740
0.24905 16.65004 0.07504
0.24956 16.61648 0.07590
0.25007 16.50813 0.07674
0.25057 16.71919 0.07611
0.25108 16.56135 0.07823
0.25159 16.55141 0.07746
0.25209 16.54135 0.07507
0.25260 16.63583 0.07512
0.25311 16.50932 0.07638
0.25361 16.48443 0.07569
0.25412 16.51487 0.07466
0.25463 16.41638 0.07596
0.25513 16.60516 0.07688
0.25564 16.44984 0.07285
0.25615 16.44039 0.07475
0.25665 16.63290 0.07383
0.25716 16.40559 0.07449
0.25767 16.40006 0.07296
0.25817 16.50859 0.07221
0.25868 16.56082 0.07422
0.25919 16.46618 0.07365
0.25969 16.48064 0.07328
0.26020 16.44811 0.07301
0.26071 16.47309 0.07330
0.26121 16.42904 0.07180
0.26172 16.32456 0.07185
0.26223 16.48361 0.07365
0.26273 16.36120 0.07192
0.26324 16.37338 0.07237
0.26375 16.45431 0.07253
0.26425 16.40172 0.07236
0.26476 16.38213 0.07140
0.26527 16.38282 0.07049
0.26577 16.43774 0.07128
0.26628 16.24879 0.07131
0.26679 16.31839 0.07058
0.26729 16.28734 0.07005
0.26780 16.39774 0.07101
0.26831 16.33853 0.07101
0.26881 16.32499 0.07130
0.26932 16.21128 0.07322
0.26983 16.11653 0.07151
0.27033 16.26635 0.07023
0.27084 16.19062 0.07077
0.27134 16.32075 0.07113
0.27185 16.08515 0.06928
0.27236 16.00244 0.07019
0.27286 16.18411 0.07022
0.27337 16.16348 0.07125
0.27388 16.12444 0.06951
0.27438 16.14131 0.07033
0.27489 16.02555 0.06881
0.27540 16.21605 0.07033
0.27590 16.13427 0.06949
0.27641 16.21341 0.06976
0.27692 16.00226 0.06840
0.27742 16.01637 0.06972
0.27793 16.16277 0.06900
0.27844 16.04952 0.06926
0.27894 16.06936 0.06736
0.27945 16.07577 0.06793
0.27996 16.05889 0.06839
0.28046 16.14483 0.06910
0.28097 15.92928 0.06750
0.28148 16.04138 0.06963
0.28198 16.07381 0.06880
0.28249 15.98870 0.06869
0.28300 16.00158 0.06733
0.28350 15.93374 0.06872
0.28401 16.02159 0.06772
0.28452 16.01899 0.06817
0.28502 15.91042 0.06585
0.28553 15.83539 0.06772
0.28604 15.78685 0.06587
0.28654 15.81374 0.06697
0.28705 15.94256 0.06644
0.28756 15.86479 0.06660
0.28806 15.91114 0.06851
0.28857 15.87714 0.06664
0.28908 15.87763 0.06684
0.28958 15.92949 0.06740
0.29009 15.80711 0.06847
0.29059 15.72109 0.06876
0.29110 15.85407 0.06742
0.29161 15.77761 0.06578
0.29211 15.81535 0.06777
0.29262 15.82315 0.06781
0.29313 15.84852 0.06750
0.29363 15.67426 0.06621
0.29414 15.81948 0.06801
0.29465 15.71907 0.06751
0.29515 15.79428 0.06757
0.29566 15.77718 0.06843
0.29617 15.68198 0.06797
0.29667 15.70847 0.06904
0.29718 15.69772 0.06980
0.29769 15.73224 0.06750
0.29819 15.67428 0.06822
0.29870 15.62970 0.06785
0.29921 15.64170 0.06758
0.29971 15.62357 0.06897
0.30022 15.56881 0.06868
0.30073 15.53078 0.06848
0.30123 15.62257 0.06746
0.30174 15.61000 0.06737
0.30225 15.53128 0.06842
0.30275 15.46475 0.06747
0.30326 15.56065 0.06585
0.30377 15.38936 0.06622
0.30427 15.36197 0.06585
0.30478 15.49981 0.06749
0.30529 15.47164 0.06647
0.30579 15.41563 0.06562
0.30630 15.37259 0.06464
0.30680 15.46778 0.06739
0.30731 15.53382 0.06633
0.30782 15.45580 0.06622
0.30832 15.29137 0.06526
0.30883 15.44785 0.06519
0.30934 15.41433 0.06446
0.30984 15.30076 0.06531
0.31035 15.47832 0.06776
0.31086 15.38744 0.06774
0.31136 15.31406 0.06741
0.31187 15.41320 0.06707
0.31238 15.29716 0.06833
0.31288 15.24614 0.06803
0.31339 15.44658 0.07168
0.31390 15.48876 0.07086
0.31440 15.35181 0.06987
0.31491 15.27569 0.06981
0.31542 15.24402 0.07026
0.31592 15.28127 0.07008
0.31643 15.25232 0.07033
0.31694 15.20461 0.07123
0.31744 15.29643 0.07046
0.31795 15.21298 0.07125
0.31845 15.31897 0.07218
0.31896 15.19072 0.07215
0.31947 15.19141 0.07158
0.31997 15.30735 0.07160
0.32048 15.18583 0.07202
0.32099 15.17534 0.07309
0.32149 15.15023 0.07173
0.32200 15.11169 0.07270
0.32251 15.20956 0.07044
0.32301 15.03304 0.07335
0.32352 15.15073 0.07104
0.32403 15.16332 0.07241
0.32453 15.09535 0.07211
0.32504 15.27336 0.07197
0.32555 15.13934 0.07280
0.32605 15.20889 0.07028
0.32656 15.15885 0.07176
0.32707 15.17742 0.07115
0.32757 15.19897 0.07072
0.32808 15.08280 0.07149
0.32859 14.98061 0.07390
0.32909 15.21169 0.07078
0.32960 15.10019 0.07104
0.33010 15.17094 0.07284
0.33061 15.08501 0.07271
0.33112 15.07509 0.07355
0.33162 15.15975 0.07332
0.33213 14.93417 0.07294
0.33264 15.13797 0.07164
0.33314 15.10011 0.07348
0.33365 14.93652 0.07156
0.33416 14.94873 0.07203
0.33466 14.93059 0.07245
0.33517 15.03168 0.07275
0.33568 15.04111 0.07375
0.33618 14.99895 0.07209
0.33669 14.99544 0.07336
0.33720 14.91896 0.07258
0.33770 15.10665 0.07308
0.33821 14.83893 0.07209
0.33872 14.88677 0.07395
0.33922 14.96593 0.07123
0.33973 14.87279 0.07268
0.34023 14.99478 0.07212
0.34074 14.97722 0.07289
0.34125 14.82582 0.07424
0.34175 15.01869 0.07296
0.34226 14.88415 0.07339
0.34277 14.98400 0.07460
0.34327 14.92269 0.07463
0.34378 14.83303 0.07110
0.34429 14.84417 0.07333
0.34479 14.91173 0.07374
0.34530 14.89985 0.07194
0.34581 14.84193 0.07239
0.34631 14.82751 0.07413
0.34682 14.75275 0.07302
0.34733 14.81509 0.07352
0.34783 14.89495 0.07427
0.34834 14.74419 0.07322
0.34884 14.78517 0.07247
0.34935 14.72545 0.07633
0.34986 14.66280 0.07359
0.35036 14.68875 0.07409
0.35087 14.65409 0.07475
0.35138 14.68053 0.07421
0.35188 14.79650 0.07589
0.35239 14.90312 0.07415
0.35290 14.71848 0.07191
0.35340 14.62775 0.07151
0.35391 14.58235 0.07197
0.35442 14.51024 0.07054
0.35492 14.74612 0.07123
0.35543 14.59507 0.07094
0.35594 14.60788 0.07130
0.35644 14.61123 0.06946
0.35695 14.59857 0.07171
0.35745 14.57827 0.07054
0.35796 14.53690 0.07141
0.35847 14.50805 0.07060
0.35897 14.56148 0.07172
0.35948 14.64772 0.07205
0.35999 14.44895 0.07135
0.36049 14.52802 0.07210
0.36100 14.56762 0.07161
0.36151 14.45088 0.07177
0.36201 14.60361 0.07203
0.36252 14.45442 0.07049
0.36303 14.54419 0.07196
0.36353 14.59239 0.06937
0.36404 14.49169 0.07206
0.36455 14.43704 0.07205
0.36505 14.40899 0.07184
0.36556 14.60576 0.07432
0.36606 14.46708 0.07349
0.36657 14.53315 0.07269
0.36708 14.38676 0.07310
0.36758 14.32470 0.07651
0.36809 14.45955 0.07615
0.36860 14.37917 0.07711
0.36910 14.32150 0.07818
0.36961 14.20686 0.07866
0.37012 14.36239 0.07772
0.37062 14.25364 0.07811
0.37113 14.25063 0.07584
0.37164 14.30932 0.07457
0.37214 14.18558 0.07383
0.37265 14.40360 0.07634
0.37315 14.26971 0.07546
0.37366 14.36529 0.07690
0.37417 14.33823 0.07639
0.37467 14.22055 0.07749
0.37518 14.39693 0.07834
0.37569 14.33432 0.07868
0.37619 14.31555 0.07813
0.37670 14.34574 0.07996
0.37721 14.13709 0.07717
0.37771 14.17133 0.07681
0.37822 14.19106 0.07972
0.37873 14.16403 0.07909
0.37923 14.22080 0.08080
0.37974 14.15500 0.07898
0.38024 14.24268 0.08042
0.38075 14.32446 0.08116
0.38126 14.19006 0.08386
0.38176 14.02405 0.08102
0.38227 14.09462 0.08189
0.38278 14.05085 0.08409
0.38328 14.10703 0.08168
0.38379 14.18532 0.08130
0.38430 14.22310 0.08399
0.38480 14.08544 0.08228
0.38531 14.14203 0.08380
0.38582 14.23014 0.08572
0.38632 14.06885 0.08524
0.38683 13.99094 0.08343
0.38733 14.09509 0.08185
0.38784 14.06862 0.08508
0.38835 14.12712 0.08402
0.38885 13.93906 0.08487
0.38936 14.01494 0.08855
0.38987 14.06511 0.08793
0.39037 13.97546 0.08503
0.39088 14.05590 0.08584
0.39139 14.14044 0.08992
0.39189 13.88435 0.08931
0.39240 13.89158 0.08648
0.39290 14.08327 0.08864
0.39341 13.81095 0.08818
0.39392 14.04556 0.08877
0.39442 13.87293 0.08913
0.39493 14.11752 0.09111
0.39544 13.78363 0.08958
0.39594 13.99174 0.09268
0.39645 13.90830 0.09350
0.39696 13.96065 0.09207
0.39746 13.75990 0.09235
0.39797 13.86831 0.09377
0.39847 13.92484 0.09122
0.39898 14.00937 0.09141
0.39949 13.97818 0.09403
0.39999 13.66355 0.09559
0.40050 13.79307 0.09653
0.40101 13.85316 0.09800
0.40151 13.76405 0.09504
0.40202 13.73523 0.09549
0.40253 13.79561 0.09392
0.40303 13.71730 0.09639
0.40354 13.78618 0.09661
0.40405 13.77971 0.09944
0.40455 13.95349 0.09634
0.40506 13.74136 0.09798
0.40556 13.75666 0.09857
0.40607 13.65452 0.09837
0.40658 13.61461 0.09761
0.40708 13.77438 0.09817
0.40759 13.73179 0.09935
0.40810 13.71414 0.09984
0.40860 13.58808 0.10455
0.40911 13.70064 0.10317
0.40962 13.63006 0.10050
0.41012 13.67507 0.10221
0.41063 13.66281 0.10006
0.41113 13.52481 0.10338
0.41164 13.68188 0.10140
0.41215 13.61079 0.10107
0.41265 13.44757 0.09623
0.41316 13.70230 0.10214
0.41367 13.78689 0.10357
0.41417 13.68140 0.10267
0.41468 13.45010 0.10624
0.41518 13.60745 0.10110
0.41569 13.45917 0.09927
0.41620 13.29930 0.10166
0.41670 13.54587 0.10452
0.41721 13.44196 0.10498
0.41772 13.44502 0.10437
0.41822 13.57517 0.10301
0.41873 13.51088 0.10651
0.41924 13.49965 0.11212
0.41974 13.23277 0.10498
0.42025 13.49969 0.10791
0.42075 13.41640 0.11109
0.42126 13.41097 0.10481
0.42177 13.51476 0.10780
0.42227 13.22228 0.11252
0.42278 13.48543 0.11283
0.42329 13.49239 0.10743
0.42379 13.42849 0.11317
0.42430 13.47113 0.11520
0.42481 13.39933 0.11249
0.42531 13.32590 0.11207
0.42582 13.44047 0.10745
0.42632 13.25469 0.11190
0.42683 13.28049 0.11542
0.42734 13.55543 0.11446
0.42784 13.36726 0.11472
0.42835 13.40070 0.10925
0.42886 13.34797 0.11783
0.42936 13.36889 0.12217
0.42987 13.15402 0.11928
0.43037 13.29257 0.12059
0.43088 13.49391 0.11909
0.43139 13.41489 0.11920
0.43189 13.19290 0.12336
0.43240 13.23443 0.11652
0.43291 13.40369 0.12474
0.43341 13.23457 0.12984
0.43392 13.50160 0.12821
0.43443 13.15373 0.13071
0.43493 13.43071 0.13556
0.43544 12.99117 0.12763
0.43594 13.07809 0.12372
0.43645 13.03065 0.12841
0.43696 13.27059 0.13377
0.43746 13.33266 0.13430
0.43797 13.21871 0.13299
0.43848 13.15484 0.14335
0.43898 13.13875 0.13106
0.43949 13.09821 0.13901
0.43999 13.08632 0.13762
