0.01140 1589.43193 66.52275
0.01191 1107.42445 51.10902
0.01242 720.78597 53.66573
0.01292 435.85273 39.85369
0.01343 291.81570 26.91649
0.01394 222.26288 19.77059
0.01444 184.20457 16.15224
0.01495 149.60591 13.21227
0.01546 116.09438 8.72745
0.01596 109.56434 8.08284
0.01647 97.58027 6.44930
0.01698 83.42313 4.80321
0.01748 75.93494 4.09456
0.01799 69.02548 3.42422
0.01850 66.39002 2.87934
0.01900 58.85930 2.24992
0.01951 56.94749 1.95653
0.02002 54.02657 1.69891
0.02052 50.52081 1.39374
0.02103 49.82045 1.21171
0.02154 46.35506 0.90083
0.02204 45.50825 0.86790
0.02255 43.95035 0.66984
0.02306 43.17464 0.60817
0.02356 41.69443 0.59277
0.02407 40.57102 0.51969
0.02458 39.78558 0.47026
0.02509 38.91236 0.42092
0.02559 38.66763 0.41103
0.02610 38.25687 0.38233
0.02661 37.36031 0.32876
0.02711 36.80054 0.30810
0.02762 36.05504 0.30441
0.02813 35.90697 0.29957
0.02863 35.16092 0.28567
0.02914 34.94297 0.26522
0.02965 34.34491 0.27404
0.03015 33.92378 0.25620
0.03066 33.73556 0.27691
0.03117 33.52083 0.25534
0.03167 33.11261 0.26558
0.03218 33.40652 0.25822
0.03269 32.37220 0.25100
0.03319 32.74162 0.24154
0.03370 32.28231 0.25911
0.03421 31.87409 0.23304
0.03471 31.85991 0.24095
0.03522 32.18712 0.23527
0.03573 31.36190 0.23978
0.03623 31.41448 0.24839
0.03674 31.33554 0.23046
0.03725 30.77551 0.22482
0.03775 30.90051 0.23379
0.03826 31.36137 0.23184
0.03877 30.75218 0.21028
0.03927 30.47448 0.22949
0.03978 30.72323 0.20538
0.04029 30.23001 0.21823
0.04080 29.85291 0.20478
0.04130 29.60284 0.21286
0.04181 29.88600 0.20566
0.04232 29.72346 0.20322
0.04282 29.67023 0.21191
0.04333 29.70243 0.21051
0.04384 29.59966 0.19873
0.04434 29.51052 0.19198
0.04485 29.24473 0.19732
0.04536 29.27667 0.20165
0.04586 29.22934 0.19153
0.04637 29.09803 0.20214
0.04688 28.96344 0.19417
0.04738 28.52831 0.19288
0.04789 28.78650 0.19850
0.04840 28.57436 0.18354
0.04890 28.95778 0.19808
0.04941 28.80197 0.18114
0.04992 28.54731 0.17725
0.05042 28.46011 0.18223
0.05093 28.66440 0.18989
0.05144 28.61377 0.17141
0.05194 28.47604 0.18095
0.05245 28.31471 0.17471
0.05296 28.28160 0.17265
0.05346 28.43477 0.17459
0.05397 27.93290 0.17428
0.05448 28.39460 0.18023
0.05498 28.03745 0.17170
0.05549 27.86927 0.16673
0.05600 27.90078 0.17440
0.05650 27.74195 0.16871
0.05701 27.88517 0.16546
0.05752 27.65661 0.16259
0.05803 27.83507 0.16311
0.05853 27.52254 0.16717
0.05904 27.45349 0.16842
0.05955 27.41564 0.17600
0.06005 27.30590 0.15750
0.06056 27.48377 0.16593
0.06107 27.23191 0.16388
0.06157 27.32266 0.16175
0.06208 27.11708 0.15683
0.06259 27.04310 0.16322
0.06309 27.28656 0.15763
0.06360 27.48595 0.15761
0.06411 27.15682 0.15525
0.06461 26.77575 0.15922
0.06512 26.99264 0.15539
0.06563 26.61238 0.16023
0.06613 26.93300 0.15108
0.06664 26.72572 0.15098
0.06715 26.73289 0.15116
0.06765 26.61272 0.15937
0.06816 26.63870 0.14825
0.06867 26.59677 0.15237
0.06917 26.70092 0.15110
0.06968 26.54753 0.14714
0.07019 26.54830 0.14296
0.07069 26.39670 0.14971
0.07120 26.34723 0.14777
0.07171 25.96050 0.14777
0.07221 26.39202 0.14787
0.07272 26.35280 0.14660
0.07323 26.33853 0.14074
0.07373 26.21616 0.14255
0.07424 26.12598 0.14352
0.07475 25.91905 0.13842
0.07526 26.03911 0.14204
0.07576 25.80697 0.14582
0.07627 26.03325 0.14018
0.07678 26.00287 0.13570
0.07728 25.92936 0.14196
0.07779 25.71684 0.14061
0.07830 26.00019 0.13979
0.07880 25.73063 0.13194
0.07931 25.71431 0.13606
0.07982 25.82086 0.14027
0.08032 25.67772 0.13082
0.08083 25.75816 0.14257
0.08134 25.72130 0.13683
0.08184 25.50509 0.13879
0.08235 25.38881 0.14371
0.08286 25.57931 0.13898
0.08336 25.44791 0.13508
0.08387 25.42914 0.13243
0.08438 25.29924 0.13774
0.08488 25.52805 0.13667
0.08539 25.29692 0.13874
0.08590 25.33085 0.13770
0.08640 25.37765 0.13900
0.08691 25.43721 0.13723
0.08742 24.83965 0.13793
0.08792 25.11378 0.13751
0.08843 24.94414 0.13301
0.08894 25.08443 0.13667
0.08944 25.11484 0.13849
0.08995 24.75583 0.14297
0.09046 25.19610 0.13966
0.09096 24.92346 0.14071
0.09147 24.90314 0.14406
0.09198 24.91257 0.13897
0.09248 24.64810 0.13839
0.09299 24.83930 0.14145
0.09350 24.61809 0.14424
0.09401 24.81763 0.14418
0.09451 24.91959 0.13830
0.09502 24.67950 0.13989
0.09553 24.62239 0.14234
0.09603 24.53429 0.14221
0.09654 24.62923 0.13952
0.09705 24.33556 0.13680
0.09755 24.64131 0.13844
0.09806 24.31763 0.14189
0.09857 24.25644 0.13696
0.09907 24.59470 0.13609
0.09958 24.45970 0.13434
0.10009 24.36444 0.13786
0.10059 24.15932 0.13529
0.10110 24.37383 0.13706
0.10161 24.13474 0.13522
0.10211 24.09359 0.13326
0.10262 24.20820 0.12789
0.10313 24.20110 0.12964
0.10363 24.20210 0.13326
0.10414 24.15732 0.13301
0.10465 24.02061 0.13544
0.10515 24.01768 0.13385
0.10566 24.05742 0.14030
0.10617 24.04558 0.13108
0.10667 23.72674 0.12821
0.10718 23.98382 0.13065
0.10769 23.90672 0.12438
0.10819 23.93115 0.12981
0.10870 23.88261 0.13068
0.10921 23.71845 0.12432
0.10971 23.64716 0.12256
0.11022 23.62651 0.12305
0.11073 23.75891 0.12217
0.11123 23.60993 0.12013
0.11174 23.70201 0.12120
0.11225 23.71331 0.11847
0.11275 23.83759 0.12154
0.11326 23.57304 0.12191
0.11377 23.54387 0.11758
0.11428 23.57072 0.11897
0.11478 23.58660 0.11700
0.11529 23.48928 0.11795
0.11580 23.63352 0.11942
0.11630 23.36144 0.11599
0.11681 23.41713 0.11709
0.11732 23.43605 0.11844
0.11782 23.53273 0.11479
0.11833 23.37457 0.11682
0.11884 23.32068 0.11620
0.11934 23.32439 0.11592
0.11985 23.18271 0.11399
0.12036 23.26860 0.11468
0.12086 23.38956 0.11683
0.12137 23.10500 0.11484
0.12188 23.14102 0.11052
0.12238 23.11732 0.11396
0.12289 22.95242 0.11226
0.12340 23.10575 0.11275
0.12390 23.11063 0.11351
0.12441 23.17488 0.11305
0.12492 22.84944 0.11016
0.12542 22.78919 0.10885
0.12593 22.68974 0.10427
0.12644 23.00858 0.10779
0.12694 23.25595 0.10856
0.12745 22.79547 0.10667
0.12796 22.98133 0.10826
0.12846 22.80905 0.10815
0.12897 22.93937 0.10620
0.12948 22.68058 0.10696
0.12998 22.92841 0.10831
0.13049 22.78628 0.10648
0.13100 22.80668 0.10787
0.13150 22.75359 0.10228
0.13201 22.75384 0.10543
0.13252 22.81033 0.10296
0.13302 22.68445 0.10292
0.13353 22.64137 0.10176
0.13404 22.56582 0.10055
0.13454 22.46395 0.10206
0.13505 22.48188 0.10169
0.13556 22.64084 0.10252
0.13606 22.62326 0.10182
0.13657 22.49082 0.10200
0.13708 22.55130 0.10225
0.13758 22.40534 0.10247
0.13809 22.32327 0.10064
0.13860 22.44562 0.09812
0.13911 22.35248 0.09862
0.13961 22.15065 0.09916
0.14012 22.29550 0.10178
0.14063 22.22281 0.09913
0.14113 22.14299 0.09879
0.14164 22.17589 0.10029
0.14215 22.13363 0.09467
0.14265 22.18440 0.09630
0.14316 22.25909 0.09883
0.14367 22.16879 0.10019
0.14417 21.99745 0.09706
0.14468 22.12822 0.09700
0.14519 21.90761 0.09905
0.14569 22.04525 0.09779
0.14620 22.12081 0.09853
0.14671 21.91261 0.09500
0.14721 22.00792 0.09787
0.14772 21.78088 0.09521
0.14823 21.78332 0.09577
0.14873 21.76952 0.09512
0.14924 21.68777 0.09556
0.14975 21.78487 0.09498
0.15025 21.79910 0.09610
0.15076 21.73802 0.09231
0.15127 21.47480 0.09161
0.15177 21.58565 0.09177
0.15228 21.67339 0.09408
0.15279 21.65127 0.09143
0.15329 21.43303 0.09085
0.15380 21.41615 0.09194
0.15431 21.50904 0.09146
0.15481 21.50312 0.09215
0.15532 21.43280 0.09115
0.15583 21.28234 0.08984
0.15633 21.32734 0.08958
0.15684 21.41207 0.08983
0.15735 21.35839 0.08878
0.15785 21.31665 0.09015
0.15836 21.11970 0.08659
0.15887 21.06668 0.08912
0.15937 21.22932 0.09210
0.15988 21.07496 0.08802
0.16039 20.99616 0.08611
0.16089 21.02872 0.08947
0.16140 20.98217 0.08782
0.16191 20.97510 0.08850
0.16241 20.95391 0.08873
0.16292 20.95184 0.08849
0.16343 20.91832 0.08943
0.16393 20.84566 0.08938
0.16444 20.79256 0.08857
0.16495 20.82973 0.08672
0.16545 20.68926 0.08930
0.16596 20.80287 0.08803
0.16647 20.72742 0.08660
0.16697 20.68311 0.08734
0.16748 20.68786 0.08656
0.16799 20.61559 0.08696
0.16849 20.77658 0.08561
0.16900 20.74089 0.08559
0.16951 20.59866 0.08704
0.17001 20.61880 0.08809
0.17052 20.55501 0.08696
0.17103 20.62615 0.08624
0.17153 20.63630 0.08892
0.17204 20.46984 0.08637
0.17255 20.50272 0.08848
0.17305 20.49621 0.08795
0.17356 20.31188 0.08722
0.17407 20.37871 0.08635
0.17457 20.49655 0.08669
0.17508 20.28676 0.08611
0.17559 20.33378 0.08578
0.17610 20.45053 0.08876
0.17660 20.28450 0.08779
0.17711 20.14386 0.08723
0.17762 20.30613 0.08719
0.17812 20.36197 0.08923
0.17863 20.30806 0.08901
0.17914 20.19829 0.08905
0.17964 20.11940 0.08792
0.18015 20.12842 0.08926
0.18066 20.19265 0.08899
0.18116 19.96792 0.08813
0.18167 20.10750 0.09091
0.18218 20.15631 0.09022
0.18268 19.99137 0.08984
0.18319 20.01949 0.08990
0.18370 20.15062 0.09016
0.18420 19.97804 0.09285
0.18471 20.12985 0.09130
0.18522 19.99996 0.09186
0.18572 19.93594 0.09068
0.18623 20.06891 0.09092
0.18674 19.77068 0.09253
0.18724 19.98982 0.09320
0.18775 19.96562 0.09162
0.18826 19.73817 0.09080
0.18876 19.79925 0.09318
0.18927 19.83521 0.09413
0.18978 19.71246 0.09411
0.19028 19.76667 0.09449
0.19079 19.78805 0.09356
0.19130 19.60819 0.09282
0.19180 19.67042 0.09230
0.19231 19.70769 0.09129
0.19282 19.76418 0.09569
0.19332 19.65418 0.09225
0.19383 19.52360 0.09041
0.19434 19.62100 0.09344
0.19484 19.66388 0.09353
0.19535 19.63630 0.09569
0.19586 19.54947 0.09497
0.19636 19.40984 0.09509
0.19687 19.57437 0.09323
0.19738 19.48792 0.09118
0.19788 19.46956 0.09381
0.19839 19.42570 0.09399
0.19890 19.44359 0.09389
0.19940 19.56113 0.09166
0.19991 19.33985 0.09303
0.20042 19.44468 0.09348
0.20092 19.39528 0.09351
0.20143 19.28140 0.09281
0.20194 19.48269 0.09373
0.20244 19.32938 0.09281
0.20295 19.34033 0.09307
0.20346 19.28810 0.09384
0.20396 19.16155 0.09517
0.20447 19.17411 0.09203
0.20498 19.27462 0.09540
0.20548 19.16135 0.09436
0.20599 19.32005 0.09467
0.20650 19.11784 0.09833
0.20700 19.10281 0.09776
0.20751 19.15952 0.09278
0.20802 19.13437 0.09296
0.20852 19.04315 0.09019
0.20903 19.01784 0.09291
0.20954 18.88293 0.09127
0.21004 18.99724 0.09408
0.21055 19.00902 0.09340
0.21106 18.95941 0.09062
0.21156 19.07838 0.09141
0.21207 18.84974 0.09233
0.21258 18.94505 0.09333
0.21308 18.59289 0.09175
0.21359 18.98191 0.09261
0.21410 18.88048 0.09166
0.21460 18.84317 0.09299
0.21511 19.02818 0.09107
0.21562 18.82343 0.09017
0.21612 18.77476 0.09364
0.21663 18.83460 0.09308
0.21714 18.80063 0.09129
0.21764 18.85273 0.09357
0.21815 18.84649 0.09123
0.21866 18.73004 0.09523
0.21916 18.76988 0.09418
0.21967 18.77156 0.09301
0.22018 18.75296 0.09150
0.22068 18.61379 0.09464
0.22119 18.75923 0.09012
0.22170 18.62008 0.09164
0.22220 18.54472 0.09070
0.22271 18.70982 0.09312
0.22322 18.32979 0.08836
0.22372 18.56438 0.09432
0.22423 18.48499 0.08931
0.22474 18.38752 0.08980
0.22524 18.38431 0.08840
0.22575 18.40021 0.09025
0.22626 18.43561 0.08812
0.22676 18.40116 0.08931
0.22727 18.35039 0.09054
0.22778 18.44565 0.08681
0.22828 18.32031 0.08846
0.22879 18.46955 0.08648
0.22930 18.34405 0.08807
0.22980 18.36115 0.08758
0.23031 18.11700 0.08701
0.23082 18.17572 0.08582
0.23132 18.11240 0.08396
0.23183 18.17713 0.08533
0.23234 18.25543 0.08768
0.23284 18.22313 0.08577
0.23335 18.29837 0.08439
0.23386 18.08680 0.08340
0.23436 18.15188 0.08484
0.23487 18.12499 0.08281
0.23538 17.93056 0.08466
0.23588 18.08670 0.08505
0.23639 18.08845 0.08303
0.23690 18.18491 0.08518
0.23740 18.03478 0.08318
0.23791 18.03926 0.08104
0.23842 17.84736 0.08160
0.23892 17.88282 0.08365
0.23943 17.97632 0.08540
0.23994 17.86326 0.08331
0.24044 18.02744 0.08394
0.24095 17.97926 0.08308
0.24145 17.98144 0.08166
0.24196 17.99111 0.07990
0.24247 17.83905 0.08258
0.24297 17.88391 0.07962
0.24348 17.96185 0.08193
0.24399 17.81095 0.08145
0.24449 17.79167 0.08300
0.24500 17.85189 0.07983
0.24551 17.82912 0.08051
0.24601 17.81019 0.08092
0.24652 17.89450 0.08109
0.24703 17.68769 0.07980
0.24753 17.77524 0.07904
0.24804 17.71826 0.07965
0.24855 17.61399 0.07909
0.24905 17.65390 0.08020
0.24956 17.76252 0.07828
0.25007 17.47070 0.07914
0.25057 17.80338 0.07897
0.25108 17.57476 0.07712
0.25159 17.46331 0.07709
0.25209 17.63628 0.07772
0.25260 17.64534 0.07834
0.25311 17.66642 0.07908
0.25361 17.43749 0.07701
0.25412 17.40672 0.07705
0.25463 17.60412 0.07777
0.25513 17.46758 0.07799
0.25564 17.54075 0.07795
0.25615 17.43470 0.07752
0.25665 17.40424 0.07802
0.25716 17.46957 0.07592
0.25767 17.35942 0.07539
0.25817 17.40192 0.07317
0.25868 17.48153 0.07596
0.25919 17.39231 0.07446
0.25969 17.26663 0.07335
0.26020 17.27897 0.07423
0.26071 17.36731 0.07516
0.26121 17.41113 0.07535
0.26172 17.50875 0.07611
0.26223 17.30360 0.07457
0.26273 17.32198 0.07399
0.26324 17.35515 0.07369
0.26375 17.28340 0.07361
0.26425 17.26847 0.07360
0.26476 17.15102 0.07222
0.26527 17.27300 0.07479
0.26577 17.24219 0.07406
0.26628 17.13942 0.07407
0.26679 17.16479 0.07359
0.26729 17.21502 0.07183
0.26780 16.98289 0.07148
0.26831 17.23351 0.07228
0.26881 17.24885 0.07231
0.26932 17.07707 0.07251
0.26983 17.13264 0.07326
0.27033 17.05586 0.07205
0.27084 17.06290 0.07049
0.27134 16.92846 0.07440
0.27185 17.11472 0.07276
0.27236 16.91836 0.07086
0.27286 17.07246 0.07198
0.27337 16.97193 0.07091
0.27388 16.89091 0.07147
0.27438 16.90492 0.07146
0.27489 16.94018 0.07160
0.27540 16.84252 0.07005
0.27590 16.90028 0.07165
0.27641 17.03843 0.07087
0.27692 16.99861 0.07061
0.27742 16.85359 0.07059
0.27793 16.88780 0.07087
0.27844 16.72895 0.06907
0.27894 16.95289 0.07004
0.27945 16.81889 0.07001
0.27996 16.88178 0.07070
0.28046 16.88956 0.07006
0.28097 16.76819 0.07093
0.28148 16.80000 0.06934
0.28198 16.81933 0.06862
0.28249 16.79830 0.06965
0.28300 16.79777 0.07190
0.28350 16.81341 0.06907
0.28401 16.68198 0.06881
0.28452 16.72335 0.06884
0.28502 16.75885 0.06870
0.28553 16.61371 0.06717
0.28604 16.70504 0.06895
0.28654 16.66138 0.06833
0.28705 16.56140 0.06902
0.28756 16.60389 0.06872
0.28806 16.58144 0.06749
0.28857 16.64696 0.06983
0.28908 16.65405 0.07016
0.28958 16.64505 0.06925
0.29009 16.49587 0.06824
0.29059 16.47987 0.06981
0.29110 16.45540 0.06899
0.29161 16.35152 0.06768
0.29211 16.40754 0.06753
0.29262 16.46805 0.06917
0.29313 16.54294 0.07055
0.29363 16.40736 0.06734
0.29414 16.35333 0.06923
0.29465 16.53069 0.06837
0.29515 16.34933 0.06895
0.29566 16.47590 0.07010
0.29617 16.29336 0.06974
0.29667 16.34341 0.06880
0.29718 16.31826 0.06849
0.29769 16.34598 0.07008
0.29819 16.28320 0.06856
0.29870 16.25222 0.06825
0.29921 16.37967 0.06765
0.29971 16.29049 0.06853
0.30022 16.23506 0.06889
0.30073 16.21461 0.06948
0.30123 16.16960 0.06899
0.30174 16.35817 0.06880
0.30225 16.16559 0.06805
0.30275 16.21963 0.06804
0.30326 16.10124 0.06728
0.30377 16.12276 0.06709
0.30427 16.03801 0.06742
0.30478 16.16063 0.06820
0.30529 16.00158 0.06669
0.30579 16.05689 0.06772
0.30630 16.13709 0.06639
0.30680 16.12449 0.06768
0.30731 15.95708 0.06659
0.30782 16.09911 0.06814
0.30832 15.98570 0.06805
0.30883 15.91410 0.06712
0.30934 16.08933 0.06892
0.30984 16.00966 0.06815
0.31035 15.89731 0.06945
0.31086 15.92254 0.06803
0.31136 15.94664 0.06990
0.31187 16.01209 0.06936
0.31238 15.87710 0.07106
0.31288 15.84952 0.06867
0.31339 15.88032 0.07165
0.31390 16.02212 0.07314
0.31440 15.97934 0.07140
0.31491 15.87368 0.07166
0.31542 15.85531 0.07035
0.31592 15.88374 0.07236
0.31643 15.92182 0.07295
0.31694 15.90033 0.07186
0.31744 15.76735 0.07349
0.31795 15.81955 0.07386
0.31845 15.87294 0.07364
0.31896 15.81377 0.07427
0.31947 15.82322 0.07307
0.31997 15.61237 0.07139
0.32048 15.76274 0.07419
0.32099 15.74282 0.07303
0.32149 15.71743 0.07354
0.32200 15.77728 0.07363
0.32251 15.74600 0.07278
0.32301 15.67125 0.07387
0.32352 15.71910 0.07525
0.32403 15.74785 0.07390
0.32453 15.72420 0.07427
0.32504 15.64418 0.07254
0.32555 15.72477 0.07204
0.32605 15.52577 0.07504
0.32656 15.55571 0.07230
0.32707 15.55999 0.07334
0.32757 15.60444 0.07075
0.32808 15.68741 0.07236
0.32859 15.61845 0.07403
0.32909 15.63685 0.07327
0.32960 15.60495 0.07295
0.33010 15.55169 0.07289
0.33061 15.66559 0.07245
0.33112 15.57423 0.07209
0.33162 15.61437 0.07183
0.33213 15.57856 0.07332
0.33264 15.64244 0.07275
0.33314 15.60874 0.07433
0.33365 15.69964 0.07598
0.33416 15.47437 0.07385
0.33466 15.56700 0.07410
0.33517 15.61664 0.07501
0.33568 15.54978 0.07351
0.33618 15.53960 0.07438
0.33669 15.38950 0.07356
0.33720 15.50346 0.07435
0.33770 15.42163 0.07308
0.33821 15.45335 0.07442
0.33872 15.40477 0.07475
0.33922 15.52492 0.07505
0.33973 15.43690 0.07348
0.34023 15.45305 0.07586
0.34074 15.40070 0.07539
0.34125 15.47239 0.07599
0.34175 15.61231 0.07673
0.34226 15.49511 0.07508
0.34277 15.58726 0.07503
0.34327 15.40865 0.07498
0.34378 15.27861 0.07351
0.34429 15.42902 0.07511
0.34479 15.32398 0.07616
0.34530 15.41151 0.07570
0.34581 15.33449 0.07505
0.34631 15.35692 0.07431
0.34682 15.35467 0.07453
0.34733 15.25338 0.07537
0.34783 15.35777 0.07497
0.34834 15.30469 0.07683
0.34884 15.30667 0.07412
0.34935 15.25301 0.07413
0.34986 15.34269 0.07465
0.35036 15.21940 0.07479
0.35087 15.22123 0.07505
0.35138 15.23425 0.07615
0.35188 15.01743 0.07411
0.35239 15.17786 0.07515
0.35290 15.22315 0.07437
0.35340 15.13964 0.07321
0.35391 15.26590 0.07271
0.35442 15.10220 0.07351
0.35492 15.11994 0.07401
0.35543 15.28671 0.07121
0.35594 15.16155 0.06920
0.35644 15.09387 0.07074
0.35695 15.18045 0.07114
0.35745 15.20981 0.07221
0.35796 14.99955 0.07427
0.35847 15.02222 0.07289
0.35897 15.26179 0.07377
0.35948 15.01928 0.07090
0.35999 15.05319 0.07221
0.36049 15.03338 0.07214
0.36100 14.98445 0.07216
0.36151 14.97953 0.07232
0.36201 15.12567 0.07295
0.36252 14.78594 0.07235
0.36303 14.99112 0.07224
0.36353 15.11682 0.07374
0.36404 15.07579 0.07411
0.36455 14.97503 0.07205
0.36505 14.84337 0.07490
0.36556 14.93548 0.07273
0.36606 15.03758 0.07318
0.36657 14.96081 0.07408
0.36708 14.79073 0.07446
0.36758 14.83751 0.07666
0.36809 14.66851 0.07772
0.36860 14.86371 0.07842
0.36910 14.77593 0.07977
0.36961 14.70971 0.07909
0.37012 14.65840 0.07718
0.37062 14.79130 0.07863
0.37113 14.86060 0.07691
0.37164 14.91752 0.07921
0.37214 14.86779 0.07685
0.37265 14.77475 0.07972
0.37315 14.80262 0.07535
0.37366 14.92441 0.07821
0.37417 14.70677 0.07530
0.37467 14.73122 0.07857
0.37518 14.78292 0.07999
0.37569 14.74835 0.07933
0.37619 14.72411 0.08179
0.37670 14.94709 0.08232
0.37721 14.84438 0.07976
0.37771 14.60499 0.08201
0.37822 14.71200 0.08138
0.37873 14.84276 0.08064
0.37923 14.69214 0.07905
0.37974 14.65394 0.08136
0.38024 14.70563 0.08249
0.38075 14.81211 0.08228
0.38126 14.82255 0.08329
0.38176 14.53352 0.08173
0.38227 14.80769 0.08251
0.38278 14.72822 0.08289
0.38328 14.75972 0.08478
0.38379 14.65735 0.08507
0.38430 14.73111 0.08531
0.38480 14.73589 0.08525
0.38531 14.59691 0.08334
0.38582 14.67689 0.08228
0.38632 14.69367 0.08577
0.38683 14.51349 0.08394
0.38733 14.55391 0.08757
0.38784 14.58362 0.08618
0.38835 14.45383 0.08740
0.38885 14.66469 0.08917
0.38936 14.60609 0.08787
0.38987 14.58745 0.08844
0.39037 14.64682 0.08921
0.39088 14.46736 0.08719
0.39139 14.65549 0.08992
0.39189 14.47934 0.08703
0.39240 14.41574 0.09006
0.39290 14.45714 0.08897
0.39341 14.40878 0.09145
0.39392 14.46874 0.09338
0.39442 14.44520 0.08858
0.39493 14.46781 0.09192
0.39544 14.37418 0.09228
0.39594 14.45811 0.09463
0.39645 14.59428 0.09331
0.39696 14.50588 0.09411
0.39746 14.51205 0.09352
0.39797 14.39869 0.09545
0.39847 14.30454 0.09155
0.39898 14.40176 0.09366
0.39949 14.30945 0.09820
0.39999 14.56580 0.09669
0.40050 14.36837 0.09744
0.40101 14.47504 0.09663
0.40151 14.18583 0.09558
0.40202 14.46301 0.09469
0.40253 14.37065 0.09758
0.40303 14.42014 0.10082
0.40354 14.33820 0.10024
0.40405 14.26844 0.09845
0.40455 14.36873 0.10347
0.40506 14.32609 0.09813
0.40556 14.31650 0.10006
0.40607 14.32839 0.10215
0.40658 14.23442 0.10342
0.40708 14.15126 0.10376
0.40759 14.22883 0.10219
0.40810 14.29450 0.10483
0.40860 14.22370 0.10486
0.40911 14.08708 0.10140
0.40962 14.25569 0.10334
0.41012 14.30541 0.10197
0.41063 14.22026 0.10374
0.41113 14.22349 0.10113
0.41164 14.17610 0.10183
0.41215 14.28037 0.10402
0.41265 13.94937 0.10152
0.41316 14.17482 0.10291
0.41367 14.03397 0.10338
0.41417 14.06435 0.10222
0.41468 14.23396 0.10189
0.41518 13.92785 0.10234
0.41569 14.20111 0.10306
0.41620 14.17002 0.10650
0.41670 14.12447 0.10785
0.41721 14.19385 0.10524
0.41772 14.12377 0.10678
0.41822 14.09327 0.10669
0.41873 13.99995 0.10749
0.41924 13.98743 0.10435
0.41974 14.05828 0.10858
0.42025 14.04072 0.10720
0.42075 13.97167 0.11167
0.42126 13.95303 0.10869
0.42177 14.10885 0.11087
0.42227 13.95882 0.10839
0.42278 13.73450 0.11184
0.42329 13.99958 0.11518
0.42379 13.88350 0.11307
0.42430 14.11443 0.11291
0.42481 13.83944 0.11891
0.42531 13.96133 0.11605
0.42582 14.00320 0.11642
0.42632 13.85821 0.12075
0.42683 13.86840 0.11909
0.42734 13.88015 0.11667
0.42784 14.01661 0.12106
0.42835 13.92240 0.12093
0.42886 13.92458 0.12491
0.42936 13.86505 0.11555
0.42987 13.90452 0.12401
0.43037 14.21524 0.12652
0.43088 14.02398 0.12203
0.43139 14.09169 0.12843
0.43189 13.88058 0.12556
0.43240 13.96415 0.13024
0.43291 13.98885 0.12508
0.43341 13.82108 0.12439
0.43392 13.77056 0.12922
0.43443 13.95637 0.13044
0.43493 13.74883 0.12808
0.43544 13.71496 0.14031
0.43594 13.56526 0.13074
0.43645 13.76142 0.13428
0.43696 13.99963 0.13733
0.43746 13.74419 0.13530
0.43797 13.82885 0.13617
0.43848 13.84555 0.14062
0.43898 14.07349 0.13792
0.43949 13.78525 0.13414
0.43999 13.95147 0.13650
