0.01140 1588.49253 64.25707
0.01191 1109.54074 51.28072
0.01242 725.34963 54.35160
0.01292 430.79020 39.23761
0.01343 293.06081 27.09845
0.01394 216.87545 19.37075
0.01444 183.52487 16.06087
0.01495 151.55941 13.38188
0.01546 116.92105 8.65776
0.01596 109.98207 8.14122
0.01647 97.19002 6.38937
0.01698 82.50928 4.92690
0.01748 74.12793 4.04588
0.01799 71.63813 3.44820
0.01850 65.55257 2.86319
0.01900 57.55739 2.29187
0.01951 55.84456 1.88777
0.02002 53.81198 1.69487
0.02052 51.15745 1.35212
0.02103 48.71623 1.24041
0.02154 47.40377 0.96489
0.02204 46.35271 0.84762
0.02255 44.53958 0.68289
0.02306 43.32982 0.63437
0.02356 42.20668 0.56699
0.02407 40.92773 0.48723
0.02458 39.68435 0.44490
0.02509 39.29523 0.45054
0.02559 38.79160 0.41540
0.02610 37.78688 0.38630
0.02661 37.21206 0.33731
0.02711 36.69410 0.33484
0.02762 35.93767 0.29426
0.02813 35.71873 0.28945
0.02863 34.56958 0.29000
0.02914 34.79755 0.27225
0.02965 34.15293 0.27055
0.03015 33.86520 0.25988
0.03066 34.07466 0.28364
0.03117 33.20948 0.26377
0.03167 32.96281 0.26471
0.03218 32.56017 0.26464
0.03269 32.51978 0.24198
0.03319 32.34902 0.23768
0.03370 32.12500 0.24619
0.03421 32.12504 0.24787
0.03471 31.62397 0.24184
0.03522 31.65016 0.24426
0.03573 31.83940 0.24360
0.03623 31.41099 0.23285
0.03674 30.82247 0.22177
0.03725 31.35343 0.23305
0.03775 31.04049 0.23253
0.03826 30.46477 0.22502
0.03877 30.58577 0.23131
0.03927 30.59667 0.22266
0.03978 30.57152 0.21156
0.04029 30.16126 0.20605
0.04080 30.08334 0.20879
0.04130 29.96609 0.20149
0.04181 29.60992 0.19981
0.04232 29.66333 0.20655
0.04282 29.80827 0.20419
0.04333 29.61578 0.20886
0.04384 29.65156 0.20053
0.04434 29.28398 0.20850
0.04485 29.11321 0.19964
0.04536 29.32057 0.20577
0.04586 29.71669 0.20772
0.04637 29.11131 0.19276
0.04688 29.01286 0.19437
0.04738 29.06324 0.19512
0.04789 28.73087 0.18856
0.04840 28.76745 0.18357
0.04890 28.83682 0.18562
0.04941 28.46327 0.17987
0.04992 28.32506 0.18289
0.05042 28.41254 0.18038
0.05093 28.41468 0.17623
0.05144 28.48050 0.17362
0.05194 28.06936 0.17031
0.05245 28.07714 0.17370
0.05296 28.42545 0.16855
0.05346 28.27882 0.17206
0.05397 28.08008 0.17188
0.05448 27.87902 0.17338
0.05498 27.84228 0.17150
0.05549 27.95970 0.16410
0.05600 27.98287 0.17372
0.05650 27.72700 0.16997
0.05701 27.94172 0.17702
0.05752 27.61168 0.16531
0.05803 27.48250 0.16887
0.05853 27.37339 0.17039
0.05904 27.61578 0.16469
0.05955 27.68456 0.16900
0.06005 27.54621 0.16131
0.06056 27.39642 0.16826
0.06107 27.38555 0.16923
0.06157 27.31405 0.16670
0.06208 27.08133 0.16255
0.06259 27.45706 0.15937
0.06309 27.44137 0.15776
0.06360 27.22909 0.15297
0.06411 26.76041 0.15691
0.06461 27.02740 0.15418
0.06512 27.03797 0.15402
0.06563 26.97739 0.15747
0.06613 26.84443 0.15202
0.06664 26.65200 0.15692
0.06715 26.71530 0.15218
0.06765 26.72947 0.15018
0.06816 26.67899 0.15323
0.06867 26.60622 0.14721
0.06917 26.54889 0.15112
0.06968 26.69330 0.14545
0.07019 26.64487 0.15069
0.07069 26.48411 0.15172
0.07120 26.37505 0.14298
0.07171 26.46184 0.14471
0.07221 26.05862 0.14285
0.07272 26.30897 0.14649
0.07323 26.20705 0.14558
0.07373 26.20662 0.14853
0.07424 26.09009 0.13881
0.07475 26.22675 0.14293
0.07526 26.14481 0.14305
0.07576 26.15876 0.14064
0.07627 26.01879 0.14105
0.07678 26.02354 0.14225
0.07728 25.84967 0.13872
0.07779 25.67066 0.13210
0.07830 26.03009 0.13729
0.07880 25.74026 0.13504
0.07931 25.88435 0.13354
0.07982 25.63095 0.13631
0.08032 25.86045 0.13269
0.08083 25.69514 0.13632
0.08134 25.67474 0.13764
0.08184 25.66927 0.13833
0.08235 25.38729 0.13921
0.08286 25.51670 0.13688
0.08336 25.56885 0.14057
0.08387 25.45980 0.13760
0.08438 25.68726 0.14222
0.08488 25.21711 0.14332
0.08539 25.44300 0.13712
0.08590 25.22193 0.13671
0.08640 25.23453 0.14453
0.08691 25.46408 0.13810
0.08742 25.08625 0.14240
0.08792 24.95472 0.13886
0.08843 25.29872 0.13764
0.08894 25.23029 0.13585
0.08944 25.16573 0.13815
0.08995 24.96711 0.13872
0.09046 25.08411 0.13749
0.09096 25.09496 0.14104
0.09147 24.88538 0.14263
0.09198 24.94199 0.14625
0.09248 24.82737 0.13867
0.09299 24.90892 0.14561
0.09350 24.49946 0.14744
0.09401 24.79152 0.13741
0.09451 24.46713 0.14079
0.09502 24.53771 0.13578
0.09553 24.83569 0.14180
0.09603 24.60737 0.14023
0.09654 24.75117 0.14315
0.09705 24.47749 0.13911
0.09755 24.48397 0.14003
0.09806 24.45245 0.13978
0.09857 24.23954 0.13319
0.09907 24.29549 0.13523
0.09958 24.34896 0.13846
0.10009 24.32591 0.13294
0.10059 24.41168 0.13851
0.10110 24.24276 0.13830
0.10161 24.22524 0.13089
0.10211 24.09994 0.13261
0.10262 24.01678 0.12834
0.10313 24.11874 0.13318
0.10363 24.27677 0.13271
0.10414 24.14848 0.13210
0.10465 23.90895 0.13548
0.10515 24.22768 0.13179
0.10566 24.27244 0.12866
0.10617 23.83647 0.12935
0.10667 23.96235 0.12804
0.10718 23.95626 0.12672
0.10769 23.80264 0.12952
0.10819 24.08259 0.12924
0.10870 23.61720 0.12544
0.10921 24.10495 0.12807
0.10971 23.73427 0.12517
0.11022 23.81795 0.12164
0.11073 23.76336 0.12415
0.11123 23.66875 0.12433
0.11174 23.75371 0.12206
0.11225 23.78884 0.12403
0.11275 23.69968 0.11907
0.11326 23.61150 0.11965
0.11377 23.43357 0.11824
0.11428 23.44399 0.11820
0.11478 23.49425 0.11988
0.11529 23.59485 0.11557
0.11580 23.39210 0.11724
0.11630 23.33300 0.11846
0.11681 23.52489 0.11836
0.11732 23.37543 0.11938
0.11782 23.40824 0.11744
0.11833 23.24915 0.11623
0.11884 23.39026 0.11741
0.11934 23.21598 0.11190
0.11985 23.24303 0.11550
0.12036 23.24978 0.11500
0.12086 23.13431 0.11389
0.12137 23.23185 0.11767
0.12188 23.12323 0.11032
0.12238 22.93810 0.11083
0.12289 22.99727 0.11156
0.12340 22.97598 0.11235
0.12390 23.10110 0.10997
0.12441 22.84275 0.10928
0.12492 22.89425 0.11104
0.12542 23.05108 0.10893
0.12593 22.92892 0.10786
0.12644 22.84879 0.10806
0.12694 22.72153 0.11159
0.12745 22.78276 0.10307
0.12796 22.94394 0.10669
0.12846 22.78738 0.10807
0.12897 22.90438 0.10502
0.12948 22.73056 0.10845
0.12998 22.55385 0.10525
0.13049 22.86095 0.10726
0.13100 22.66059 0.10214
0.13150 22.57205 0.10105
0.13201 22.56669 0.10230
0.13252 22.69079 0.10501
0.13302 22.48365 0.10219
0.13353 22.69670 0.09897
0.13404 22.70769 0.10232
0.13454 22.47096 0.10310
0.13505 22.48470 0.10261
0.13556 22.42484 0.10449
0.13606 22.47324 0.10227
0.13657 22.48302 0.10207
0.13708 22.33417 0.09797
0.13758 22.47096 0.09975
0.13809 22.55273 0.10013
0.13860 22.48795 0.09734
0.13911 22.32137 0.09782
0.13961 22.60599 0.09854
0.14012 22.37176 0.09958
0.14063 22.38036 0.09813
0.14113 22.49788 0.09803
0.14164 22.17545 0.09484
0.14215 22.13099 0.09957
0.14265 22.01431 0.09855
0.14316 22.04977 0.09792
0.14367 22.19312 0.09650
0.14417 22.05274 0.09868
0.14468 21.98512 0.09764
0.14519 21.96474 0.09683
0.14569 21.90148 0.09521
0.14620 21.87826 0.09347
0.14671 21.97888 0.09704
0.14721 22.05072 0.09789
0.14772 21.88344 0.09257
0.14823 21.77830 0.09869
0.14873 21.89317 0.09451
0.14924 21.78790 0.09591
0.14975 21.56467 0.09439
0.15025 21.73186 0.09325
0.15076 21.62153 0.09367
0.15127 21.58669 0.09432
0.15177 21.41277 0.09291
0.15228 21.49897 0.09574
0.15279 21.57447 0.09123
0.15329 21.39727 0.09401
0.15380 21.52075 0.09168
0.15431 21.21744 0.08898
0.15481 21.25875 0.09081
0.15532 21.29615 0.09102
0.15583 21.28549 0.09083
0.15633 21.25689 0.09064
0.15684 21.37814 0.09075
0.15735 21.27034 0.09008
0.15785 21.18715 0.08852
0.15836 21.13940 0.09012
0.15887 21.14067 0.09212
0.15937 21.12637 0.09020
0.15988 21.08715 0.08925
0.16039 21.02518 0.09004
0.16089 21.20398 0.08933
0.16140 20.96661 0.09052
0.16191 20.96945 0.09009
0.16241 21.02828 0.08780
0.16292 20.90305 0.08956
0.16343 20.90899 0.08804
0.16393 20.84566 0.08583
0.16444 20.93567 0.08979
0.16495 20.70289 0.08780
0.16545 20.83374 0.08605
0.16596 20.79699 0.08545
0.16647 20.64858 0.08733
0.16697 20.58846 0.08450
0.16748 20.64331 0.08474
0.16799 20.54630 0.08430
0.16849 20.61855 0.08555
0.16900 20.64820 0.08706
0.16951 20.71062 0.08536
0.17001 20.65336 0.08841
0.17052 20.57305 0.08748
0.17103 20.72382 0.08902
0.17153 20.43098 0.08739
0.17204 20.52207 0.08887
0.17255 20.53903 0.08635
0.17305 20.39908 0.08598
0.17356 20.31225 0.08840
0.17407 20.44755 0.08688
0.17457 20.33589 0.08815
0.17508 20.31128 0.08693
0.17559 20.32011 0.08985
0.17610 20.43308 0.09004
0.17660 20.19535 0.08907
0.17711 20.24066 0.08787
0.17762 20.29395 0.08716
0.17812 20.20018 0.08726
0.17863 20.15923 0.08879
0.17914 20.18420 0.08927
0.17964 20.16617 0.08810
0.18015 20.13512 0.09011
0.18066 20.01616 0.08984
0.18116 20.14191 0.08695
0.18167 20.02728 0.09029
0.18218 19.98542 0.08741
0.18268 20.04240 0.08721
0.18319 19.94526 0.08811
0.18370 20.04911 0.08904
0.18420 20.08846 0.09089
0.18471 19.98956 0.09135
0.18522 19.87108 0.09003
0.18572 19.89536 0.09068
0.18623 19.85068 0.09102
0.18674 19.90060 0.09261
0.18724 19.78671 0.09119
0.18775 19.89998 0.09289
0.18826 19.90644 0.09210
0.18876 19.70475 0.09357
0.18927 19.85690 0.09105
0.18978 19.67740 0.09160
0.19028 19.63309 0.09082
0.19079 19.69010 0.08985
0.19130 19.60379 0.09104
0.19180 19.72901 0.09156
0.19231 19.46178 0.09597
0.19282 19.74209 0.09278
0.19332 19.63080 0.09388
0.19383 19.65189 0.09366
0.19434 19.43493 0.09135
0.19484 19.64865 0.09393
0.19535 19.68728 0.09309
0.19586 19.45313 0.09329
0.19636 19.56139 0.09335
0.19687 19.49673 0.08976
0.19738 19.53632 0.09342
0.19788 19.26309 0.09406
0.19839 19.28547 0.09192
0.19890 19.22148 0.09280
0.19940 19.38069 0.09163
0.19991 19.41223 0.09230
0.20042 19.47153 0.09468
0.20092 19.43355 0.09582
0.20143 19.37283 0.09334
0.20194 19.23264 0.09369
0.20244 19.40657 0.09345
0.20295 19.40131 0.09192
0.20346 19.34319 0.09477
0.20396 19.38664 0.09523
0.20447 19.21107 0.09601
0.20498 19.13940 0.09538
0.20548 19.19032 0.09707
0.20599 18.99665 0.09468
0.20650 19.13130 0.09613
0.20700 19.28138 0.09307
0.20751 19.11602 0.09321
0.20802 19.09128 0.09146
0.20852 19.22273 0.09410
0.20903 19.13670 0.09321
0.20954 19.02782 0.09322
0.21004 19.01958 0.09286
0.21055 18.95083 0.09197
0.21106 18.95150 0.09293
0.21156 18.98918 0.09155
0.21207 18.78608 0.09273
0.21258 18.92308 0.09119
0.21308 18.98547 0.09459
0.21359 18.79823 0.09043
0.21410 18.84774 0.09546
0.21460 18.83791 0.09493
0.21511 18.92073 0.09347
0.21562 18.86412 0.09304
0.21612 18.60362 0.09123
0.21663 18.77068 0.09346
0.21714 18.91236 0.09324
0.21764 18.44411 0.09206
0.21815 18.70981 0.09116
0.21866 18.78394 0.09477
0.21916 18.53804 0.08995
0.21967 18.64730 0.09250
0.22018 18.60970 0.08956
0.22068 18.56449 0.09130
0.22119 18.60388 0.08996
0.22170 18.32521 0.09195
0.22220 18.58861 0.09017
0.22271 18.66702 0.09153
0.22322 18.55846 0.09141
0.22372 18.43337 0.08829
0.22423 18.45277 0.09171
0.22474 18.42979 0.08829
0.22524 18.52043 0.08819
0.22575 18.43073 0.09185
0.22626 18.47844 0.08916
0.22676 18.46274 0.08757
0.22727 18.31223 0.08845
0.22778 18.27631 0.08913
0.22828 18.24098 0.09011
0.22879 18.28929 0.09016
0.22930 18.14356 0.08747
0.22980 18.28157 0.08602
0.23031 18.13289 0.08690
0.23082 18.31662 0.08493
0.23132 18.28169 0.08712
0.23183 18.03968 0.08888
0.23234 18.22169 0.08831
0.23284 18.16304 0.08582
0.23335 18.17755 0.08370
0.23386 18.07417 0.08406
0.23436 18.16716 0.08664
0.23487 18.10180 0.08437
0.23538 18.10591 0.08424
0.23588 18.17379 0.08319
0.23639 17.94567 0.08372
0.23690 18.08007 0.08595
0.23740 18.02968 0.08220
0.23791 17.88429 0.08260
0.23842 17.94828 0.08319
0.23892 18.05470 0.08232
0.23943 18.02439 0.08192
0.23994 17.90763 0.08354
0.24044 17.91565 0.08378
0.24095 17.91745 0.08402
0.24145 17.85431 0.08126
0.24196 18.00056 0.08395
0.24247 17.97559 0.08296
0.24297 17.80201 0.08080
0.24348 17.95100 0.08329
0.24399 17.87603 0.08134
0.24449 17.94321 0.07963
0.24500 17.84115 0.08158
0.24551 17.62530 0.08036
0.24601 17.56621 0.08143
0.24652 17.84211 0.07861
0.24703 17.78522 0.08212
0.24753 17.65639 0.07892
0.24804 17.70090 0.08158
0.24855 17.75422 0.08034
0.24905 17.62540 0.07847
0.24956 17.78514 0.08046
0.25007 17.57073 0.07783
0.25057 17.75340 0.08002
0.25108 17.43726 0.07781
0.25159 17.52322 0.07754
0.25209 17.55335 0.07677
0.25260 17.42440 0.07802
0.25311 17.46739 0.07839
0.25361 17.45893 0.07763
0.25412 17.43213 0.07802
0.25463 17.50890 0.07749
0.25513 17.60357 0.07718
0.25564 17.57685 0.07839
0.25615 17.34238 0.07571
0.25665 17.46806 0.07695
0.25716 17.33420 0.07682
0.25767 17.40094 0.07723
0.25817 17.32369 0.07504
0.25868 17.33657 0.07526
0.25919 17.30644 0.07569
0.25969 17.43546 0.07484
0.26020 17.39337 0.07506
0.26071 17.31838 0.07450
0.26121 17.23031 0.07339
0.26172 17.29874 0.07356
0.26223 17.41848 0.07507
0.26273 17.29874 0.07239
0.26324 17.29630 0.07356
0.26375 17.24406 0.07324
0.26425 17.15245 0.07442
0.26476 17.23749 0.07398
0.26527 17.28397 0.07562
0.26577 17.23354 0.07286
0.26628 17.14619 0.07221
0.26679 17.18626 0.07269
0.26729 17.08167 0.07237
0.26780 17.28433 0.07257
0.26831 17.07240 0.07375
0.26881 17.13658 0.07324
0.26932 16.95330 0.07239
0.26983 17.20760 0.07167
0.27033 16.93160 0.07136
0.27084 16.96349 0.07310
0.27134 17.11638 0.07204
0.27185 16.94964 0.07062
0.27236 17.03524 0.07138
0.27286 17.06968 0.07229
0.27337 16.89474 0.07215
0.27388 16.92377 0.07266
0.27438 17.06782 0.07251
0.27489 16.83367 0.07030
0.27540 16.92888 0.07146
0.27590 16.84300 0.07124
0.27641 16.75764 0.07083
0.27692 16.76309 0.07177
0.27742 16.78799 0.06787
0.27793 16.93292 0.07157
0.27844 16.86072 0.06952
0.27894 16.73447 0.06958
0.27945 16.88410 0.07176
0.27996 16.74620 0.06940
0.28046 16.73860 0.07179
0.28097 16.76225 0.07037
0.28148 16.83081 0.06941
0.28198 16.79006 0.06891
0.28249 16.78911 0.07018
0.28300 16.69430 0.06939
0.28350 16.76958 0.06869
0.28401 16.78341 0.06907
0.28452 16.64365 0.06901
0.28502 16.59224 0.06762
0.28553 16.67619 0.06997
0.28604 16.57252 0.06771
0.28654 16.61165 0.06826
0.28705 16.57914 0.07012
0.28756 16.55948 0.06913
0.28806 16.71849 0.07102
0.28857 16.60128 0.06915
0.28908 16.48223 0.06897
0.28958 16.53080 0.06814
0.29009 16.43734 0.07001
0.29059 16.50542 0.06991
0.29110 16.51681 0.06906
0.29161 16.50818 0.06849
0.29211 16.54084 0.07020
0.29262 16.55996 0.06972
0.29313 16.52673 0.07020
0.29363 16.42671 0.07002
0.29414 16.26292 0.06971
0.29465 16.37064 0.06944
0.29515 16.37294 0.06923
0.29566 16.42386 0.07027
0.29617 16.43038 0.06891
0.29667 16.31238 0.06773
0.29718 16.31113 0.06826
0.29769 16.29453 0.07077
0.29819 16.27636 0.06826
0.29870 16.20486 0.06744
0.29921 16.34296 0.06934
0.29971 16.24775 0.06966
0.30022 16.29280 0.06932
0.30073 16.28987 0.06835
0.30123 16.30333 0.06901
0.30174 16.29653 0.06894
0.30225 16.09003 0.06869
0.30275 16.22520 0.06897
0.30326 16.16082 0.06781
0.30377 16.09206 0.06765
0.30427 16.15029 0.06876
0.30478 16.07806 0.06900
0.30529 16.02235 0.06601
0.30579 16.05031 0.06709
0.30630 16.08318 0.06655
0.30680 15.92542 0.06624
0.30731 16.08514 0.06716
0.30782 15.92317 0.06570
0.30832 15.94409 0.06607
0.30883 15.93121 0.06636
0.30934 16.02716 0.06668
0.30984 15.97413 0.06801
0.31035 15.91991 0.06786
0.31086 15.99415 0.06902
0.31136 15.97324 0.07080
0.31187 16.02776 0.07065
0.31238 15.77672 0.07088
0.31288 15.92099 0.07165
0.31339 15.86428 0.07064
0.31390 15.93667 0.07144
0.31440 15.97836 0.06874
0.31491 15.82647 0.07158
0.31542 15.86460 0.07114
0.31592 15.73735 0.07122
0.31643 15.85667 0.07341
0.31694 15.79715 0.07267
0.31744 15.90781 0.07218
0.31795 15.80461 0.07275
0.31845 15.80667 0.07314
0.31896 15.78897 0.07263
0.31947 15.72444 0.07401
0.31997 15.71543 0.07505
0.32048 15.75552 0.07188
0.32099 15.79760 0.07402
0.32149 15.80032 0.07308
0.32200 15.73960 0.07246
0.32251 15.67925 0.07281
0.32301 15.70845 0.07235
0.32352 15.62322 0.07150
0.32403 15.63742 0.07307
0.32453 15.54867 0.07302
0.32504 15.67596 0.07299
0.32555 15.75502 0.07402
0.32605 15.69686 0.07471
0.32656 15.61529 0.07217
0.32707 15.62399 0.07233
0.32757 15.62034 0.07314
0.32808 15.65588 0.07184
0.32859 15.53816 0.07249
0.32909 15.60517 0.07384
0.32960 15.50491 0.07455
0.33010 15.56850 0.07253
0.33061 15.63189 0.07346
0.33112 15.56752 0.07245
0.33162 15.52359 0.07300
0.33213 15.58175 0.07466
0.33264 15.64422 0.07555
0.33314 15.54915 0.07319
0.33365 15.64173 0.07159
0.33416 15.59701 0.07315
0.33466 15.42705 0.07354
0.33517 15.47502 0.07400
0.33568 15.51021 0.07313
0.33618 15.49828 0.07301
0.33669 15.54509 0.07579
0.33720 15.48863 0.07451
0.33770 15.43796 0.07333
0.33821 15.45335 0.07314
0.33872 15.50962 0.07419
0.33922 15.43780 0.07402
0.33973 15.42958 0.07416
0.34023 15.60996 0.07448
0.34074 15.39556 0.07492
0.34125 15.50213 0.07438
0.34175 15.38146 0.07331
0.34226 15.34441 0.07318
0.34277 15.42180 0.07328
0.34327 15.37635 0.07458
0.34378 15.28566 0.07331
0.34429 15.41632 0.07593
0.34479 15.29093 0.07506
0.34530 15.27146 0.07492
0.34581 15.33562 0.07452
0.34631 15.22550 0.07449
0.34682 15.29204 0.07372
0.34733 15.26054 0.07466
0.34783 15.19847 0.07425
0.34834 15.15585 0.07474
0.34884 15.13046 0.07307
0.34935 15.21219 0.07771
0.34986 15.32688 0.07631
0.35036 15.29982 0.07595
0.35087 15.09629 0.07667
0.35138 15.28786 0.07665
0.35188 15.35529 0.07462
0.35239 15.10355 0.07620
0.35290 15.31128 0.07493
0.35340 15.24289 0.07264
0.35391 15.12568 0.07215
0.35442 15.06024 0.07202
0.35492 15.16545 0.07223
0.35543 15.07498 0.07004
0.35594 15.04890 0.07120
0.35644 15.07540 0.07152
0.35695 15.14239 0.07265
0.35745 15.02711 0.07500
0.35796 15.10252 0.07251
0.35847 14.97911 0.07019
0.35897 14.98068 0.07275
0.35948 15.04729 0.07246
0.35999 15.00357 0.07099
0.36049 14.96245 0.07147
0.36100 15.01250 0.06945
0.36151 15.04724 0.07190
0.36201 14.97742 0.07339
0.36252 15.04207 0.07319
0.36303 14.95770 0.07327
0.36353 15.10616 0.07270
0.36404 14.94012 0.07322
0.36455 14.87979 0.07283
0.36505 15.02819 0.07496
0.36556 15.00412 0.07402
0.36606 14.78135 0.07377
0.36657 14.85988 0.07235
0.36708 14.92699 0.07527
0.36758 14.82604 0.07603
0.36809 14.77354 0.07884
0.36860 14.80597 0.07871
0.36910 14.76526 0.07667
0.36961 14.75581 0.07711
0.37012 14.80389 0.07925
0.37062 14.83193 0.08173
0.37113 14.74567 0.07720
0.37164 14.85768 0.07595
0.37214 14.79615 0.07752
0.37265 14.75566 0.07677
0.37315 14.75110 0.08026
0.37366 14.93341 0.07850
0.37417 14.90586 0.07940
0.37467 14.78041 0.07867
0.37518 14.80286 0.07783
0.37569 14.76721 0.08076
0.37619 14.84213 0.07943
0.37670 14.68925 0.07760
0.37721 14.74626 0.07919
0.37771 14.75248 0.08250
0.37822 14.72882 0.07975
0.37873 14.70496 0.08034
0.37923 14.76096 0.08208
0.37974 14.54676 0.08104
0.38024 14.74275 0.08238
0.38075 14.73252 0.08122
0.38126 14.77314 0.08295
0.38176 14.75266 0.08234
0.38227 14.58489 0.08397
0.38278 14.79006 0.08495
0.38328 14.55526 0.08327
0.38379 14.66224 0.08720
0.38430 14.62434 0.08291
0.38480 14.47959 0.08394
0.38531 14.54787 0.08533
0.38582 14.47350 0.08762
0.38632 14.61461 0.08548
0.38683 14.59714 0.08581
0.38733 14.59201 0.08283
0.38784 14.53222 0.08749
0.38835 14.55153 0.08697
0.38885 14.58644 0.08737
0.38936 14.50738 0.08953
0.38987 14.56726 0.08827
0.39037 14.57892 0.08967
0.39088 14.54810 0.08836
0.39139 14.51803 0.08935
0.39189 14.59901 0.08900
0.39240 14.51519 0.08989
0.39290 14.39300 0.08845
0.39341 14.42444 0.09124
0.39392 14.58731 0.09422
0.39442 14.51354 0.08836
0.39493 14.51376 0.09139
0.39544 14.53415 0.09490
0.39594 14.39989 0.09151
0.39645 14.38269 0.09185
0.39696 14.51213 0.09306
0.39746 14.38627 0.08795
0.39797 14.58362 0.09581
0.39847 14.31593 0.09522
0.39898 14.28650 0.09534
0.39949 14.38786 0.09919
0.39999 14.32599 0.09432
0.40050 14.42316 0.09580
0.40101 14.19798 0.09444
0.40151 14.44215 0.09745
0.40202 14.53697 0.10091
0.40253 14.19044 0.09485
0.40303 14.20901 0.09988
0.40354 14.30989 0.10220
0.40405 14.21907 0.09868
0.40455 14.32101 0.09966
0.40506 14.24564 0.10013
0.40556 14.25342 0.09988
0.40607 14.28409 0.10210
0.40658 14.03342 0.10199
0.40708 14.23180 0.10167
0.40759 14.22227 0.09984
0.40810 14.26843 0.10443
0.40860 14.32615 0.10425
0.40911 14.11329 0.10381
0.40962 14.29835 0.09998
0.41012 14.22926 0.10135
0.41063 14.07635 0.10190
0.41113 14.20090 0.10373
0.41164 14.20338 0.10327
0.41215 14.21160 0.10463
0.41265 13.99603 0.10127
0.41316 13.99373 0.10096
0.41367 14.07528 0.10469
0.41417 14.18785 0.10577
0.41468 14.07181 0.10369
0.41518 14.06527 0.10900
0.41569 14.00525 0.10845
0.41620 14.13400 0.11010
0.41670 13.92073 0.10873
0.41721 14.15137 0.10334
0.41772 13.91045 0.10830
0.41822 14.17731 0.10541
0.41873 13.86291 0.10862
0.41924 14.10608 0.10741
0.41974 14.07015 0.10689
0.42025 14.02736 0.10846
0.42075 14.05803 0.10937
0.42126 13.99849 0.10732
0.42177 14.20168 0.10741
0.42227 13.73345 0.11523
0.42278 13.98981 0.10852
0.42329 14.04928 0.11396
0.42379 13.91930 0.11524
0.42430 13.92649 0.11615
0.42481 13.82051 0.11352
0.42531 13.86120 0.11830
0.42582 13.93431 0.11678
0.42632 13.94710 0.11400
0.42683 13.85527 0.11506
0.42734 13.76824 0.11694
0.42784 13.74342 0.11630
0.42835 13.93689 0.12159
0.42886 13.94821 0.12110
0.42936 13.90543 0.12304
0.42987 13.72099 0.12128
0.43037 13.89214 0.12405
0.43088 13.85517 0.12077
0.43139 13.77819 0.12174
0.43189 13.93481 0.13011
0.43240 13.96298 0.13066
0.43291 13.89387 0.12888
0.43341 13.56833 0.12740
0.43392 13.82802 0.13654
0.43443 14.02796 0.13163
0.43493 13.87129 0.12774
0.43544 13.84330 0.13365
0.43594 13.83399 0.13082
0.43645 13.86997 0.13589
0.43696 13.70505 0.13966
0.43746 13.89283 0.14837
0.43797 13.86689 0.13661
0.43848 13.98968 0.13921
0.43898 13.76919 0.13880
0.43949 13.98261 0.13814
0.43999 13.98783 0.13935
