0.01140 1662.00804 60.40180
0.01191 1187.05278 48.15323
0.01242 796.65913 51.63471
0.01292 495.92811 38.84032
0.01343 347.04156 26.46566
0.01394 264.39832 19.13305
0.01444 224.70488 16.07956
0.01495 183.52868 12.87082
0.01546 145.19464 8.30889
0.01596 133.08355 7.89330
0.01647 117.50120 6.27457
0.01698 98.51774 4.58903
0.01748 87.78673 3.97331
0.01799 80.06502 3.32267
0.01850 72.75837 2.84643
0.01900 64.21314 2.37147
0.01951 61.11199 1.93134
0.02002 56.49871 1.69120
0.02052 52.10525 1.37889
0.02103 50.29218 1.21387
0.02154 46.57067 0.87138
0.02204 44.51005 0.81107
0.02255 43.01767 0.66933
0.02306 41.16805 0.62891
0.02356 39.35453 0.61063
0.02407 38.86976 0.53053
0.02458 37.26930 0.48738
0.02509 35.70943 0.42283
0.02559 35.25708 0.40529
0.02610 33.67712 0.35205
0.02661 32.95566 0.33378
0.02711 31.89446 0.30446
0.02762 31.49153 0.28889
0.02813 30.68328 0.25299
0.02863 29.50777 0.27065
0.02914 29.11504 0.24801
0.02965 28.42506 0.25539
0.03015 27.92566 0.24734
0.03066 27.70726 0.26443
0.03117 27.38040 0.23354
0.03167 26.36741 0.22900
0.03218 26.28248 0.22150
0.03269 25.43405 0.22101
0.03319 25.21786 0.20635
0.03370 25.16776 0.21603
0.03421 24.93370 0.20934
0.03471 25.19717 0.21123
0.03522 24.56694 0.21198
0.03573 23.95793 0.20750
0.03623 24.02212 0.19820
0.03674 23.98385 0.20229
0.03725 23.25250 0.19152
0.03775 23.27783 0.19319
0.03826 23.29031 0.19830
0.03877 22.58690 0.19380
0.03927 22.55600 0.20018
0.03978 22.55710 0.19315
0.04029 22.60922 0.18885
0.04080 22.00448 0.18956
0.04130 21.63520 0.17878
0.04181 21.50805 0.17189
0.04232 21.58507 0.18054
0.04282 21.76071 0.17619
0.04333 21.58253 0.18012
0.04384 21.34941 0.17178
0.04434 21.64390 0.17376
0.04485 21.33727 0.16907
0.04536 21.22802 0.16325
0.04586 20.92693 0.16718
0.04637 20.94330 0.16923
0.04688 20.75598 0.16375
0.04738 20.89457 0.16557
0.04789 20.79226 0.16404
0.04840 20.51547 0.16246
0.04890 20.63532 0.15990
0.04941 20.36522 0.15746
0.04992 20.51845 0.15161
0.05042 20.49103 0.15235
0.05093 20.34405 0.15380
0.05144 19.93953 0.15842
0.05194 20.23005 0.14973
0.05245 20.10874 0.15189
0.05296 20.02956 0.15112
0.05346 20.00786 0.14996
0.05397 19.81361 0.14299
0.05448 20.13313 0.14584
0.05498 19.71785 0.14473
0.05549 19.90662 0.13686
0.05600 19.71513 0.14593
0.05650 19.76978 0.14255
0.05701 19.58675 0.14445
0.05752 19.65664 0.14459
0.05803 19.61303 0.14391
0.05853 19.68902 0.14262
0.05904 19.42731 0.13813
0.05955 19.47195 0.13924
0.06005 19.38356 0.13380
0.06056 19.23334 0.13114
0.06107 19.26696 0.13420
0.06157 19.07265 0.13990
0.06208 19.10526 0.13294
0.06259 19.00097 0.13287
0.06309 19.02825 0.12982
0.06360 19.31440 0.13047
0.06411 18.92264 0.13152
0.06461 18.86756 0.12815
0.06512 18.83355 0.12973
0.06563 19.13236 0.13259
0.06613 18.71604 0.12367
0.06664 18.52005 0.12297
0.06715 18.85993 0.12321
0.06765 18.89533 0.12693
0.06816 18.59413 0.12596
0.06867 18.32207 0.12073
0.06917 18.65674 0.12600
0.06968 18.73477 0.12466
0.07019 18.76092 0.12270
0.07069 18.30186 0.12245
0.07120 18.52409 0.12047
0.07171 18.44535 0.12096
0.07221 18.53083 0.12270
0.07272 18.48585 0.11998
0.07323 18.30299 0.11768
0.07373 18.41690 0.12006
0.07424 18.42578 0.12133
0.07475 18.46504 0.12087
0.07526 18.20290 0.11909
0.07576 18.18028 0.11737
0.07627 18.12813 0.11454
0.07678 18.13277 0.11730
0.07728 18.19616 0.11925
0.07779 18.09735 0.11651
0.07830 18.37805 0.11609
0.07880 18.11028 0.11159
0.07931 18.14410 0.11729
0.07982 18.12258 0.11492
0.08032 17.98028 0.11233
0.08083 18.09468 0.11466
0.08134 17.92576 0.11554
0.08184 17.86785 0.11352
0.08235 18.00701 0.11742
0.08286 17.98417 0.11469
0.08336 17.89379 0.11587
0.08387 18.07312 0.11442
0.08438 18.04246 0.12090
0.08488 17.96470 0.11631
0.08539 17.97202 0.11940
0.08590 17.73743 0.11172
0.08640 17.60876 0.11602
0.08691 17.69819 0.11344
0.08742 17.58866 0.11432
0.08792 17.63754 0.11500
0.08843 17.78308 0.11893
0.08894 17.70842 0.11680
0.08944 17.71164 0.11443
0.08995 17.54236 0.11861
0.09046 17.72686 0.11481
0.09096 17.47849 0.11889
0.09147 17.36640 0.11488
0.09198 17.32022 0.11366
0.09248 17.54755 0.11917
0.09299 17.38113 0.12086
0.09350 17.33135 0.12370
0.09401 17.55332 0.11879
0.09451 17.36928 0.11633
0.09502 17.58489 0.11581
0.09553 17.41371 0.11776
0.09603 17.27483 0.11262
0.09654 17.38749 0.11633
0.09705 17.41816 0.12046
0.09755 17.30784 0.11662
0.09806 17.14268 0.11777
0.09857 17.30375 0.11139
0.09907 17.28301 0.11506
0.09958 17.19561 0.11626
0.10009 17.21590 0.11627
0.10059 17.36901 0.11365
0.10110 17.11855 0.10961
0.10161 17.06548 0.11101
0.10211 16.91169 0.10659
0.10262 17.07959 0.10695
0.10313 17.04711 0.11278
0.10363 17.10059 0.11073
0.10414 17.00935 0.11167
0.10465 17.10845 0.11387
0.10515 17.03612 0.11150
0.10566 17.16638 0.11077
0.10617 17.04109 0.10711
0.10667 17.02428 0.10334
0.10718 16.85874 0.10908
0.10769 16.94923 0.10619
0.10819 16.85694 0.10558
0.10870 16.97785 0.10377
0.10921 16.93682 0.10463
0.10971 16.97998 0.10369
0.11022 17.00038 0.10313
0.11073 16.86180 0.10102
0.11123 16.59013 0.10604
0.11174 16.63071 0.10261
0.11225 16.88572 0.10265
0.11275 16.81321 0.10255
0.11326 16.93887 0.10323
0.11377 16.84248 0.09774
0.11428 16.81021 0.10173
0.11478 16.71623 0.09669
0.11529 16.86168 0.09715
0.11580 16.62280 0.10122
0.11630 16.62879 0.09707
0.11681 16.61852 0.09741
0.11732 16.42480 0.09809
0.11782 16.66034 0.09969
0.11833 16.62388 0.09941
0.11884 16.55646 0.09352
0.11934 16.51420 0.09680
0.11985 16.38689 0.09416
0.12036 16.62217 0.09529
0.12086 16.50963 0.09421
0.12137 16.40992 0.09536
0.12188 16.44913 0.09154
0.12238 16.42458 0.09271
0.12289 16.49670 0.09259
0.12340 16.49359 0.09261
0.12390 16.31516 0.09172
0.12441 16.39227 0.09023
0.12492 16.40244 0.09449
0.12542 16.42034 0.09320
0.12593 16.46237 0.09200
0.12644 16.44223 0.08926
0.12694 16.48134 0.09266
0.12745 16.35515 0.09276
0.12796 16.39526 0.09160
0.12846 16.35001 0.08758
0.12897 16.29123 0.08825
0.12948 16.30830 0.09037
0.12998 16.34222 0.08708
0.13049 16.21739 0.08760
0.13100 16.34828 0.08717
0.13150 16.20834 0.08860
0.13201 16.15178 0.08763
0.13252 16.27120 0.08799
0.13302 16.19755 0.08807
0.13353 16.14633 0.08607
0.13404 16.25235 0.08892
0.13454 16.24904 0.08702
0.13505 16.22217 0.08728
0.13556 15.99275 0.08579
0.13606 16.13659 0.08420
0.13657 16.04324 0.08491
0.13708 15.99331 0.08521
0.13758 16.15029 0.08480
0.13809 15.98047 0.08434
0.13860 16.02139 0.08472
0.13911 15.89381 0.08201
0.13961 16.02107 0.08315
0.14012 16.01978 0.08393
0.14063 15.76109 0.08226
0.14113 16.07847 0.08304
0.14164 16.05851 0.08340
0.14215 15.93087 0.08088
0.14265 15.81888 0.08410
0.14316 15.78990 0.08212
0.14367 15.93594 0.08415
0.14417 15.89586 0.08318
0.14468 15.86517 0.08086
0.14519 15.85202 0.08310
0.14569 15.81423 0.08249
0.14620 15.71997 0.08065
0.14671 15.70157 0.07878
0.14721 15.72067 0.08216
0.14772 15.68706 0.08128
0.14823 15.65168 0.08082
0.14873 15.74021 0.08150
0.14924 15.66714 0.07843
0.14975 15.51474 0.08078
0.15025 15.72455 0.08203
0.15076 15.69991 0.07997
0.15127 15.55318 0.07897
0.15177 15.63627 0.08157
0.15228 15.64821 0.08272
0.15279 15.40288 0.07693
0.15329 15.41630 0.07888
0.15380 15.45775 0.07777
0.15431 15.28258 0.07771
0.15481 15.38867 0.07806
0.15532 15.46560 0.07758
0.15583 15.33494 0.07667
0.15633 15.26890 0.07444
0.15684 15.37618 0.07512
0.15735 15.25677 0.07436
0.15785 15.35881 0.07885
0.15836 15.25829 0.07501
0.15887 15.21963 0.07620
0.15937 15.27893 0.07770
0.15988 15.27629 0.07901
0.16039 15.34840 0.07653
0.16089 15.19111 0.07654
0.16140 15.16051 0.07783
0.16191 15.27531 0.07508
0.16241 15.07885 0.07528
0.16292 15.14383 0.07469
0.16343 15.16609 0.07524
0.16393 15.08631 0.07295
0.16444 15.04098 0.07290
0.16495 15.01807 0.07276
0.16545 15.00309 0.07414
0.16596 14.95436 0.07458
0.16647 14.94318 0.07314
0.16697 14.99004 0.07523
0.16748 14.80736 0.07489
0.16799 14.89194 0.07308
0.16849 14.96291 0.07334
0.16900 14.93772 0.07369
0.16951 14.85403 0.07282
0.17001 14.94258 0.07502
0.17052 14.84537 0.07283
0.17103 14.85975 0.07198
0.17153 14.86567 0.07438
0.17204 14.85828 0.07238
0.17255 14.76092 0.07347
0.17305 14.72383 0.07520
0.17356 14.97581 0.07322
0.17407 14.86864 0.07230
0.17457 14.73139 0.07475
0.17508 14.72211 0.07374
0.17559 14.72410 0.07392
0.17610 14.69787 0.07543
0.17660 14.69873 0.07410
0.17711 14.84247 0.07525
0.17762 14.70291 0.07321
0.17812 14.69912 0.07497
0.17863 14.55396 0.07173
0.17914 14.64533 0.07357
0.17964 14.77639 0.07376
0.18015 14.77313 0.07685
0.18066 14.59763 0.07611
0.18116 14.54790 0.07611
0.18167 14.51799 0.07634
0.18218 14.67552 0.07629
0.18268 14.43917 0.07607
0.18319 14.66408 0.07874
0.18370 14.51527 0.07631
0.18420 14.51683 0.07683
0.18471 14.46799 0.07747
0.18522 14.47949 0.07647
0.18572 14.58475 0.07871
0.18623 14.53205 0.07724
0.18674 14.55534 0.07664
0.18724 14.49158 0.07713
0.18775 14.46109 0.07903
0.18826 14.39129 0.07719
0.18876 14.42732 0.07852
0.18927 14.25032 0.07730
0.18978 14.28912 0.07847
0.19028 14.39949 0.07988
0.19079 14.21702 0.07800
0.19130 14.29599 0.07955
0.19180 14.17422 0.07999
0.19231 14.22691 0.07982
0.19282 14.34683 0.07701
0.19332 14.25107 0.07780
0.19383 14.17189 0.07886
0.19434 14.16235 0.07724
0.19484 14.22096 0.07954
0.19535 14.28062 0.07899
0.19586 14.12036 0.07834
0.19636 14.24584 0.07749
0.19687 14.07636 0.08200
0.19738 14.15782 0.08047
0.19788 14.18060 0.07775
0.19839 14.09585 0.07914
0.19890 14.17353 0.07963
0.19940 14.20847 0.08126
0.19991 14.08147 0.08020
0.20042 14.09604 0.07995
0.20092 13.99509 0.07897
0.20143 14.11946 0.08032
0.20194 13.94951 0.07936
0.20244 13.99291 0.07924
0.20295 14.00513 0.08049
0.20346 13.90640 0.07955
0.20396 14.02034 0.07804
0.20447 13.91927 0.07856
0.20498 13.83487 0.07888
0.20548 13.97792 0.07922
0.20599 13.94538 0.07884
0.20650 13.94338 0.07907
0.20700 13.99310 0.07917
0.20751 13.82542 0.07889
0.20802 13.94897 0.07956
0.20852 13.96718 0.08014
0.20903 13.69191 0.07842
0.20954 13.88272 0.07991
0.21004 13.88630 0.08010
0.21055 13.80257 0.07774
0.21106 13.75068 0.07833
0.21156 13.84037 0.07860
0.21207 13.71928 0.08015
0.21258 13.74180 0.07943
0.21308 13.71663 0.07807
0.21359 13.68668 0.08167
0.21410 13.74856 0.07811
0.21460 13.82482 0.07929
0.21511 13.68895 0.07712
0.21562 13.66987 0.07854
0.21612 13.78877 0.07886
0.21663 13.61705 0.07872
0.21714 13.49087 0.07821
0.21764 13.55017 0.07848
0.21815 13.40649 0.07980
0.21866 13.52511 0.07843
0.21916 13.60829 0.07774
0.21967 13.48660 0.07713
0.22018 13.57298 0.07978
0.22068 13.44638 0.07875
0.22119 13.50746 0.07592
0.22170 13.57156 0.07838
0.22220 13.47331 0.07781
0.22271 13.46073 0.07724
0.22322 13.38633 0.07767
0.22372 13.37879 0.07622
0.22423 13.52553 0.07728
0.22474 13.26056 0.07591
0.22524 13.22397 0.07534
0.22575 13.47314 0.07726
0.22626 13.27163 0.07432
0.22676 13.37738 0.07628
0.22727 13.28903 0.07552
0.22778 13.36408 0.07514
0.22828 13.25544 0.07610
0.22879 13.40436 0.07545
0.22930 13.25053 0.07435
0.22980 13.30546 0.07307
0.23031 13.23377 0.07541
0.23082 13.18239 0.07465
0.23132 13.21954 0.07685
0.23183 13.24824 0.07402
0.23234 13.16841 0.07103
0.23284 13.19066 0.07268
0.23335 13.12331 0.07209
0.23386 13.08798 0.07144
0.23436 13.21679 0.07204
0.23487 13.13784 0.07193
0.23538 13.12669 0.07031
0.23588 13.33317 0.07127
0.23639 13.29094 0.07059
0.23690 13.15184 0.07210
0.23740 13.09088 0.07019
0.23791 13.06229 0.07283
0.23842 12.93527 0.07079
0.23892 13.22050 0.07067
0.23943 13.09554 0.06964
0.23994 12.94117 0.07059
0.24044 13.06651 0.07130
0.24095 12.90616 0.07019
0.24145 13.04615 0.07103
0.24196 12.92376 0.06813
0.24247 12.98703 0.06891
0.24297 13.01977 0.06882
0.24348 13.04721 0.06959
0.24399 12.93401 0.06877
0.24449 12.89546 0.07046
0.24500 12.89134 0.06721
0.24551 12.85718 0.06650
0.24601 12.78151 0.06662
0.24652 12.90341 0.06695
0.24703 12.88257 0.06616
0.24753 12.84523 0.06634
0.24804 12.85569 0.06833
0.24855 12.77555 0.06661
0.24905 12.86474 0.06775
0.24956 12.80281 0.06647
0.25007 12.85722 0.06835
0.25057 12.79544 0.06642
0.25108 12.65828 0.06559
0.25159 12.81251 0.06622
0.25209 12.69554 0.06659
0.25260 12.81346 0.06790
0.25311 12.58050 0.06515
0.25361 12.69574 0.06473
0.25412 12.75744 0.06680
0.25463 12.76316 0.06530
0.25513 12.57781 0.06577
0.25564 12.73225 0.06690
0.25615 12.73975 0.06659
0.25665 12.68258 0.06826
0.25716 12.54728 0.06533
0.25767 12.64598 0.06485
0.25817 12.63648 0.06447
0.25868 12.60774 0.06302
0.25919 12.58788 0.06207
0.25969 12.51510 0.06376
0.26020 12.57498 0.06465
0.26071 12.64399 0.06281
0.26121 12.56672 0.06456
0.26172 12.56895 0.06479
0.26223 12.51438 0.06336
0.26273 12.49645 0.06254
0.26324 12.54795 0.06269
0.26375 12.50102 0.06274
0.26425 12.47712 0.06310
0.26476 12.37024 0.06250
0.26527 12.34928 0.06257
0.26577 12.56482 0.06218
0.26628 12.47716 0.06266
0.26679 12.34343 0.06141
0.26729 12.43756 0.06262
0.26780 12.38435 0.06126
0.26831 12.42056 0.06282
0.26881 12.35462 0.06152
0.26932 12.39291 0.06203
0.26983 12.35376 0.06201
0.27033 12.38920 0.06194
0.27084 12.36182 0.06183
0.27134 12.21672 0.06215
0.27185 12.25330 0.06038
0.27236 12.29372 0.05988
0.27286 12.39360 0.06176
0.27337 12.30504 0.06170
0.27388 12.19443 0.06163
0.27438 12.13749 0.06062
0.27489 12.37368 0.06099
0.27540 12.18964 0.06087
0.27590 12.25716 0.06124
0.27641 12.24258 0.05995
0.27692 12.27347 0.05964
0.27742 12.26436 0.05981
0.27793 12.22714 0.06019
0.27844 12.18802 0.06028
0.27894 12.16183 0.05952
0.27945 12.15530 0.05818
0.27996 12.09128 0.05973
0.28046 12.17587 0.05934
0.28097 12.17554 0.05916
0.28148 12.19765 0.05995
0.28198 12.03274 0.05760
0.28249 12.02753 0.05930
0.28300 12.16154 0.05936
0.28350 12.03314 0.05935
0.28401 11.97886 0.05782
0.28452 12.01255 0.05788
0.28502 12.08334 0.05789
0.28553 12.07731 0.05794
0.28604 12.05596 0.05880
0.28654 12.00199 0.05763
0.28705 12.03586 0.05938
0.28756 12.08925 0.05939
0.28806 11.95292 0.05868
0.28857 11.98471 0.05918
0.28908 11.88432 0.05820
0.28958 11.90258 0.05879
0.29009 11.82468 0.05815
0.29059 11.93580 0.05839
0.29110 11.90346 0.06003
0.29161 11.87363 0.06045
0.29211 11.79191 0.05813
0.29262 11.72533 0.05792
0.29313 11.78919 0.05884
0.29363 11.77036 0.05761
0.29414 11.73686 0.05860
0.29465 11.90568 0.05784
0.29515 11.81627 0.05872
0.29566 11.77709 0.05872
0.29617 11.84153 0.05831
0.29667 11.76129 0.05858
0.29718 11.83990 0.05773
0.29769 11.87515 0.05868
0.29819 11.85368 0.05843
0.29870 11.79451 0.05835
0.29921 11.67067 0.05815
0.29971 11.75827 0.05858
0.30022 11.76737 0.05971
0.30073 11.80230 0.05885
0.30123 11.55783 0.05780
0.30174 11.59433 0.05933
0.30225 11.65990 0.05811
0.30275 11.69798 0.05730
0.30326 11.65559 0.05755
0.30377 11.61271 0.05661
0.30427 11.63014 0.05619
0.30478 11.67876 0.05759
0.30529 11.60250 0.05763
0.30579 11.61614 0.05596
0.30630 11.47782 0.05661
0.30680 11.61013 0.05579
0.30731 11.50340 0.05681
0.30782 11.54829 0.05613
0.30832 11.42572 0.05639
0.30883 11.53292 0.05629
0.30934 11.49411 0.05751
0.30984 11.45670 0.05748
0.31035 11.55584 0.05926
0.31086 11.50523 0.05911
0.31136 11.48392 0.05826
0.31187 11.42248 0.05912
0.31238 11.44777 0.05836
0.31288 11.53208 0.05975
0.31339 11.47329 0.05808
0.31390 11.43405 0.05950
0.31440 11.43113 0.06101
0.31491 11.37038 0.06187
0.31542 11.45517 0.05920
0.31592 11.43827 0.06200
0.31643 11.39573 0.06230
0.31694 11.37279 0.06233
0.31744 11.35536 0.06212
0.31795 11.34529 0.06078
0.31845 11.32048 0.06161
0.31896 11.39873 0.06167
0.31947 11.29588 0.06154
0.31997 11.27725 0.06137
0.32048 11.28011 0.06142
0.32099 11.31363 0.06183
0.32149 11.31882 0.06264
0.32200 11.41478 0.06223
0.32251 11.19023 0.06288
0.32301 11.25089 0.06184
0.32352 11.32333 0.06072
0.32403 11.35008 0.06078
0.32453 11.17674 0.06045
0.32504 11.27909 0.06179
0.32555 11.27750 0.06135
0.32605 11.26342 0.06107
0.32656 11.29567 0.06149
0.32707 11.25586 0.06174
0.32757 11.10998 0.06125
0.32808 11.32419 0.06172
0.32859 11.28627 0.06193
0.32909 11.22196 0.06247
0.32960 11.22097 0.06219
0.33010 11.19527 0.06210
0.33061 11.23118 0.06304
0.33112 11.22796 0.06274
0.33162 11.20774 0.06302
0.33213 11.13837 0.06063
0.33264 11.09547 0.06209
0.33314 11.11654 0.06227
0.33365 11.09715 0.06211
0.33416 11.14874 0.06348
0.33466 11.18049 0.06338
0.33517 11.08732 0.06325
0.33568 11.10629 0.06224
0.33618 11.11890 0.06304
0.33669 10.94504 0.06253
0.33720 11.16598 0.06471
0.33770 11.13276 0.06255
0.33821 11.17741 0.06273
0.33872 11.03017 0.06197
0.33922 11.13431 0.06243
0.33973 10.97375 0.06271
0.34023 11.13546 0.06471
0.34074 11.07553 0.06308
0.34125 11.16196 0.06341
0.34175 10.99565 0.06333
0.34226 10.94178 0.06344
0.34277 11.07659 0.06206
0.34327 11.00713 0.06314
0.34378 11.11374 0.06135
0.34429 10.96721 0.06343
0.34479 11.01685 0.06207
0.34530 11.09450 0.06288
0.34581 10.97392 0.06266
0.34631 11.00630 0.06370
0.34682 10.99612 0.06344
0.34733 11.02577 0.06407
0.34783 10.99130 0.06381
0.34834 10.91991 0.06366
0.34884 10.96713 0.06341
0.34935 10.83648 0.06434
0.34986 10.89894 0.06551
0.35036 10.87062 0.06382
0.35087 10.87566 0.06360
0.35138 10.70261 0.06376
0.35188 10.77262 0.06252
0.35239 10.80447 0.06407
0.35290 10.82437 0.06184
0.35340 10.76822 0.06243
0.35391 10.88808 0.06137
0.35442 10.89063 0.06133
0.35492 10.85211 0.06224
0.35543 10.84354 0.06111
0.35594 10.82739 0.06035
0.35644 10.72993 0.05930
0.35695 10.84471 0.06053
0.35745 10.73950 0.05988
0.35796 10.79829 0.06040
0.35847 10.76751 0.05999
0.35897 10.75695 0.06133
0.35948 10.68428 0.06114
0.35999 10.69558 0.06162
0.36049 10.80735 0.06085
0.36100 10.74324 0.06019
0.36151 10.75529 0.06203
0.36201 10.72289 0.06108
0.36252 10.66607 0.06080
0.36303 10.73837 0.06058
0.36353 10.72667 0.06205
0.36404 10.71753 0.06130
0.36455 10.69624 0.06141
0.36505 10.79855 0.06153
0.36556 10.74556 0.06226
0.36606 10.64362 0.06151
0.36657 10.70555 0.06217
0.36708 10.66879 0.06183
0.36758 10.69173 0.06307
0.36809 10.54865 0.06513
0.36860 10.48928 0.06524
0.36910 10.55337 0.06647
0.36961 10.48228 0.06619
0.37012 10.51389 0.06595
0.37062 10.66357 0.06641
0.37113 10.47899 0.06557
0.37164 10.62669 0.06410
0.37214 10.61835 0.06434
0.37265 10.61743 0.06642
0.37315 10.60418 0.06461
0.37366 10.53476 0.06687
0.37417 10.69242 0.06538
0.37467 10.56214 0.06755
0.37518 10.55875 0.06468
0.37569 10.64573 0.06622
0.37619 10.41361 0.06771
0.37670 10.48543 0.06642
0.37721 10.61677 0.06733
0.37771 10.58579 0.06901
0.37822 10.57591 0.06681
0.37873 10.54075 0.06727
0.37923 10.48811 0.06800
0.37974 10.58353 0.06949
0.38024 10.53270 0.06836
0.38075 10.50378 0.06822
0.38126 10.49960 0.06922
0.38176 10.40895 0.07098
0.38227 10.44092 0.06898
0.38278 10.57159 0.07255
0.38328 10.55708 0.07075
0.38379 10.36992 0.07049
0.38430 10.53789 0.06740
0.38480 10.45746 0.07086
0.38531 10.42560 0.07250
0.38582 10.49325 0.07350
0.38632 10.43624 0.07208
0.38683 10.46119 0.07420
0.38733 10.38588 0.07193
0.38784 10.44002 0.07374
0.38835 10.44708 0.07411
0.38885 10.30397 0.07348
0.38936 10.35155 0.07258
0.38987 10.34647 0.07518
0.39037 10.47187 0.07468
0.39088 10.29140 0.07440
0.39139 10.40545 0.07522
0.39189 10.37091 0.07441
0.39240 10.46084 0.07537
0.39290 10.37523 0.07724
0.39341 10.44896 0.07835
0.39392 10.39519 0.08180
0.39442 10.33532 0.07852
0.39493 10.37063 0.07556
0.39544 10.22466 0.07694
0.39594 10.23955 0.07921
0.39645 10.31186 0.08001
0.39696 10.28015 0.07816
0.39746 10.38885 0.08017
0.39797 10.25708 0.08030
0.39847 10.28289 0.07701
0.39898 10.32897 0.08067
0.39949 10.18977 0.07952
0.39999 10.26124 0.08158
0.40050 10.34397 0.08081
0.40101 10.21310 0.08010
0.40151 10.11724 0.08268
0.40202 10.12743 0.08149
0.40253 10.15617 0.08221
0.40303 10.12320 0.08327
0.40354 10.20163 0.08521
0.40405 10.03699 0.08321
0.40455 10.28261 0.08483
0.40506 10.04759 0.08186
0.40556 10.25208 0.08888
0.40607 10.22201 0.08277
0.40658 10.22101 0.08644
0.40708 10.07067 0.08630
0.40759 10.34738 0.08873
0.40810 10.09041 0.08639
0.40860 10.21780 0.08935
0.40911 10.15753 0.08740
0.40962 10.10973 0.08305
0.41012 10.31304 0.09061
0.41063 10.06969 0.08858
0.41113 10.06004 0.08658
0.41164 10.00104 0.08556
0.41215 9.97495 0.08548
0.41265 10.13922 0.08904
0.41316 10.07889 0.08592
0.41367 10.10819 0.08886
0.41417 10.03831 0.08545
0.41468 10.07874 0.08834
0.41518 10.02183 0.08627
0.41569 10.03464 0.08725
0.41620 10.07731 0.08803
0.41670 10.02092 0.08607
0.41721 9.95021 0.08807
0.41772 10.05528 0.08902
0.41822 10.04716 0.09407
0.41873 9.95530 0.09021
0.41924 9.81246 0.08944
0.41974 9.94937 0.09100
0.42025 10.05735 0.08933
0.42075 10.21083 0.09333
0.42126 9.97674 0.09084
0.42177 9.99610 0.09570
0.42227 9.98254 0.09648
0.42278 9.88062 0.09277
0.42329 9.87859 0.09300
0.42379 9.90039 0.09512
0.42430 10.08067 0.09876
0.42481 9.83204 0.09424
0.42531 10.07457 0.09875
0.42582 9.78371 0.09778
0.42632 9.93333 0.09425
0.42683 9.95810 0.10444
0.42734 9.80063 0.09416
0.42784 9.98187 0.09638
0.42835 10.01481 0.10429
0.42886 10.12560 0.10228
0.42936 9.76078 0.10127
0.42987 9.95536 0.10473
0.43037 9.96834 0.10613
0.43088 9.94092 0.10712
0.43139 9.74795 0.10539
0.43189 9.85808 0.10763
0.43240 9.92319 0.10580
0.43291 9.73790 0.10401
0.43341 9.87272 0.10801
0.43392 9.74722 0.10606
0.43443 9.79998 0.11110
0.43493 9.93133 0.11302
0.43544 9.84700 0.11115
0.43594 9.78441 0.11705
0.43645 9.89710 0.10901
0.43696 9.99128 0.11446
0.43746 9.79820 0.11019
0.43797 9.75093 0.11927
0.43848 9.79834 0.11685
0.43898 9.95161 0.12389
0.43949 9.97613 0.12249
0.43999 9.90451 0.11769
