0.01140 1573.82579 61.69898
0.01191 1106.00584 49.57031
0.01242 739.53153 50.46566
0.01292 451.70283 37.56536
0.01343 312.43349 26.12595
0.01394 238.69543 19.23010
0.01444 198.63437 15.68697
0.01495 162.25718 12.88834
0.01546 126.08113 8.08377
0.01596 116.03276 7.79691
0.01647 101.12299 6.34776
0.01698 83.17968 4.78333
0.01748 75.09977 4.02880
0.01799 66.87767 3.09052
0.01850 60.87703 2.81208
0.01900 53.55003 2.26648
0.01951 50.66295 1.79625
0.02002 46.96192 1.72319
0.02052 42.18213 1.31914
0.02103 40.82352 1.20365
0.02154 37.14826 0.90490
0.02204 36.35492 0.85668
0.02255 34.17634 0.67603
0.02306 32.64001 0.58737
0.02356 31.17429 0.55401
0.02407 29.97017 0.49945
0.02458 28.83842 0.43713
0.02509 27.63677 0.37809
0.02559 26.79130 0.36581
0.02610 26.23045 0.32913
0.02661 25.00319 0.30583
0.02711 24.65416 0.28376
0.02762 23.55468 0.24097
0.02813 22.71128 0.26153
0.02863 22.08973 0.22811
0.02914 21.50182 0.21794
0.02965 21.75520 0.21516
0.03015 20.42958 0.20591
0.03066 20.76317 0.21735
0.03117 20.24611 0.20190
0.03167 19.83275 0.21068
0.03218 19.50377 0.19812
0.03269 18.97359 0.19555
0.03319 19.14339 0.19082
0.03370 18.44837 0.19659
0.03421 18.82856 0.19005
0.03471 17.92279 0.17604
0.03522 18.10537 0.17227
0.03573 17.85493 0.18224
0.03623 17.76745 0.17669
0.03674 17.54004 0.17909
0.03725 17.21197 0.15974
0.03775 17.02623 0.17021
0.03826 17.00588 0.15688
0.03877 16.84897 0.16657
0.03927 16.48812 0.16368
0.03978 16.20222 0.15513
0.04029 16.16351 0.15340
0.04080 16.29290 0.16303
0.04130 15.94873 0.14929
0.04181 15.84982 0.14546
0.04232 15.69903 0.15264
0.04282 15.40637 0.14443
0.04333 15.68579 0.15769
0.04384 15.65193 0.14881
0.04434 15.20281 0.14517
0.04485 15.42448 0.14514
0.04536 14.99433 0.13890
0.04586 14.85033 0.13366
0.04637 14.88038 0.13442
0.04688 15.15473 0.14424
0.04738 14.78035 0.14338
0.04789 14.56403 0.14105
0.04840 14.85159 0.13147
0.04890 14.70086 0.13551
0.04941 14.76863 0.13055
0.04992 14.58015 0.12945
0.05042 14.57704 0.13317
0.05093 14.50086 0.13454
0.05144 14.43661 0.13041
0.05194 14.39599 0.12559
0.05245 14.27034 0.12069
0.05296 14.10883 0.12499
0.05346 14.19366 0.12023
0.05397 14.01384 0.12788
0.05448 14.14020 0.12291
0.05498 13.77228 0.12294
0.05549 14.02507 0.11625
0.05600 13.91097 0.12489
0.05650 13.99105 0.11952
0.05701 13.94102 0.11660
0.05752 13.84294 0.11563
0.05803 13.91445 0.11557
0.05853 13.95486 0.11759
0.05904 13.86532 0.11674
0.05955 13.81659 0.11909
0.06005 13.51734 0.11415
0.06056 13.51909 0.11256
0.06107 13.76911 0.11413
0.06157 13.58381 0.11133
0.06208 13.52955 0.11606
0.06259 13.38928 0.11001
0.06309 13.53585 0.11080
0.06360 13.42919 0.10908
0.06411 13.28430 0.10645
0.06461 13.52661 0.10983
0.06512 13.29502 0.11099
0.06563 13.26418 0.11068
0.06613 13.12207 0.10740
0.06664 13.28292 0.11055
0.06715 13.24153 0.10414
0.06765 13.36648 0.10538
0.06816 13.24130 0.10694
0.06867 13.03416 0.10404
0.06917 13.16896 0.10674
0.06968 13.23332 0.10004
0.07019 12.87231 0.10592
0.07069 12.85458 0.10760
0.07120 13.08849 0.10286
0.07171 12.86112 0.09719
0.07221 13.01576 0.10714
0.07272 12.98752 0.10097
0.07323 13.15273 0.10274
0.07373 12.87959 0.10320
0.07424 12.81055 0.09951
0.07475 12.84935 0.10452
0.07526 12.87461 0.09786
0.07576 12.87165 0.10058
0.07627 12.93061 0.09760
0.07678 12.78622 0.09672
0.07728 12.75712 0.09943
0.07779 12.88265 0.09495
0.07830 12.81769 0.09643
0.07880 13.02906 0.09403
0.07931 12.89005 0.09768
0.07982 12.77851 0.09253
0.08032 12.85721 0.09713
0.08083 12.64176 0.09375
0.08134 12.71046 0.09649
0.08184 12.69174 0.09646
0.08235 12.68525 0.09589
0.08286 12.62320 0.09847
0.08336 12.69010 0.09420
0.08387 12.67012 0.09746
0.08438 12.57194 0.09700
0.08488 12.75394 0.10251
0.08539 12.57849 0.09669
0.08590 12.42916 0.09483
0.08640 12.47951 0.09581
0.08691 12.32978 0.09828
0.08742 12.40552 0.09759
0.08792 12.54733 0.09684
0.08843 12.38496 0.09684
0.08894 12.54874 0.09393
0.08944 12.44957 0.09571
0.08995 12.45859 0.09266
0.09046 12.34588 0.09539
0.09096 12.37478 0.09997
0.09147 12.34217 0.10271
0.09198 12.48857 0.10032
0.09248 12.43620 0.10051
0.09299 12.16066 0.10085
0.09350 12.23206 0.10137
0.09401 12.14119 0.09907
0.09451 12.32938 0.10139
0.09502 12.27201 0.09577
0.09553 12.18841 0.09690
0.09603 12.29819 0.09829
0.09654 12.11307 0.09764
0.09705 12.37108 0.10160
0.09755 12.23041 0.09357
0.09806 12.09945 0.09609
0.09857 12.21504 0.09736
0.09907 12.16248 0.09583
0.09958 12.04303 0.09412
0.10009 12.21622 0.09762
0.10059 12.20584 0.09398
0.10110 11.94922 0.09612
0.10161 12.22609 0.09216
0.10211 11.98511 0.08998
0.10262 12.08384 0.09031
0.10313 12.04791 0.09271
0.10363 12.03327 0.09284
0.10414 12.01977 0.09710
0.10465 12.02445 0.09284
0.10515 12.06873 0.09402
0.10566 11.98280 0.09225
0.10617 11.98949 0.09195
0.10667 11.91091 0.09063
0.10718 11.98674 0.08786
0.10769 12.03762 0.09240
0.10819 11.97127 0.08813
0.10870 11.97091 0.08821
0.10921 11.93516 0.08904
0.10971 11.90484 0.08920
0.11022 12.05972 0.08743
0.11073 11.97772 0.08306
0.11123 11.84829 0.08697
0.11174 11.84010 0.08725
0.11225 11.84985 0.08516
0.11275 11.81013 0.08593
0.11326 11.89670 0.08422
0.11377 11.80700 0.08620
0.11428 11.88662 0.08356
0.11478 11.87226 0.08312
0.11529 11.87274 0.08245
0.11580 11.79374 0.08236
0.11630 11.84148 0.08100
0.11681 11.64600 0.08338
0.11732 11.70446 0.08231
0.11782 11.88713 0.08243
0.11833 11.93785 0.08193
0.11884 11.75012 0.08033
0.11934 11.64356 0.08051
0.11985 11.59329 0.07919
0.12036 11.78815 0.08127
0.12086 11.71793 0.08345
0.12137 11.56617 0.08007
0.12188 11.83871 0.07746
0.12238 11.70268 0.08101
0.12289 11.62992 0.07881
0.12340 11.65166 0.07603
0.12390 11.56591 0.07681
0.12441 11.60402 0.07710
0.12492 11.50116 0.07718
0.12542 11.63431 0.07890
0.12593 11.60497 0.07831
0.12644 11.58031 0.07633
0.12694 11.54848 0.07644
0.12745 11.59593 0.07698
0.12796 11.61024 0.07760
0.12846 11.49854 0.07501
0.12897 11.60139 0.07636
0.12948 11.49998 0.07431
0.12998 11.37480 0.07390
0.13049 11.50244 0.07560
0.13100 11.62883 0.07371
0.13150 11.50674 0.07400
0.13201 11.53376 0.07276
0.13252 11.50181 0.07514
0.13302 11.58222 0.07318
0.13353 11.58315 0.07285
0.13404 11.45505 0.07373
0.13454 11.35344 0.07242
0.13505 11.46189 0.07129
0.13556 11.39413 0.07528
0.13606 11.52903 0.07324
0.13657 11.29336 0.07224
0.13708 11.29631 0.07247
0.13758 11.38814 0.07113
0.13809 11.41149 0.07073
0.13860 11.35500 0.07101
0.13911 11.42554 0.07079
0.13961 11.38882 0.07257
0.14012 11.33929 0.07040
0.14063 11.41186 0.07118
0.14113 11.31903 0.07018
0.14164 11.47080 0.07221
0.14215 11.43283 0.07042
0.14265 11.31292 0.06897
0.14316 11.23508 0.06950
0.14367 11.31288 0.06900
0.14417 11.27668 0.06774
0.14468 11.21453 0.06820
0.14519 11.28145 0.06904
0.14569 11.18254 0.07065
0.14620 11.20572 0.06856
0.14671 11.23221 0.06919
0.14721 11.20332 0.06774
0.14772 11.14578 0.06705
0.14823 11.16314 0.06887
0.14873 11.21678 0.06672
0.14924 11.14844 0.06783
0.14975 11.09857 0.06807
0.15025 11.11543 0.06778
0.15076 11.08724 0.06699
0.15127 11.10455 0.06682
0.15177 11.02292 0.06702
0.15228 11.06603 0.06371
0.15279 10.99825 0.06726
0.15329 10.98472 0.06534
0.15380 11.11391 0.06661
0.15431 10.85875 0.06459
0.15481 10.98441 0.06620
0.15532 10.95525 0.06448
0.15583 10.93362 0.06604
0.15633 10.86874 0.06457
0.15684 10.80374 0.06366
0.15735 10.96967 0.06457
0.15785 10.86987 0.06346
0.15836 10.93425 0.06367
0.15887 10.91045 0.06465
0.15937 10.84466 0.06410
0.15988 10.85012 0.06332
0.16039 10.89718 0.06327
0.16089 10.80082 0.06292
0.16140 10.80129 0.06365
0.16191 10.82304 0.06315
0.16241 10.76186 0.06177
0.16292 10.82067 0.06278
0.16343 10.84408 0.06406
0.16393 10.77870 0.06301
0.16444 10.71346 0.06399
0.16495 10.75390 0.06341
0.16545 10.70583 0.06161
0.16596 10.83954 0.06261
0.16647 10.66348 0.06099
0.16697 10.67373 0.06358
0.16748 10.66501 0.06214
0.16799 10.60534 0.06128
0.16849 10.71947 0.06158
0.16900 10.65123 0.06268
0.16951 10.59650 0.06204
0.17001 10.72080 0.06364
0.17052 10.61477 0.06276
0.17103 10.67435 0.06086
0.17153 10.73661 0.06291
0.17204 10.54853 0.06245
0.17255 10.60538 0.06281
0.17305 10.60785 0.06322
0.17356 10.63979 0.06368
0.17407 10.56172 0.06228
0.17457 10.51585 0.06340
0.17508 10.38953 0.06355
0.17559 10.60313 0.06351
0.17610 10.56292 0.06260
0.17660 10.44197 0.06235
0.17711 10.47348 0.06358
0.17762 10.45864 0.06259
0.17812 10.60338 0.06342
0.17863 10.49863 0.06349
0.17914 10.52186 0.06275
0.17964 10.55390 0.06305
0.18015 10.45652 0.06385
0.18066 10.50051 0.06593
0.18116 10.45056 0.06356
0.18167 10.52141 0.06443
0.18218 10.49172 0.06324
0.18268 10.46650 0.06464
0.18319 10.47039 0.06355
0.18370 10.47696 0.06483
0.18420 10.53364 0.06579
0.18471 10.45848 0.06672
0.18522 10.30373 0.06547
0.18572 10.46357 0.06580
0.18623 10.41097 0.06644
0.18674 10.40546 0.06485
0.18724 10.39059 0.06585
0.18775 10.30845 0.06587
0.18826 10.51295 0.06846
0.18876 10.39186 0.06712
0.18927 10.42611 0.06705
0.18978 10.35452 0.06651
0.19028 10.33536 0.06724
0.19079 10.40066 0.06702
0.19130 10.25689 0.06628
0.19180 10.36104 0.06807
0.19231 10.37680 0.06672
0.19282 10.38762 0.06820
0.19332 10.22473 0.06626
0.19383 10.20327 0.06690
0.19434 10.25040 0.06669
0.19484 10.22590 0.06833
0.19535 10.24355 0.06510
0.19586 10.24792 0.06832
0.19636 10.17869 0.06745
0.19687 10.23793 0.06910
0.19738 10.29380 0.06613
0.19788 10.33651 0.06702
0.19839 10.07112 0.06686
0.19890 10.24835 0.06555
0.19940 10.09520 0.06943
0.19991 10.22725 0.06781
0.20042 10.11755 0.06686
0.20092 10.20070 0.06820
0.20143 10.18172 0.06787
0.20194 10.14888 0.06854
0.20244 10.12988 0.06840
0.20295 10.17984 0.06716
0.20346 10.22679 0.06880
0.20396 10.19505 0.06850
0.20447 10.17611 0.06710
0.20498 10.16545 0.06970
0.20548 10.14887 0.06653
0.20599 10.14651 0.06847
0.20650 10.09595 0.06720
0.20700 10.05666 0.06739
0.20751 10.08522 0.06767
0.20802 10.08586 0.06794
0.20852 10.04952 0.06525
0.20903 9.99462 0.06780
0.20954 10.09160 0.06647
0.21004 10.02507 0.06647
0.21055 10.06984 0.06526
0.21106 10.13039 0.06824
0.21156 10.11735 0.06833
0.21207 10.10316 0.06713
0.21258 10.04142 0.06716
0.21308 10.01719 0.06809
0.21359 10.08227 0.06808
0.21410 9.96451 0.06884
0.21460 9.97607 0.06731
0.21511 9.93463 0.06908
0.21562 10.00125 0.06750
0.21612 10.07333 0.06655
0.21663 9.99047 0.06747
0.21714 9.89118 0.06715
0.21764 9.95999 0.06620
0.21815 9.98676 0.06619
0.21866 9.88105 0.06684
0.21916 9.96405 0.06755
0.21967 9.81886 0.06679
0.22018 9.91153 0.06759
0.22068 9.86741 0.06698
0.22119 9.88034 0.06713
0.22170 9.79491 0.06715
0.22220 9.83334 0.06440
0.22271 9.81998 0.06598
0.22322 9.82607 0.06798
0.22372 9.75701 0.06600
0.22423 9.74843 0.06423
0.22474 9.80479 0.06447
0.22524 9.70010 0.06326
0.22575 9.82013 0.06620
0.22626 9.81225 0.06301
0.22676 9.76768 0.06400
0.22727 9.82589 0.06432
0.22778 9.71256 0.06414
0.22828 9.73817 0.06248
0.22879 9.76013 0.06391
0.22930 9.70946 0.06225
0.22980 9.84180 0.06356
0.23031 9.77232 0.06391
0.23082 9.71441 0.06255
0.23132 9.67189 0.06283
0.23183 9.67832 0.06340
0.23234 9.71042 0.06266
0.23284 9.72306 0.06207
0.23335 9.67732 0.05998
0.23386 9.63820 0.06012
0.23436 9.59269 0.06047
0.23487 9.61373 0.06057
0.23538 9.57580 0.06028
0.23588 9.63018 0.06083
0.23639 9.60329 0.06078
0.23690 9.67604 0.06139
0.23740 9.51397 0.05949
0.23791 9.68626 0.05976
0.23842 9.63446 0.06094
0.23892 9.63419 0.06001
0.23943 9.55466 0.05959
0.23994 9.66080 0.05987
0.24044 9.48930 0.06006
0.24095 9.48941 0.05883
0.24145 9.58266 0.05882
0.24196 9.48214 0.05875
0.24247 9.52250 0.06164
0.24297 9.61944 0.05898
0.24348 9.62462 0.05860
0.24399 9.52762 0.05867
0.24449 9.48189 0.05931
0.24500 9.57204 0.06008
0.24551 9.45516 0.05858
0.24601 9.55729 0.05841
0.24652 9.48045 0.05894
0.24703 9.61608 0.05838
0.24753 9.40070 0.05911
0.24804 9.43792 0.05814
0.24855 9.36164 0.05653
0.24905 9.55342 0.05865
0.24956 9.44476 0.05869
0.25007 9.30242 0.05684
0.25057 9.40755 0.05835
0.25108 9.44803 0.05795
0.25159 9.34564 0.05628
0.25209 9.38430 0.05657
0.25260 9.40290 0.05819
0.25311 9.47997 0.05708
0.25361 9.49595 0.05541
0.25412 9.31736 0.05576
0.25463 9.26249 0.05670
0.25513 9.36089 0.05626
0.25564 9.38046 0.05632
0.25615 9.48909 0.05640
0.25665 9.36669 0.05623
0.25716 9.34515 0.05494
0.25767 9.36188 0.05699
0.25817 9.33800 0.05500
0.25868 9.37559 0.05524
0.25919 9.32577 0.05398
0.25969 9.24061 0.05406
0.26020 9.27956 0.05346
0.26071 9.24134 0.05498
0.26121 9.28304 0.05490
0.26172 9.31616 0.05409
0.26223 9.30752 0.05460
0.26273 9.22977 0.05344
0.26324 9.23385 0.05447
0.26375 9.27863 0.05391
0.26425 9.25620 0.05378
0.26476 9.22213 0.05391
0.26527 9.17819 0.05483
0.26577 9.22691 0.05313
0.26628 9.25524 0.05441
0.26679 9.22895 0.05398
0.26729 9.26181 0.05291
0.26780 9.20625 0.05338
0.26831 9.16573 0.05280
0.26881 9.24583 0.05408
0.26932 9.16819 0.05392
0.26983 9.14633 0.05267
0.27033 9.13151 0.05294
0.27084 9.21176 0.05194
0.27134 9.09312 0.05284
0.27185 9.18793 0.05176
0.27236 9.20734 0.05261
0.27286 9.18358 0.05345
0.27337 9.20740 0.05317
0.27388 9.15435 0.05184
0.27438 9.03766 0.05189
0.27489 8.97733 0.05168
0.27540 9.06856 0.05334
0.27590 9.07040 0.05279
0.27641 9.05325 0.05203
0.27692 9.13424 0.05351
0.27742 9.11762 0.05260
0.27793 9.01234 0.05200
0.27844 9.12010 0.05209
0.27894 8.95010 0.05093
0.27945 9.10985 0.05159
0.27996 8.92883 0.05000
0.28046 9.01690 0.05185
0.28097 8.95970 0.05191
0.28148 9.03934 0.05088
0.28198 8.98352 0.05180
0.28249 9.05376 0.05101
0.28300 8.94201 0.05210
0.28350 8.98051 0.05008
0.28401 8.99575 0.05104
0.28452 9.00750 0.04926
0.28502 8.90991 0.05059
0.28553 8.90953 0.05067
0.28604 8.92539 0.05049
0.28654 9.03789 0.04997
0.28705 8.99755 0.04991
0.28756 8.84076 0.05146
0.28806 8.90528 0.05091
0.28857 8.88626 0.05062
0.28908 8.87514 0.05118
0.28958 8.94990 0.05045
0.29009 8.93876 0.05091
0.29059 8.85136 0.05154
0.29110 8.83214 0.04969
0.29161 8.91966 0.05073
0.29211 8.92458 0.05152
0.29262 8.88160 0.05178
0.29313 8.86651 0.05155
0.29363 8.79808 0.05047
0.29414 8.90530 0.05001
0.29465 8.83330 0.05130
0.29515 8.84429 0.05048
0.29566 8.75875 0.05073
0.29617 8.88364 0.05095
0.29667 8.83991 0.05108
0.29718 8.78621 0.05161
0.29769 8.82949 0.05109
0.29819 8.77103 0.05045
0.29870 8.77693 0.05140
0.29921 8.83958 0.04993
0.29971 8.75963 0.05084
0.30022 8.75801 0.05022
0.30073 8.75321 0.05049
0.30123 8.66970 0.05032
0.30174 8.77567 0.05070
0.30225 8.80447 0.05088
0.30275 8.68922 0.05070
0.30326 8.72912 0.05007
0.30377 8.72679 0.05067
0.30427 8.71651 0.04979
0.30478 8.79539 0.05087
0.30529 8.70209 0.04947
0.30579 8.69930 0.04919
0.30630 8.67905 0.05076
0.30680 8.67549 0.04933
0.30731 8.64723 0.04871
0.30782 8.66718 0.04993
0.30832 8.65406 0.04831
0.30883 8.61185 0.04883
0.30934 8.62310 0.04898
0.30984 8.62373 0.04931
0.31035 8.63500 0.04977
0.31086 8.63258 0.05132
0.31136 8.65168 0.05219
0.31187 8.64489 0.05090
0.31238 8.72712 0.05250
0.31288 8.68592 0.05266
0.31339 8.64980 0.05279
0.31390 8.62343 0.05185
0.31440 8.56069 0.05174
0.31491 8.62368 0.05237
0.31542 8.63203 0.05449
0.31592 8.52198 0.05231
0.31643 8.60451 0.05357
0.31694 8.55799 0.05233
0.31744 8.60956 0.05424
0.31795 8.51041 0.05335
0.31845 8.61076 0.05413
0.31896 8.55042 0.05374
0.31947 8.54635 0.05400
0.31997 8.49413 0.05343
0.32048 8.51239 0.05264
0.32099 8.51865 0.05338
0.32149 8.57467 0.05498
0.32200 8.42286 0.05311
0.32251 8.48000 0.05398
0.32301 8.53185 0.05777
0.32352 8.50924 0.05372
0.32403 8.52969 0.05354
0.32453 8.45277 0.05487
0.32504 8.51827 0.05255
0.32555 8.52740 0.05230
0.32605 8.43565 0.05340
0.32656 8.48780 0.05321
0.32707 8.50658 0.05453
0.32757 8.54266 0.05238
0.32808 8.39650 0.05352
0.32859 8.42229 0.05367
0.32909 8.43736 0.05401
0.32960 8.52597 0.05498
0.33010 8.44418 0.05437
0.33061 8.40443 0.05343
0.33112 8.40265 0.05316
0.33162 8.57331 0.05312
0.33213 8.49955 0.05406
0.33264 8.39892 0.05369
0.33314 8.41116 0.05329
0.33365 8.42056 0.05314
0.33416 8.34949 0.05470
0.33466 8.41472 0.05469
0.33517 8.36937 0.05460
0.33568 8.33447 0.05350
0.33618 8.46060 0.05424
0.33669 8.37176 0.05424
0.33720 8.44746 0.05381
0.33770 8.42060 0.05461
0.33821 8.35868 0.05480
0.33872 8.40717 0.05427
0.33922 8.42577 0.05429
0.33973 8.43943 0.05448
0.34023 8.44637 0.05551
0.34074 8.49975 0.05513
0.34125 8.29666 0.05384
0.34175 8.31807 0.05491
0.34226 8.41536 0.05644
0.34277 8.35286 0.05544
0.34327 8.37796 0.05535
0.34378 8.28711 0.05458
0.34429 8.37050 0.05399
0.34479 8.30971 0.05481
0.34530 8.23964 0.05569
0.34581 8.34804 0.05505
0.34631 8.35441 0.05595
0.34682 8.38594 0.05486
0.34733 8.27998 0.05555
0.34783 8.27162 0.05503
0.34834 8.23935 0.05513
0.34884 8.28430 0.05562
0.34935 8.41345 0.05620
0.34986 8.28479 0.05434
0.35036 8.27008 0.05559
0.35087 8.19101 0.05611
0.35138 8.20557 0.05423
0.35188 8.21214 0.05557
0.35239 8.30523 0.05558
0.35290 8.26611 0.05583
0.35340 8.28912 0.05395
0.35391 8.19941 0.05210
0.35442 8.22663 0.05217
0.35492 8.12998 0.05193
0.35543 8.27768 0.05294
0.35594 8.15152 0.05207
0.35644 8.20693 0.05213
0.35695 8.12630 0.05288
0.35745 8.23556 0.05353
0.35796 8.18564 0.05287
0.35847 8.18713 0.05422
0.35897 8.22800 0.05335
0.35948 8.20949 0.05349
0.35999 8.06598 0.05229
0.36049 8.14786 0.05255
0.36100 8.16935 0.05287
0.36151 8.19739 0.05498
0.36201 8.12072 0.05273
0.36252 8.11079 0.05292
0.36303 8.14213 0.05335
0.36353 8.05228 0.05357
0.36404 8.09467 0.05439
0.36455 8.08498 0.05386
0.36505 8.19805 0.05357
0.36556 8.16113 0.05517
0.36606 8.12397 0.05396
0.36657 8.04675 0.05460
0.36708 8.13367 0.05512
0.36758 8.09178 0.05509
0.36809 8.07956 0.05594
0.36860 8.01111 0.05624
0.36910 8.03454 0.05687
0.36961 8.00267 0.05637
0.37012 8.06787 0.05699
0.37062 8.06166 0.05736
0.37113 8.05361 0.05641
0.37164 7.99432 0.05696
0.37214 8.03843 0.05676
0.37265 8.17616 0.05735
0.37315 7.94689 0.05585
0.37366 8.11105 0.05777
0.37417 8.06752 0.05855
0.37467 8.06177 0.05920
0.37518 8.00011 0.05704
0.37569 8.21510 0.05852
0.37619 8.07296 0.05554
0.37670 7.98105 0.05868
0.37721 8.10855 0.05854
0.37771 8.03576 0.06082
0.37822 8.00485 0.05870
0.37873 7.90523 0.05871
0.37923 7.96343 0.05822
0.37974 8.01905 0.06092
0.38024 7.98280 0.05837
0.38075 8.03609 0.06088
0.38126 8.05247 0.06140
0.38176 7.97814 0.06089
0.38227 8.00670 0.05971
0.38278 7.94223 0.06078
0.38328 7.97791 0.06280
0.38379 8.06512 0.06257
0.38430 8.01640 0.06399
0.38480 8.07115 0.06411
0.38531 8.00062 0.06370
0.38582 7.92812 0.06445
0.38632 7.83649 0.06149
0.38683 8.00183 0.06385
0.38733 7.96754 0.06444
0.38784 7.91065 0.06515
0.38835 7.92789 0.06326
0.38885 7.84414 0.06245
0.38936 7.92170 0.06516
0.38987 7.96180 0.06550
0.39037 7.85541 0.06581
0.39088 7.88018 0.06525
0.39139 7.95754 0.06657
0.39189 7.92665 0.06563
0.39240 7.92294 0.06610
0.39290 8.16092 0.06683
0.39341 7.88659 0.06526
0.39392 7.87827 0.07383
0.39442 7.94344 0.06703
0.39493 7.93357 0.06926
0.39544 7.94236 0.06934
0.39594 7.91436 0.06636
0.39645 7.82149 0.07013
0.39696 7.91122 0.07001
0.39746 7.89448 0.06942
0.39797 7.82284 0.07019
0.39847 7.80725 0.06972
0.39898 7.97205 0.06983
0.39949 7.88327 0.07055
0.39999 7.88903 0.07052
0.40050 7.99935 0.07153
0.40101 7.91274 0.07248
0.40151 7.82323 0.07096
0.40202 7.73605 0.07209
0.40253 7.81678 0.07174
0.40303 7.74102 0.07388
0.40354 7.84001 0.07307
0.40405 7.87120 0.07255
0.40455 7.84817 0.07636
0.40506 7.58293 0.07048
0.40556 7.72813 0.07617
0.40607 7.72115 0.07257
0.40658 7.75566 0.07372
0.40708 7.77839 0.07350
0.40759 7.90231 0.07641
0.40810 7.98204 0.07444
0.40860 7.76729 0.07696
0.40911 7.64342 0.07574
0.40962 7.73290 0.07729
0.41012 7.84072 0.07683
0.41063 7.73612 0.07441
0.41113 7.58305 0.07541
0.41164 7.79071 0.07764
0.41215 7.72437 0.07343
0.41265 7.67995 0.07495
0.41316 7.60596 0.07758
0.41367 7.69856 0.07451
0.41417 7.71703 0.07704
0.41468 7.71768 0.07725
0.41518 7.51834 0.07640
0.41569 7.70696 0.07646
0.41620 7.70764 0.07628
0.41670 7.71048 0.07919
0.41721 7.77788 0.07543
0.41772 7.82751 0.08076
0.41822 7.62145 0.07840
0.41873 7.68475 0.08025
0.41924 7.62568 0.07987
0.41974 7.62878 0.07977
0.42025 7.69204 0.07930
0.42075 7.55363 0.08109
0.42126 7.77932 0.07841
0.42177 7.83992 0.08409
0.42227 7.54873 0.08007
0.42278 7.74524 0.08193
0.42329 7.58383 0.08252
0.42379 7.57974 0.08082
0.42430 7.60281 0.08374
0.42481 7.69205 0.08104
0.42531 7.67532 0.08665
0.42582 7.63661 0.08700
0.42632 7.67980 0.08480
0.42683 7.48726 0.08463
0.42734 7.74239 0.08719
0.42784 7.79732 0.08499
0.42835 7.69821 0.09191
0.42886 7.63125 0.09011
0.42936 7.66775 0.08905
0.42987 7.68419 0.09263
0.43037 7.54727 0.08982
0.43088 7.64505 0.09102
0.43139 7.47083 0.08982
0.43189 7.65913 0.08977
0.43240 7.62511 0.09435
0.43291 7.59191 0.09442
0.43341 7.53877 0.09635
0.43392 7.56623 0.09158
0.43443 7.50385 0.09580
0.43493 7.63375 0.09618
0.43544 7.65251 0.10621
0.43594 7.39755 0.09865
0.43645 7.58698 0.10024
0.43696 7.60241 0.09524
0.43746 7.60293 0.10140
0.43797 7.72465 0.10430
0.43848 7.51359 0.09693
0.43898 7.51867 0.10443
0.43949 7.37934 0.09855
0.43999 7.68331 0.10599
