0.01140 1484.76475 62.12232
0.01191 1034.65663 48.85250
0.01242 684.93122 51.48056
0.01292 404.67753 36.68908
0.01343 272.54106 24.83904
0.01394 205.32582 18.83653
0.01444 171.92322 15.37280
0.01495 140.56707 12.50240
0.01546 108.09430 7.95274
0.01596 102.99466 7.76112
0.01647 89.26921 5.94640
0.01698 73.94494 4.44377
0.01748 67.58642 3.96927
0.01799 63.72492 3.26051
0.01850 60.09438 2.79476
0.01900 52.87866 2.10302
0.01951 51.35185 1.75409
0.02002 48.44709 1.62735
0.02052 45.86873 1.32192
0.02103 45.32625 1.19211
0.02154 42.81693 0.91691
0.02204 41.05631 0.83117
0.02255 38.59334 0.66029
0.02306 37.67945 0.60255
0.02356 37.48311 0.54390
0.02407 36.44593 0.48329
0.02458 34.98897 0.47751
0.02509 35.04370 0.39840
0.02559 34.15555 0.40857
0.02610 33.42907 0.33961
0.02661 32.87526 0.32926
0.02711 32.30784 0.30972
0.02762 32.19388 0.30157
0.02813 31.27153 0.26550
0.02863 30.48269 0.26134
0.02914 30.28510 0.25072
0.02965 29.74654 0.24866
0.03015 29.50521 0.23939
0.03066 28.98808 0.24913
0.03117 28.99489 0.23056
0.03167 28.75009 0.22710
0.03218 28.06898 0.24892
0.03269 28.04387 0.24288
0.03319 28.02853 0.23237
0.03370 27.66974 0.23184
0.03421 27.58364 0.22977
0.03471 27.43321 0.22477
0.03522 27.18328 0.21782
0.03573 27.08962 0.22097
0.03623 27.15468 0.22484
0.03674 26.81530 0.21920
0.03725 26.70327 0.20775
0.03775 26.34040 0.20450
0.03826 25.95877 0.21346
0.03877 26.40633 0.20479
0.03927 26.46620 0.20449
0.03978 26.03254 0.20221
0.04029 25.87505 0.19506
0.04080 25.53620 0.20359
0.04130 25.59062 0.19503
0.04181 25.58322 0.17818
0.04232 25.52375 0.18540
0.04282 25.36890 0.19238
0.04333 24.67934 0.18212
0.04384 25.04954 0.19001
0.04434 24.80022 0.18098
0.04485 24.64437 0.18211
0.04536 24.55476 0.18304
0.04586 24.35044 0.17904
0.04637 24.61027 0.18511
0.04688 24.38048 0.17702
0.04738 24.23724 0.18223
0.04789 24.08492 0.17393
0.04840 24.00835 0.17000
0.04890 24.27530 0.16309
0.04941 24.07369 0.16305
0.04992 23.97422 0.17237
0.05042 23.93039 0.16671
0.05093 23.81540 0.16395
0.05144 23.62741 0.17063
0.05194 23.51333 0.16475
0.05245 23.26203 0.15371
0.05296 23.64982 0.15519
0.05346 23.24324 0.15799
0.05397 23.55783 0.16297
0.05448 23.44393 0.16178
0.05498 23.14493 0.15711
0.05549 23.36022 0.15054
0.05600 23.19503 0.15381
0.05650 23.07221 0.15004
0.05701 22.97985 0.15619
0.05752 22.93605 0.15219
0.05803 22.82105 0.15322
0.05853 22.87534 0.14874
0.05904 22.53516 0.14935
0.05955 22.42704 0.14786
0.06005 22.68910 0.14861
0.06056 22.33290 0.15139
0.06107 22.32807 0.15293
0.06157 22.47506 0.14532
0.06208 22.26418 0.14790
0.06259 22.52577 0.14756
0.06309 22.06718 0.14362
0.06360 22.25089 0.14628
0.06411 22.08113 0.13999
0.06461 22.02659 0.14276
0.06512 21.92290 0.14143
0.06563 22.08678 0.13933
0.06613 21.73981 0.13349
0.06664 22.02243 0.13505
0.06715 21.98800 0.13863
0.06765 21.86961 0.13512
0.06816 21.72762 0.13900
0.06867 21.55204 0.13392
0.06917 21.62569 0.13286
0.06968 21.64939 0.13103
0.07019 21.46169 0.13806
0.07069 21.41170 0.13346
0.07120 21.44037 0.12830
0.07171 21.48235 0.13246
0.07221 21.25387 0.13418
0.07272 21.11587 0.12681
0.07323 21.11567 0.12833
0.07373 21.08307 0.13235
0.07424 21.19032 0.12999
0.07475 21.05569 0.12805
0.07526 20.85305 0.12703
0.07576 20.63346 0.12658
0.07627 20.88065 0.12996
0.07678 20.54833 0.12509
0.07728 20.73468 0.11883
0.07779 20.83152 0.12311
0.07830 20.93695 0.12133
0.07880 20.56716 0.12340
0.07931 20.64582 0.12311
0.07982 20.52462 0.12073
0.08032 20.50695 0.11758
0.08083 20.30843 0.11916
0.08134 20.50675 0.12396
0.08184 20.48707 0.12144
0.08235 20.44701 0.12259
0.08286 20.16731 0.12524
0.08336 20.33246 0.12787
0.08387 19.96022 0.12481
0.08438 20.14557 0.12386
0.08488 20.13352 0.12687
0.08539 20.07254 0.12682
0.08590 20.03716 0.12468
0.08640 20.08691 0.12554
0.08691 19.93753 0.12040
0.08742 19.94176 0.12504
0.08792 19.86986 0.12031
0.08843 19.83947 0.12358
0.08894 19.69291 0.11840
0.08944 19.52389 0.12333
0.08995 19.90332 0.11982
0.09046 19.72978 0.12040
0.09096 19.65063 0.12426
0.09147 19.54386 0.12399
0.09198 19.67720 0.12331
0.09248 19.24205 0.12329
0.09299 19.27489 0.12615
0.09350 19.26220 0.13169
0.09401 19.38673 0.12784
0.09451 19.40019 0.12492
0.09502 19.35401 0.12281
0.09553 19.54507 0.12277
0.09603 19.13331 0.12701
0.09654 19.15365 0.12149
0.09705 19.20102 0.12079
0.09755 19.05791 0.12008
0.09806 18.85465 0.11864
0.09857 18.94031 0.12216
0.09907 19.05634 0.12134
0.09958 19.02915 0.12100
0.10009 19.05724 0.12285
0.10059 18.74304 0.12040
0.10110 19.04529 0.12011
0.10161 18.64845 0.11455
0.10211 18.72709 0.11521
0.10262 18.90995 0.11528
0.10313 18.72282 0.11586
0.10363 18.38954 0.11513
0.10414 18.63182 0.11535
0.10465 18.73637 0.11776
0.10515 18.58890 0.11445
0.10566 18.64762 0.11836
0.10617 18.45831 0.11278
0.10667 18.47425 0.11522
0.10718 18.41660 0.11107
0.10769 18.38813 0.11054
0.10819 18.23734 0.11111
0.10870 18.32954 0.11077
0.10921 18.32508 0.10972
0.10971 18.28208 0.10518
0.11022 18.30169 0.10576
0.11073 18.06389 0.10554
0.11123 17.93717 0.10683
0.11174 18.12147 0.10753
0.11225 18.11900 0.10508
0.11275 17.97070 0.10454
0.11326 17.97782 0.10654
0.11377 17.85078 0.10108
0.11428 17.82235 0.10343
0.11478 17.90796 0.10207
0.11529 17.83254 0.10402
0.11580 17.85648 0.10179
0.11630 17.76381 0.10177
0.11681 17.78126 0.10352
0.11732 17.66667 0.10230
0.11782 17.62818 0.09949
0.11833 17.63521 0.09925
0.11884 17.75229 0.10163
0.11934 17.46054 0.09668
0.11985 17.63537 0.09689
0.12036 17.60004 0.09887
0.12086 17.60942 0.09756
0.12137 17.60514 0.09807
0.12188 17.36614 0.09521
0.12238 17.48580 0.09878
0.12289 17.47676 0.09708
0.12340 17.26165 0.09467
0.12390 17.33112 0.09503
0.12441 17.57393 0.09624
0.12492 17.19850 0.09714
0.12542 17.40008 0.09763
0.12593 17.20004 0.09245
0.12644 17.17137 0.09275
0.12694 17.09423 0.09309
0.12745 17.24957 0.09538
0.12796 17.04870 0.09426
0.12846 17.12683 0.08995
0.12897 17.09444 0.09177
0.12948 17.10753 0.08952
0.12998 16.98226 0.09156
0.13049 16.89186 0.08819
0.13100 16.89894 0.08961
0.13150 16.81089 0.08823
0.13201 16.93548 0.08888
0.13252 16.88963 0.08664
0.13302 16.73682 0.08691
0.13353 16.79091 0.08796
0.13404 16.81701 0.08917
0.13454 16.77275 0.08980
0.13505 16.82936 0.08917
0.13556 16.92442 0.08609
0.13606 16.72142 0.08718
0.13657 16.76683 0.08697
0.13708 16.67087 0.08790
0.13758 16.67709 0.08634
0.13809 16.68632 0.08755
0.13860 16.43619 0.08501
0.13911 16.55328 0.08146
0.13961 16.53064 0.08665
0.14012 16.41625 0.08490
0.14063 16.37620 0.08622
0.14113 16.52119 0.08546
0.14164 16.53566 0.08480
0.14215 16.41655 0.08314
0.14265 16.44268 0.08332
0.14316 16.33804 0.08328
0.14367 16.20699 0.08229
0.14417 16.22802 0.08300
0.14468 16.43281 0.08485
0.14519 16.24805 0.08301
0.14569 16.30375 0.08641
0.14620 16.27242 0.08430
0.14671 16.15993 0.08107
0.14721 16.10160 0.08093
0.14772 15.95705 0.08329
0.14823 16.21265 0.08091
0.14873 16.01957 0.08374
0.14924 16.06724 0.07841
0.14975 15.93446 0.08232
0.15025 15.97958 0.07838
0.15076 15.83322 0.07934
0.15127 15.86435 0.07984
0.15177 15.90887 0.08161
0.15228 15.92518 0.08131
0.15279 15.79540 0.08047
0.15329 15.64735 0.08025
0.15380 15.54598 0.07686
0.15431 15.73806 0.07749
0.15481 15.74231 0.07786
0.15532 15.68583 0.07795
0.15583 15.68367 0.07752
0.15633 15.48972 0.07650
0.15684 15.53713 0.07673
0.15735 15.41769 0.07618
0.15785 15.58461 0.07671
0.15836 15.51471 0.07454
0.15887 15.52798 0.07665
0.15937 15.51375 0.07569
0.15988 15.46986 0.07663
0.16039 15.29302 0.07569
0.16089 15.45685 0.07816
0.16140 15.34758 0.07390
0.16191 15.35359 0.07603
0.16241 15.24713 0.07385
0.16292 15.11906 0.07475
0.16343 15.18178 0.07483
0.16393 15.27150 0.07294
0.16444 15.14775 0.07209
0.16495 15.32078 0.07512
0.16545 15.08396 0.07628
0.16596 15.14017 0.07396
0.16647 15.13202 0.07335
0.16697 15.03700 0.07332
0.16748 15.07176 0.07351
0.16799 14.95077 0.07513
0.16849 15.08746 0.07476
0.16900 15.00071 0.07283
0.16951 14.87491 0.07235
0.17001 14.99185 0.07499
0.17052 14.85899 0.07330
0.17103 14.84575 0.07517
0.17153 15.00290 0.07477
0.17204 14.94885 0.07382
0.17255 14.81954 0.07318
0.17305 14.77314 0.07388
0.17356 14.73586 0.07435
0.17407 14.73777 0.07396
0.17457 14.59655 0.07421
0.17508 14.67986 0.07226
0.17559 14.66260 0.07375
0.17610 14.67473 0.07451
0.17660 14.71732 0.07635
0.17711 14.62846 0.07385
0.17762 14.65002 0.07499
0.17812 14.57893 0.07498
0.17863 14.55320 0.07272
0.17914 14.58399 0.07405
0.17964 14.54138 0.07461
0.18015 14.54625 0.07557
0.18066 14.58162 0.07639
0.18116 14.45969 0.07700
0.18167 14.58803 0.07685
0.18218 14.51401 0.07594
0.18268 14.49144 0.07571
0.18319 14.49417 0.07600
0.18370 14.38860 0.07557
0.18420 14.43058 0.07838
0.18471 14.31132 0.07793
0.18522 14.32305 0.07715
0.18572 14.42878 0.07881
0.18623 14.25067 0.07887
0.18674 14.32413 0.07637
0.18724 14.29406 0.07716
0.18775 14.31835 0.07711
0.18826 14.24119 0.07925
0.18876 14.28426 0.07632
0.18927 14.22299 0.07752
0.18978 14.09717 0.07790
0.19028 14.16420 0.07748
0.19079 14.14104 0.07891
0.19130 14.15356 0.07947
0.19180 14.22533 0.08001
0.19231 13.97922 0.07937
0.19282 14.08034 0.07943
0.19332 14.04489 0.07870
0.19383 14.03954 0.07854
0.19434 13.92663 0.07840
0.19484 14.10759 0.07748
0.19535 14.07040 0.07839
0.19586 13.96218 0.08098
0.19636 13.87438 0.07912
0.19687 13.92154 0.07795
0.19738 13.93345 0.07992
0.19788 13.78943 0.07838
0.19839 13.80587 0.07880
0.19890 14.04461 0.07817
0.19940 13.89133 0.07851
0.19991 13.87247 0.07918
0.20042 13.91857 0.07988
0.20092 13.90851 0.07964
0.20143 13.75604 0.08130
0.20194 13.80872 0.07922
0.20244 13.79351 0.07874
0.20295 13.92231 0.08098
0.20346 13.74528 0.07972
0.20396 13.87751 0.07943
0.20447 13.81671 0.07973
0.20498 13.87376 0.08081
0.20548 13.74843 0.07896
0.20599 13.70433 0.07992
0.20650 13.64168 0.07835
0.20700 13.76896 0.07915
0.20751 13.74538 0.07706
0.20802 13.75901 0.07836
0.20852 13.56577 0.07851
0.20903 13.55813 0.07877
0.20954 13.57536 0.07857
0.21004 13.70206 0.07915
0.21055 13.43577 0.07648
0.21106 13.54177 0.07732
0.21156 13.46956 0.07721
0.21207 13.54749 0.07563
0.21258 13.58099 0.07913
0.21308 13.55699 0.07863
0.21359 13.53173 0.07801
0.21410 13.51097 0.08136
0.21460 13.52160 0.07806
0.21511 13.33186 0.07790
0.21562 13.36072 0.08032
0.21612 13.27596 0.07942
0.21663 13.34054 0.07896
0.21714 13.41841 0.07825
0.21764 13.30874 0.07833
0.21815 13.28960 0.07658
0.21866 13.30578 0.07811
0.21916 13.22328 0.07868
0.21967 13.26467 0.07513
0.22018 13.29193 0.07648
0.22068 13.22181 0.07854
0.22119 13.12831 0.07515
0.22170 13.24046 0.07726
0.22220 13.27803 0.07446
0.22271 13.13478 0.07721
0.22322 13.10127 0.07594
0.22372 13.11236 0.07516
0.22423 13.18345 0.07480
0.22474 13.13363 0.07532
0.22524 13.03697 0.07609
0.22575 13.02796 0.07605
0.22626 13.11242 0.07399
0.22676 12.93214 0.07620
0.22727 13.11221 0.07373
0.22778 12.91647 0.07112
0.22828 13.02594 0.07341
0.22879 13.11788 0.07564
0.22930 12.97595 0.07261
0.22980 13.08088 0.07441
0.23031 12.93403 0.07367
0.23082 12.89478 0.07253
0.23132 12.89917 0.07323
0.23183 12.79961 0.07177
0.23234 12.79118 0.07232
0.23284 12.95840 0.07023
0.23335 12.86187 0.07091
0.23386 12.80719 0.07128
0.23436 12.85125 0.06925
0.23487 12.80845 0.07281
0.23538 12.71129 0.07089
0.23588 12.86271 0.06878
0.23639 12.78532 0.06945
0.23690 12.82701 0.07026
0.23740 12.66608 0.07096
0.23791 12.73788 0.07076
0.23842 12.68530 0.07083
0.23892 12.74618 0.07144
0.23943 12.69518 0.06762
0.23994 12.60825 0.06886
0.24044 12.64779 0.06990
0.24095 12.65473 0.06884
0.24145 12.75443 0.06768
0.24196 12.67499 0.06848
0.24247 12.72044 0.06853
0.24297 12.74788 0.06938
0.24348 12.66035 0.06770
0.24399 12.54131 0.06664
0.24449 12.57190 0.06881
0.24500 12.45546 0.06656
0.24551 12.67196 0.06786
0.24601 12.44935 0.06831
0.24652 12.63563 0.06611
0.24703 12.50303 0.06858
0.24753 12.60789 0.06693
0.24804 12.50299 0.06722
0.24855 12.54459 0.06507
0.24905 12.58014 0.06862
0.24956 12.45419 0.06614
0.25007 12.46529 0.06568
0.25057 12.38704 0.06680
0.25108 12.48861 0.06636
0.25159 12.36114 0.06651
0.25209 12.34867 0.06573
0.25260 12.33681 0.06458
0.25311 12.19503 0.06292
0.25361 12.40802 0.06436
0.25412 12.28210 0.06467
0.25463 12.41219 0.06487
0.25513 12.41945 0.06511
0.25564 12.38981 0.06419
0.25615 12.37868 0.06419
0.25665 12.32978 0.06362
0.25716 12.20665 0.06284
0.25767 12.42749 0.06423
0.25817 12.40176 0.06270
0.25868 12.35885 0.06317
0.25919 12.21789 0.06317
0.25969 12.27523 0.06223
0.26020 12.29380 0.06349
0.26071 12.22978 0.06328
0.26121 12.24025 0.06317
0.26172 12.36855 0.06207
0.26223 12.10751 0.06176
0.26273 12.23980 0.06152
0.26324 12.27562 0.06205
0.26375 12.21426 0.06044
0.26425 12.06270 0.06226
0.26476 12.17624 0.06338
0.26527 12.18673 0.06156
0.26577 12.13649 0.06184
0.26628 12.23678 0.06164
0.26679 12.29003 0.06183
0.26729 12.10881 0.06130
0.26780 12.02877 0.06086
0.26831 11.98163 0.06108
0.26881 12.05579 0.06096
0.26932 11.99727 0.06114
0.26983 12.07071 0.06190
0.27033 12.04319 0.06154
0.27084 11.95949 0.06061
0.27134 12.13352 0.06183
0.27185 12.00195 0.06084
0.27236 11.94955 0.06049
0.27286 11.93414 0.06046
0.27337 11.93679 0.05997
0.27388 11.96812 0.05975
0.27438 11.96608 0.05988
0.27489 11.89664 0.05993
0.27540 11.91077 0.06043
0.27590 12.01629 0.05979
0.27641 11.90825 0.05980
0.27692 11.96709 0.05897
0.27742 11.88899 0.05837
0.27793 11.84568 0.05941
0.27844 11.94511 0.05819
0.27894 11.82510 0.05852
0.27945 11.78694 0.05877
0.27996 11.74009 0.05717
0.28046 11.81908 0.05893
0.28097 11.79734 0.05950
0.28148 11.91554 0.05869
0.28198 11.65865 0.05850
0.28249 11.88499 0.05916
0.28300 11.73235 0.05828
0.28350 11.78087 0.05929
0.28401 11.72985 0.05668
0.28452 11.78816 0.05676
0.28502 11.87286 0.05690
0.28553 11.74960 0.05696
0.28604 11.71950 0.05759
0.28654 11.60165 0.05620
0.28705 11.69348 0.05782
0.28756 11.64102 0.05761
0.28806 11.72321 0.05804
0.28857 11.70619 0.05802
0.28908 11.69190 0.05748
0.28958 11.62224 0.05860
0.29009 11.62846 0.05831
0.29059 11.52729 0.05785
0.29110 11.68334 0.05833
0.29161 11.63139 0.05762
0.29211 11.59793 0.05779
0.29262 11.52424 0.05636
0.29313 11.62617 0.05860
0.29363 11.55903 0.05789
0.29414 11.58927 0.05723
0.29465 11.59545 0.05867
0.29515 11.58582 0.05812
0.29566 11.41736 0.05807
0.29617 11.59875 0.05726
0.29667 11.44991 0.05758
0.29718 11.51433 0.05917
0.29769 11.57725 0.05735
0.29819 11.57211 0.05951
0.29870 11.47759 0.05860
0.29921 11.52266 0.05678
0.29971 11.50004 0.05886
0.30022 11.40493 0.05680
0.30073 11.45891 0.05840
0.30123 11.42618 0.05671
0.30174 11.33010 0.05772
0.30225 11.42731 0.05756
0.30275 11.40442 0.05681
0.30326 11.44720 0.05625
0.30377 11.37088 0.05708
0.30427 11.30518 0.05664
0.30478 11.35434 0.05680
0.30529 11.28892 0.05684
0.30579 11.29723 0.05554
0.30630 11.23838 0.05751
0.30680 11.31266 0.05623
0.30731 11.28607 0.05616
0.30782 11.31447 0.05765
0.30832 11.20465 0.05567
0.30883 11.19768 0.05598
0.30934 11.26124 0.05768
0.30984 11.25760 0.05706
0.31035 11.33188 0.05898
0.31086 11.21666 0.05740
0.31136 11.30976 0.05771
0.31187 11.26296 0.05926
0.31238 11.25268 0.05893
0.31288 11.25002 0.05895
0.31339 11.20156 0.06070
0.31390 11.30603 0.06024
0.31440 11.18025 0.05980
0.31491 11.13695 0.06003
0.31542 11.14057 0.05976
0.31592 11.07924 0.05855
0.31643 11.18726 0.06055
0.31694 11.14156 0.06077
0.31744 11.14331 0.05964
0.31795 11.07121 0.06042
0.31845 11.09006 0.06117
0.31896 11.15075 0.06190
0.31947 11.25884 0.06276
0.31997 11.11216 0.06054
0.32048 11.04405 0.06201
0.32099 11.09691 0.06083
0.32149 11.17401 0.06061
0.32200 11.02769 0.06141
0.32251 11.03874 0.06110
0.32301 11.07854 0.06052
0.32352 11.15388 0.06046
0.32403 10.95676 0.06118
0.32453 11.06597 0.06222
0.32504 11.03473 0.06090
0.32555 11.06093 0.06052
0.32605 11.01937 0.06038
0.32656 10.98018 0.06160
0.32707 11.03447 0.06121
0.32757 10.97171 0.06181
0.32808 11.09489 0.06291
0.32859 10.93964 0.06132
0.32909 11.08581 0.06052
0.32960 10.99166 0.06112
0.33010 10.97039 0.06171
0.33061 10.95142 0.06243
0.33112 10.99158 0.06052
0.33162 11.02796 0.06247
0.33213 10.90846 0.06190
0.33264 11.03752 0.06143
0.33314 10.93599 0.06222
0.33365 11.00229 0.05990
0.33416 10.95387 0.06190
0.33466 10.99938 0.06169
0.33517 10.91527 0.06252
0.33568 10.89546 0.06288
0.33618 11.04993 0.06250
0.33669 10.79563 0.06143
0.33720 10.91749 0.06301
0.33770 10.92157 0.06137
0.33821 11.03060 0.06337
0.33872 10.79298 0.06256
0.33922 10.85097 0.06260
0.33973 10.85654 0.06319
0.34023 10.82568 0.06172
0.34074 10.82798 0.06168
0.34125 10.75992 0.06225
0.34175 10.87485 0.06151
0.34226 10.75590 0.06273
0.34277 11.04047 0.06413
0.34327 10.83859 0.06169
0.34378 10.86982 0.06305
0.34429 10.76368 0.06280
0.34479 10.86198 0.06409
0.34530 10.92606 0.06301
0.34581 10.76841 0.06344
0.34631 10.85024 0.06255
0.34682 10.85549 0.06268
0.34733 10.81699 0.06319
0.34783 10.82937 0.06344
0.34834 10.73396 0.06203
0.34884 10.73281 0.06086
0.34935 10.81359 0.06383
0.34986 10.72087 0.06403
0.35036 10.73976 0.06376
0.35087 10.74012 0.06359
0.35138 10.63751 0.06353
0.35188 10.67126 0.06292
0.35239 10.69892 0.06272
0.35290 10.91586 0.06450
0.35340 10.68242 0.06028
0.35391 10.72777 0.06060
0.35442 10.72874 0.05978
0.35492 10.61570 0.06017
0.35543 10.61479 0.05918
0.35594 10.64579 0.06035
0.35644 10.60577 0.05930
0.35695 10.61604 0.06043
0.35745 10.67088 0.06175
0.35796 10.58918 0.05994
0.35847 10.63146 0.06158
0.35897 10.58258 0.06177
0.35948 10.50884 0.05963
0.35999 10.55134 0.06197
0.36049 10.52961 0.06109
0.36100 10.50521 0.05824
0.36151 10.60999 0.06045
0.36201 10.66401 0.06094
0.36252 10.50824 0.06022
0.36303 10.61641 0.06209
0.36353 10.48612 0.05954
0.36404 10.56709 0.06310
0.36455 10.59023 0.06070
0.36505 10.66831 0.06212
0.36556 10.48741 0.06094
0.36606 10.64362 0.06263
0.36657 10.61273 0.06135
0.36708 10.34450 0.06209
0.36758 10.54299 0.06400
0.36809 10.42462 0.06355
0.36860 10.39531 0.06498
0.36910 10.43252 0.06673
0.36961 10.37524 0.06595
0.37012 10.37303 0.06646
0.37062 10.40074 0.06540
0.37113 10.45271 0.06552
0.37164 10.43931 0.06488
0.37214 10.52498 0.06332
0.37265 10.30923 0.06442
0.37315 10.53052 0.06392
0.37366 10.55601 0.06476
0.37417 10.43782 0.06726
0.37467 10.41665 0.06617
0.37518 10.44195 0.06610
0.37569 10.33671 0.06593
0.37619 10.39258 0.06467
0.37670 10.37739 0.06469
0.37721 10.41923 0.06872
0.37771 10.40132 0.06846
0.37822 10.43649 0.06730
0.37873 10.30485 0.06870
0.37923 10.44147 0.07014
0.37974 10.38742 0.07088
0.38024 10.42086 0.06756
0.38075 10.39383 0.06709
0.38126 10.35842 0.06983
0.38176 10.26946 0.06816
0.38227 10.37441 0.06823
0.38278 10.40572 0.07262
0.38328 10.40994 0.07176
0.38379 10.40959 0.07114
0.38430 10.30583 0.06991
0.38480 10.25092 0.06995
0.38531 10.33609 0.07257
0.38582 10.33236 0.07105
0.38632 10.19907 0.07300
0.38683 10.22264 0.07270
0.38733 10.20058 0.07325
0.38784 10.34300 0.07407
0.38835 10.25903 0.07038
0.38885 10.24234 0.07531
0.38936 10.25015 0.07223
0.38987 10.39395 0.07443
0.39037 10.21012 0.07463
0.39088 10.29859 0.07178
0.39139 10.13951 0.07478
0.39189 10.40670 0.07700
0.39240 10.17511 0.07474
0.39290 10.34692 0.07653
0.39341 10.13642 0.07547
0.39392 10.32123 0.08167
0.39442 10.12614 0.07683
0.39493 10.23816 0.07914
0.39544 10.20722 0.07792
0.39594 10.16677 0.07602
0.39645 10.30816 0.07912
0.39696 10.33699 0.08132
0.39746 10.26122 0.07802
0.39797 10.20635 0.08084
0.39847 10.16455 0.07859
0.39898 10.18134 0.08167
0.39949 10.16167 0.08114
0.39999 10.29967 0.08255
0.40050 10.17225 0.08014
0.40101 10.16077 0.08340
0.40151 10.03315 0.08345
0.40202 10.14471 0.08387
0.40253 10.05711 0.08320
0.40303 10.02736 0.08181
0.40354 10.09123 0.08383
0.40405 10.15618 0.08474
0.40455 9.97415 0.08239
0.40506 10.15391 0.08241
0.40556 9.93309 0.08395
0.40607 10.04193 0.08732
0.40658 9.94180 0.08514
0.40708 9.83716 0.08600
0.40759 10.14886 0.08610
0.40810 10.01964 0.08552
0.40860 10.10637 0.08743
0.40911 10.00624 0.08604
0.40962 10.15238 0.08718
0.41012 9.91418 0.08667
0.41063 10.16057 0.08953
0.41113 10.01788 0.08488
0.41164 9.96844 0.08523
0.41215 9.76538 0.08752
0.41265 9.94110 0.08843
0.41316 9.94345 0.08175
0.41367 9.97662 0.08312
0.41417 10.01656 0.08459
0.41468 9.95809 0.08691
0.41518 10.00293 0.08968
0.41569 9.74162 0.08904
0.41620 10.01249 0.08949
0.41670 9.80205 0.08889
0.41721 9.93898 0.08807
0.41772 9.88801 0.09161
0.41822 9.93538 0.08835
0.41873 9.84452 0.08874
0.41924 9.80175 0.09080
0.41974 10.13583 0.09041
0.42025 9.77265 0.09098
0.42075 9.90945 0.09372
0.42126 9.90384 0.09477
0.42177 9.87240 0.09217
0.42227 10.05815 0.09249
0.42278 10.04756 0.09408
0.42329 9.86570 0.09242
0.42379 9.87560 0.09581
0.42430 9.78146 0.08977
0.42481 9.88504 0.09591
0.42531 9.95326 0.09915
0.42582 9.78759 0.09877
0.42632 9.79853 0.09759
0.42683 9.74495 0.09943
0.42734 9.73769 0.09766
0.42784 9.95434 0.09879
0.42835 9.79123 0.10538
0.42886 9.93984 0.09927
0.42936 10.02746 0.10150
0.42987 9.85923 0.09951
0.43037 9.62031 0.10365
0.43088 9.60104 0.10270
0.43139 9.92564 0.10146
0.43189 9.84910 0.10026
0.43240 9.67370 0.10630
0.43291 9.95719 0.11063
0.43341 9.60788 0.10489
0.43392 9.76556 0.10712
0.43443 9.75099 0.11391
0.43493 9.72682 0.10615
0.43544 9.64680 0.11035
0.43594 9.78176 0.11084
0.43645 9.77928 0.11601
0.43696 9.80969 0.11405
0.43746 9.68259 0.11289
0.43797 9.68470 0.11664
0.43848 9.76837 0.11544
0.43898 9.64731 0.11785
0.43949 9.79361 0.11743
0.43999 9.83027 0.12144
