0.01140 1484.76476 62.32484
0.01191 1048.91252 47.93847
0.01242 688.44033 50.01423
0.01292 412.72758 36.18586
0.01343 277.94306 24.98883
0.01394 208.87539 18.45274
0.01444 171.90759 15.00615
0.01495 140.86940 12.45450
0.01546 105.98762 7.92754
0.01596 98.65284 7.55801
0.01647 85.52527 5.99760
0.01698 71.32855 4.51195
0.01748 61.18855 3.90257
0.01799 56.71498 3.16413
0.01850 50.63747 2.70915
0.01900 44.53363 2.12939
0.01951 43.08507 1.84176
0.02002 40.21182 1.69736
0.02052 36.59333 1.27202
0.02103 35.58721 1.11675
0.02154 33.10022 0.91411
0.02204 32.16356 0.80158
0.02255 30.32153 0.65527
0.02306 29.09239 0.53885
0.02356 28.31571 0.51658
0.02407 27.18772 0.45307
0.02458 27.21597 0.44562
0.02509 25.66062 0.37867
0.02559 25.03644 0.34642
0.02610 24.94582 0.32522
0.02661 23.37249 0.28113
0.02711 22.90411 0.25968
0.02762 22.61334 0.25017
0.02813 21.98419 0.24096
0.02863 21.80434 0.22537
0.02914 21.30718 0.22046
0.02965 20.65025 0.20722
0.03015 20.68482 0.20577
0.03066 20.04824 0.19917
0.03117 19.96363 0.20654
0.03167 19.70926 0.20708
0.03218 19.17641 0.19639
0.03269 18.78329 0.17676
0.03319 19.02619 0.19086
0.03370 18.70868 0.17869
0.03421 18.32479 0.19240
0.03471 18.20592 0.18486
0.03522 18.05672 0.17933
0.03573 17.80808 0.17675
0.03623 17.91379 0.17633
0.03674 17.56787 0.17855
0.03725 17.86695 0.16747
0.03775 17.61817 0.16587
0.03826 17.41641 0.16907
0.03877 17.19459 0.16588
0.03927 17.22610 0.16519
0.03978 16.87100 0.15962
0.04029 17.06200 0.16505
0.04080 16.95347 0.15645
0.04130 16.60348 0.15875
0.04181 16.55031 0.15904
0.04232 16.61698 0.16055
0.04282 16.31833 0.14882
0.04333 16.27816 0.15240
0.04384 16.24805 0.14684
0.04434 16.14487 0.14233
0.04485 16.00946 0.14699
0.04536 16.09181 0.14593
0.04586 16.06939 0.15081
0.04637 16.01328 0.14352
0.04688 15.74386 0.14012
0.04738 15.81144 0.13977
0.04789 15.51366 0.14179
0.04840 15.90861 0.13334
0.04890 15.66479 0.14237
0.04941 15.66773 0.13016
0.04992 15.50820 0.13238
0.05042 15.81862 0.13466
0.05093 15.64535 0.13658
0.05144 15.48861 0.13448
0.05194 15.62133 0.12696
0.05245 15.23916 0.12758
0.05296 15.54049 0.13013
0.05346 15.37006 0.12834
0.05397 15.33506 0.12386
0.05448 15.58604 0.12888
0.05498 15.20574 0.12524
0.05549 14.98370 0.12453
0.05600 15.42519 0.12552
0.05650 15.11606 0.12107
0.05701 15.10556 0.12654
0.05752 15.29140 0.12730
0.05803 15.42235 0.12253
0.05853 14.81299 0.11960
0.05904 14.96386 0.11996
0.05955 14.94464 0.12161
0.06005 15.02901 0.12278
0.06056 14.97955 0.11972
0.06107 14.90821 0.11780
0.06157 14.97253 0.12034
0.06208 15.06891 0.11851
0.06259 14.90520 0.11763
0.06309 14.86814 0.11872
0.06360 14.99011 0.11603
0.06411 14.82062 0.11931
0.06461 14.82820 0.11420
0.06512 14.87370 0.11821
0.06563 14.61942 0.11406
0.06613 14.57581 0.11506
0.06664 14.82937 0.11204
0.06715 14.77918 0.11025
0.06765 14.79443 0.11126
0.06816 14.58472 0.11144
0.06867 14.79823 0.11004
0.06917 14.40659 0.11060
0.06968 14.72644 0.11147
0.07019 14.50486 0.11021
0.07069 14.45321 0.10594
0.07120 14.70174 0.10766
0.07171 14.33205 0.10330
0.07221 14.56369 0.11212
0.07272 14.55836 0.10710
0.07323 14.41267 0.10913
0.07373 14.20156 0.10385
0.07424 14.48076 0.10628
0.07475 14.42168 0.10538
0.07526 14.55020 0.10547
0.07576 14.39761 0.10631
0.07627 14.47358 0.10347
0.07678 14.60900 0.10436
0.07728 14.39103 0.10240
0.07779 14.36067 0.10454
0.07830 14.34496 0.10088
0.07880 14.42717 0.10130
0.07931 14.42955 0.10294
0.07982 14.40717 0.09855
0.08032 14.51500 0.10178
0.08083 14.52235 0.10251
0.08134 14.39933 0.10096
0.08184 14.42851 0.10061
0.08235 14.42102 0.10318
0.08286 14.27860 0.10525
0.08336 14.39627 0.10181
0.08387 14.33417 0.10145
0.08438 14.36050 0.10904
0.08488 14.29779 0.10170
0.08539 14.14773 0.10031
0.08590 14.29473 0.10589
0.08640 14.36911 0.09909
0.08691 14.09698 0.10337
0.08742 14.40380 0.10649
0.08792 14.08143 0.10182
0.08843 14.29080 0.10331
0.08894 14.24227 0.10199
0.08944 14.30663 0.10220
0.08995 14.06431 0.10026
0.09046 14.27413 0.10805
0.09096 14.14568 0.10454
0.09147 14.04975 0.10299
0.09198 14.20645 0.10729
0.09248 14.24367 0.10435
0.09299 14.12818 0.10660
0.09350 14.21339 0.11129
0.09401 13.96236 0.10444
0.09451 14.12174 0.10611
0.09502 14.08603 0.10881
0.09553 14.00652 0.10685
0.09603 14.13073 0.10592
0.09654 13.93360 0.10432
0.09705 14.16468 0.10102
0.09755 14.13165 0.10369
0.09806 14.08947 0.10571
0.09857 14.09363 0.10096
0.09907 14.11488 0.10245
0.09958 13.92402 0.09992
0.10009 14.09610 0.10343
0.10059 14.31133 0.10375
0.10110 14.08034 0.10377
0.10161 13.95894 0.10113
0.10211 14.03950 0.09889
0.10262 13.92258 0.09904
0.10313 13.85467 0.10138
0.10363 13.95581 0.09824
0.10414 14.01619 0.09911
0.10465 14.01190 0.10370
0.10515 13.87069 0.10145
0.10566 13.99934 0.10120
0.10617 13.89798 0.09854
0.10667 14.11524 0.09728
0.10718 13.96627 0.09686
0.10769 14.06270 0.09679
0.10819 14.10419 0.09494
0.10870 13.82348 0.09187
0.10921 13.91262 0.09674
0.10971 13.91097 0.09469
0.11022 14.02377 0.09636
0.11073 13.96213 0.09336
0.11123 14.10348 0.09379
0.11174 13.75759 0.09089
0.11225 13.99941 0.09268
0.11275 14.00321 0.09240
0.11326 13.87328 0.09077
0.11377 13.83618 0.08937
0.11428 13.79183 0.08978
0.11478 13.79462 0.08991
0.11529 13.85005 0.09108
0.11580 13.80659 0.08776
0.11630 14.07873 0.09005
0.11681 13.85099 0.08844
0.11732 13.88854 0.08680
0.11782 13.73331 0.08827
0.11833 13.89921 0.08979
0.11884 13.86906 0.08661
0.11934 13.85980 0.08961
0.11985 13.85893 0.08802
0.12036 13.75219 0.08527
0.12086 13.82436 0.08880
0.12137 13.89755 0.08741
0.12188 13.74229 0.08661
0.12238 13.76719 0.08841
0.12289 13.77534 0.08556
0.12340 13.69999 0.08432
0.12390 13.66510 0.08601
0.12441 13.85471 0.08676
0.12492 13.78126 0.08537
0.12542 13.83743 0.08702
0.12593 13.71778 0.08465
0.12644 13.75168 0.08358
0.12694 13.68205 0.08420
0.12745 13.81012 0.08522
0.12796 13.70215 0.08576
0.12846 13.68735 0.07848
0.12897 13.63367 0.08143
0.12948 13.65273 0.08009
0.12998 13.55692 0.08112
0.13049 13.71451 0.08142
0.13100 13.73228 0.08067
0.13150 13.66675 0.08086
0.13201 13.61882 0.07827
0.13252 13.57138 0.08105
0.13302 13.66450 0.07890
0.13353 13.68385 0.07983
0.13404 13.59785 0.08024
0.13454 13.54125 0.08110
0.13505 13.58070 0.08023
0.13556 13.55092 0.08017
0.13606 13.60340 0.08026
0.13657 13.54579 0.07861
0.13708 13.66822 0.07646
0.13758 13.53681 0.08013
0.13809 13.48153 0.07717
0.13860 13.43530 0.07619
0.13911 13.43948 0.07704
0.13961 13.57856 0.07710
0.14012 13.52991 0.07884
0.14063 13.48573 0.07725
0.14113 13.43369 0.07480
0.14164 13.39298 0.07792
0.14215 13.39180 0.07537
0.14265 13.20578 0.07463
0.14316 13.39714 0.07513
0.14367 13.56642 0.07628
0.14417 13.40658 0.07556
0.14468 13.32564 0.07522
0.14519 13.39593 0.07592
0.14569 13.31634 0.07590
0.14620 13.34397 0.07578
0.14671 13.25343 0.07244
0.14721 13.33975 0.07411
0.14772 13.37283 0.07456
0.14823 13.40071 0.07453
0.14873 13.32175 0.07512
0.14924 13.21943 0.07506
0.14975 13.23286 0.07316
0.15025 13.25700 0.07369
0.15076 13.21493 0.07272
0.15127 13.27617 0.07067
0.15177 13.14732 0.07113
0.15228 13.19541 0.07251
0.15279 13.25918 0.07255
0.15329 13.21357 0.07392
0.15380 13.12537 0.07171
0.15431 13.14778 0.07295
0.15481 13.17263 0.07086
0.15532 13.15200 0.06979
0.15583 13.07878 0.07200
0.15633 13.08319 0.07170
0.15684 13.05471 0.07068
0.15735 13.12199 0.07168
0.15785 13.07091 0.07041
0.15836 13.14976 0.07181
0.15887 13.14988 0.07118
0.15937 13.07992 0.07132
0.15988 13.06625 0.06967
0.16039 13.17416 0.07063
0.16089 13.03626 0.06917
0.16140 13.02985 0.06887
0.16191 12.89089 0.06948
0.16241 12.99266 0.06982
0.16292 13.05206 0.07053
0.16343 13.10313 0.06859
0.16393 12.96374 0.06957
0.16444 12.91874 0.06759
0.16495 12.98867 0.06762
0.16545 12.90390 0.06709
0.16596 12.89456 0.06864
0.16647 12.94909 0.06795
0.16697 12.96020 0.06781
0.16748 12.85806 0.06637
0.16799 12.89011 0.06839
0.16849 12.92614 0.06712
0.16900 12.80877 0.06830
0.16951 12.83272 0.06570
0.17001 12.84511 0.06772
0.17052 12.66122 0.06708
0.17103 12.85717 0.06838
0.17153 12.85925 0.06942
0.17204 12.86237 0.06908
0.17255 12.75860 0.06831
0.17305 12.86564 0.07011
0.17356 12.89900 0.06827
0.17407 12.74752 0.06792
0.17457 12.71876 0.06939
0.17508 12.74236 0.06816
0.17559 12.73348 0.07025
0.17610 12.98949 0.07187
0.17660 12.73311 0.06731
0.17711 12.71147 0.06851
0.17762 12.50105 0.06812
0.17812 12.62225 0.07126
0.17863 12.65031 0.06865
0.17914 12.70228 0.06845
0.17964 12.73647 0.07091
0.18015 12.72531 0.07085
0.18066 12.74796 0.07372
0.18116 12.70041 0.07026
0.18167 12.80453 0.07124
0.18218 12.83119 0.07144
0.18268 12.80697 0.07061
0.18319 12.59012 0.07087
0.18370 12.66969 0.06941
0.18420 12.75588 0.07146
0.18471 12.82529 0.07412
0.18522 12.65402 0.07241
0.18572 12.65392 0.07259
0.18623 12.70648 0.07390
0.18674 12.68426 0.07254
0.18724 12.63903 0.07196
0.18775 12.71448 0.07373
0.18826 12.61822 0.07343
0.18876 12.70155 0.07044
0.18927 12.65625 0.07300
0.18978 12.57294 0.07287
0.19028 12.54684 0.07413
0.19079 12.64155 0.07492
0.19130 12.71649 0.07298
0.19180 12.66393 0.07487
0.19231 12.50196 0.07289
0.19282 12.56447 0.07444
0.19332 12.49094 0.07391
0.19383 12.46099 0.07299
0.19434 12.65187 0.07639
0.19484 12.41561 0.07259
0.19535 12.45223 0.07589
0.19586 12.55292 0.07508
0.19636 12.59137 0.07602
0.19687 12.64374 0.07686
0.19738 12.57548 0.07298
0.19788 12.57099 0.07500
0.19839 12.54795 0.07561
0.19890 12.46449 0.07529
0.19940 12.60271 0.07501
0.19991 12.39955 0.07582
0.20042 12.47470 0.07510
0.20092 12.52828 0.07419
0.20143 12.42167 0.07793
0.20194 12.52279 0.07425
0.20244 12.55897 0.07809
0.20295 12.53982 0.07618
0.20346 12.39618 0.07462
0.20396 12.44604 0.07619
0.20447 12.45472 0.07536
0.20498 12.33820 0.07602
0.20548 12.45338 0.07403
0.20599 12.39918 0.07482
0.20650 12.55044 0.07594
0.20700 12.47014 0.07553
0.20751 12.35646 0.07525
0.20802 12.51038 0.07618
0.20852 12.32342 0.07524
0.20903 12.31312 0.07292
0.20954 12.40192 0.07715
0.21004 12.40211 0.07597
0.21055 12.35398 0.07555
0.21106 12.22365 0.07495
0.21156 12.34360 0.07340
0.21207 12.47412 0.07683
0.21258 12.35906 0.07631
0.21308 12.40164 0.07461
0.21359 12.31848 0.07598
0.21410 12.27161 0.07486
0.21460 12.28711 0.07470
0.21511 12.40185 0.07451
0.21562 12.20317 0.07443
0.21612 12.34521 0.07705
0.21663 12.30722 0.07559
0.21714 12.28474 0.07529
0.21764 12.22387 0.07684
0.21815 12.29833 0.07505
0.21866 12.11154 0.07402
0.21916 12.16958 0.07339
0.21967 12.19126 0.07482
0.22018 12.21864 0.07528
0.22068 12.16697 0.07416
0.22119 12.12190 0.07320
0.22170 12.19914 0.07349
0.22220 12.11755 0.07174
0.22271 12.19483 0.07433
0.22322 12.10157 0.07383
0.22372 12.25506 0.07212
0.22423 12.24152 0.07260
0.22474 12.16043 0.07445
0.22524 12.21939 0.07273
0.22575 12.07219 0.07202
0.22626 12.16105 0.07198
0.22676 12.30820 0.07483
0.22727 12.05719 0.07241
0.22778 12.13826 0.07338
0.22828 11.98276 0.07100
0.22879 12.07903 0.07289
0.22930 12.17440 0.07140
0.22980 12.04216 0.06996
0.23031 12.08162 0.06807
0.23082 12.10302 0.06989
0.23132 11.97615 0.07006
0.23183 11.98350 0.06882
0.23234 12.06511 0.06911
0.23284 12.02816 0.06816
0.23335 11.98583 0.06724
0.23386 12.15473 0.06833
0.23436 11.93678 0.06757
0.23487 11.93542 0.06719
0.23538 12.04385 0.06825
0.23588 11.93810 0.06900
0.23639 12.04148 0.06772
0.23690 11.90474 0.06593
0.23740 12.00083 0.06864
0.23791 11.92704 0.06847
0.23842 11.89785 0.06739
0.23892 11.93569 0.06844
0.23943 11.79218 0.06705
0.23994 12.00606 0.06736
0.24044 11.82532 0.06628
0.24095 11.86359 0.06637
0.24145 11.84410 0.06803
0.24196 11.91464 0.06897
0.24247 11.92296 0.06642
0.24297 11.93221 0.06670
0.24348 11.89525 0.06623
0.24399 11.87708 0.06650
0.24449 11.79558 0.06577
0.24500 11.96367 0.06474
0.24551 11.92811 0.06685
0.24601 11.93898 0.06496
0.24652 11.82027 0.06526
0.24703 11.79362 0.06616
0.24753 11.79421 0.06630
0.24804 11.78275 0.06538
0.24855 11.86926 0.06477
0.24905 11.83527 0.06453
0.24956 11.71602 0.06351
0.25007 11.66256 0.06451
0.25057 11.73267 0.06466
0.25108 11.84600 0.06346
0.25159 11.85304 0.06370
0.25209 11.72235 0.06371
0.25260 11.92619 0.06386
0.25311 11.69623 0.06380
0.25361 11.73438 0.06411
0.25412 11.72152 0.06286
0.25463 11.76689 0.06352
0.25513 11.80181 0.06350
0.25564 11.69188 0.06175
0.25615 11.78628 0.06361
0.25665 11.67116 0.06201
0.25716 11.63224 0.06400
0.25767 11.72269 0.06187
0.25817 11.65074 0.06284
0.25868 11.77633 0.06176
0.25919 11.68891 0.06353
0.25969 11.65172 0.06148
0.26020 11.61704 0.06073
0.26071 11.70217 0.06095
0.26121 11.64157 0.05995
0.26172 11.75111 0.06106
0.26223 11.69637 0.06126
0.26273 11.69377 0.06105
0.26324 11.66001 0.06141
0.26375 11.60496 0.06089
0.26425 11.71201 0.06153
0.26476 11.46143 0.06018
0.26527 11.55103 0.06005
0.26577 11.61557 0.06001
0.26628 11.50791 0.06079
0.26679 11.74708 0.06054
0.26729 11.55889 0.05998
0.26780 11.55286 0.05851
0.26831 11.61629 0.06096
0.26881 11.47354 0.05927
0.26932 11.58838 0.05909
0.26983 11.49513 0.05881
0.27033 11.51872 0.05860
0.27084 11.40228 0.05883
0.27134 11.54046 0.06085
0.27185 11.39936 0.05852
0.27236 11.42621 0.05912
0.27286 11.48395 0.05962
0.27337 11.53071 0.05894
0.27388 11.41414 0.05816
0.27438 11.42594 0.05920
0.27489 11.48514 0.05881
0.27540 11.43848 0.05921
0.27590 11.45376 0.05852
0.27641 11.33177 0.05787
0.27692 11.36970 0.05772
0.27742 11.35886 0.05808
0.27793 11.38268 0.05776
0.27844 11.41985 0.05707
0.27894 11.39033 0.05789
0.27945 11.34161 0.05877
0.27996 11.43794 0.05675
0.28046 11.33000 0.05776
0.28097 11.34226 0.05729
0.28148 11.39370 0.05729
0.28198 11.31413 0.05640
0.28249 11.36195 0.05839
0.28300 11.36359 0.05732
0.28350 11.43842 0.05731
0.28401 11.38738 0.05797
0.28452 11.30379 0.05589
0.28502 11.28620 0.05865
0.28553 11.37975 0.05613
0.28604 11.34054 0.05752
0.28654 11.26706 0.05562
0.28705 11.23194 0.05667
0.28756 11.39249 0.05771
0.28806 11.25239 0.05709
0.28857 11.21194 0.05814
0.28908 11.20852 0.05771
0.28958 11.26151 0.05794
0.29009 11.26900 0.05626
0.29059 11.25218 0.05834
0.29110 11.28196 0.05671
0.29161 11.30327 0.05750
0.29211 11.15267 0.05642
0.29262 11.21488 0.05768
0.29313 11.22957 0.05735
0.29363 11.27388 0.05687
0.29414 11.27906 0.05668
0.29465 11.19612 0.05733
0.29515 11.24029 0.05714
0.29566 11.20260 0.05954
0.29617 11.13985 0.05776
0.29667 11.06548 0.05724
0.29718 11.17332 0.05668
0.29769 11.02423 0.05775
0.29819 11.12048 0.05649
0.29870 11.06446 0.05689
0.29921 11.11209 0.05599
0.29971 11.16911 0.05642
0.30022 11.08750 0.05680
0.30073 11.14810 0.05707
0.30123 11.14719 0.05702
0.30174 11.12927 0.05714
0.30225 11.11916 0.05716
0.30275 11.04311 0.05658
0.30326 11.02548 0.05656
0.30377 11.02874 0.05659
0.30427 11.20160 0.05679
0.30478 10.96076 0.05637
0.30529 11.06794 0.05504
0.30579 10.98976 0.05407
0.30630 10.98976 0.05688
0.30680 10.92853 0.05568
0.30731 11.03793 0.05486
0.30782 10.93819 0.05610
0.30832 10.99774 0.05523
0.30883 10.99329 0.05479
0.30934 11.03182 0.05524
0.30984 10.92693 0.05654
0.31035 10.94786 0.05676
0.31086 10.88572 0.05720
0.31136 10.90330 0.05803
0.31187 10.98279 0.05852
0.31238 10.84958 0.05811
0.31288 10.90797 0.05820
0.31339 10.90541 0.05920
0.31390 10.92262 0.05831
0.31440 10.90029 0.06139
0.31491 10.91565 0.05969
0.31542 10.95605 0.06110
0.31592 10.89078 0.05824
0.31643 10.95742 0.05994
0.31694 10.85756 0.06067
0.31744 10.84644 0.06045
0.31795 10.74075 0.05945
0.31845 10.93576 0.06089
0.31896 10.81770 0.05981
0.31947 10.88153 0.06061
0.31997 10.80093 0.06232
0.32048 10.83068 0.06015
0.32099 10.79371 0.06102
0.32149 10.83486 0.05904
0.32200 10.82695 0.05848
0.32251 10.78591 0.05994
0.32301 10.79118 0.05908
0.32352 10.84401 0.05991
0.32403 10.67796 0.05959
0.32453 10.68185 0.05952
0.32504 10.87888 0.05990
0.32555 10.77698 0.06059
0.32605 10.68350 0.05961
0.32656 10.82226 0.06002
0.32707 10.73250 0.05998
0.32757 10.78816 0.06065
0.32808 10.69196 0.06087
0.32859 10.77314 0.06154
0.32909 10.74770 0.05896
0.32960 10.81589 0.06158
0.33010 10.82012 0.05919
0.33061 10.76889 0.06114
0.33112 10.72488 0.06069
0.33162 10.60431 0.06017
0.33213 10.66863 0.06101
0.33264 10.72538 0.06271
0.33314 10.62801 0.06195
0.33365 10.59266 0.05968
0.33416 10.68679 0.06081
0.33466 10.64681 0.06139
0.33517 10.66499 0.06112
0.33568 10.74005 0.06113
0.33618 10.70004 0.06029
0.33669 10.80144 0.06280
0.33720 10.69071 0.06034
0.33770 10.67771 0.06269
0.33821 10.52166 0.05996
0.33872 10.55506 0.06215
0.33922 10.58667 0.06031
0.33973 10.76912 0.06117
0.34023 10.66547 0.06192
0.34074 10.53452 0.06146
0.34125 10.61159 0.05986
0.34175 10.61806 0.05912
0.34226 10.55336 0.06180
0.34277 10.57945 0.06336
0.34327 10.61844 0.06221
0.34378 10.56028 0.06217
0.34429 10.68301 0.06106
0.34479 10.58343 0.06355
0.34530 10.59665 0.06227
0.34581 10.68951 0.06397
0.34631 10.57508 0.06242
0.34682 10.54009 0.06272
0.34733 10.59842 0.06241
0.34783 10.49270 0.06313
0.34834 10.51468 0.06158
0.34884 10.59110 0.06273
0.34935 10.44091 0.06218
0.34986 10.55373 0.06181
0.35036 10.55504 0.06274
0.35087 10.45390 0.05987
0.35138 10.55786 0.06263
0.35188 10.47500 0.06308
0.35239 10.47562 0.06205
0.35290 10.47888 0.06062
0.35340 10.50500 0.06096
0.35391 10.42150 0.05935
0.35442 10.42560 0.06184
0.35492 10.33933 0.06027
0.35543 10.36362 0.05794
0.35594 10.38158 0.05922
0.35644 10.44603 0.05846
0.35695 10.43684 0.05940
0.35745 10.42051 0.06036
0.35796 10.46858 0.05924
0.35847 10.37350 0.06019
0.35897 10.35113 0.05968
0.35948 10.39782 0.05973
0.35999 10.37698 0.06112
0.36049 10.46856 0.06138
0.36100 10.32501 0.05923
0.36151 10.38499 0.05850
0.36201 10.35013 0.05930
0.36252 10.47301 0.05985
0.36303 10.32130 0.06106
0.36353 10.22746 0.06083
0.36404 10.36771 0.05985
0.36455 10.41054 0.06103
0.36505 10.41947 0.06186
0.36556 10.36983 0.06200
0.36606 10.37096 0.06079
0.36657 10.33904 0.06044
0.36708 10.27413 0.06101
0.36758 10.15856 0.06228
0.36809 10.17618 0.06437
0.36860 10.03493 0.06305
0.36910 10.17404 0.06638
0.36961 10.22057 0.06555
0.37012 10.22252 0.06621
0.37062 10.22633 0.06632
0.37113 10.24912 0.06466
0.37164 10.29523 0.06369
0.37214 10.23116 0.06442
0.37265 10.18781 0.06440
0.37315 10.16706 0.06385
0.37366 10.27114 0.06506
0.37417 10.29215 0.06552
0.37467 10.13777 0.06351
0.37518 10.30769 0.06560
0.37569 10.16526 0.06726
0.37619 10.16641 0.06595
0.37670 10.16776 0.06631
0.37721 10.18420 0.06646
0.37771 10.09357 0.06653
0.37822 10.07932 0.06737
0.37873 10.22368 0.06676
0.37923 10.16573 0.06745
0.37974 10.14023 0.07030
0.38024 10.11238 0.06706
0.38075 10.04051 0.06910
0.38126 10.17959 0.06787
0.38176 10.08236 0.06962
0.38227 10.06799 0.06984
0.38278 10.21445 0.06993
0.38328 10.07583 0.06899
0.38379 10.24702 0.07101
0.38430 10.19418 0.07152
0.38480 10.14293 0.07132
0.38531 10.12386 0.07001
0.38582 10.02373 0.07106
0.38632 9.99861 0.06940
0.38683 9.99338 0.07182
0.38733 9.95055 0.07236
0.38784 9.93918 0.07191
0.38835 10.08149 0.07079
0.38885 9.94277 0.07308
0.38936 10.07108 0.07296
0.38987 10.05337 0.07258
0.39037 10.02995 0.07570
0.39088 9.98557 0.07176
0.39139 9.87637 0.07298
0.39189 10.05999 0.07370
0.39240 10.06358 0.07459
0.39290 9.99212 0.07434
0.39341 9.95957 0.07742
0.39392 10.01131 0.08854
0.39442 10.02749 0.07560
0.39493 9.85685 0.07741
0.39544 10.05146 0.07745
0.39594 10.11219 0.07701
0.39645 9.99786 0.07856
0.39696 10.03720 0.07776
0.39746 9.96321 0.07691
0.39797 9.90649 0.07982
0.39847 9.85953 0.07831
0.39898 9.75333 0.07727
0.39949 9.86960 0.07763
0.39999 9.98898 0.08053
0.40050 9.75865 0.08085
0.40101 9.87499 0.08086
0.40151 9.85278 0.08071
0.40202 10.05762 0.08191
0.40253 9.80880 0.08219
0.40303 9.96832 0.08049
0.40354 9.87397 0.08534
0.40405 9.84234 0.08391
0.40455 9.67080 0.08228
0.40506 9.91398 0.08600
0.40556 9.75532 0.08302
0.40607 9.79140 0.08441
0.40658 9.76712 0.08303
0.40708 9.75217 0.08324
0.40759 9.69707 0.08463
0.40810 9.89895 0.08513
0.40860 9.80651 0.08280
0.40911 9.68496 0.08676
0.40962 9.79242 0.08549
0.41012 9.59826 0.08364
0.41063 9.58650 0.08913
0.41113 9.73178 0.08557
0.41164 9.59702 0.08130
0.41215 9.75200 0.08546
0.41265 9.84472 0.08634
0.41316 9.74866 0.08376
0.41367 9.70276 0.08124
0.41417 9.70429 0.08917
0.41468 9.80285 0.08362
0.41518 9.85771 0.08591
0.41569 9.77296 0.08463
0.41620 9.64195 0.08663
0.41670 9.72565 0.08697
0.41721 9.69931 0.09007
0.41772 9.60924 0.08800
0.41822 9.53068 0.08644
0.41873 9.55075 0.08494
0.41924 9.71276 0.09073
0.41974 9.70612 0.08897
0.42025 9.57978 0.08867
0.42075 9.64347 0.08997
0.42126 9.69628 0.09233
0.42177 9.60983 0.09301
0.42227 9.63383 0.09147
0.42278 9.60745 0.09278
0.42329 9.58219 0.09019
0.42379 9.56625 0.09115
0.42430 9.59725 0.09670
0.42481 9.41843 0.09197
0.42531 9.37656 0.09277
0.42582 9.60033 0.09333
0.42632 9.60023 0.09682
0.42683 9.70556 0.09694
0.42734 9.48890 0.09565
0.42784 9.43140 0.09709
0.42835 9.68357 0.09929
0.42886 9.59194 0.10048
0.42936 9.53873 0.09832
0.42987 9.57738 0.09902
0.43037 9.45117 0.10234
0.43088 9.57066 0.09759
0.43139 9.64270 0.10509
0.43189 9.45218 0.10157
0.43240 9.49801 0.10538
0.43291 9.45881 0.10421
0.43341 9.68890 0.10072
0.43392 9.49782 0.10981
0.43443 9.51736 0.10608
0.43493 9.50968 0.10626
0.43544 9.42094 0.10961
0.43594 9.37270 0.11383
0.43645 9.53172 0.11007
0.43696 9.33219 0.10797
0.43746 9.58212 0.11211
0.43797 9.39302 0.11124
0.43848 9.54718 0.11546
0.43898 9.58325 0.12210
0.43949 9.38109 0.11687
0.43999 9.41057 0.11570
