0.01140 1563.24998 62.19376
0.01191 1086.95923 50.72231
0.01242 708.71317 52.61119
0.01292 423.20265 37.82766
0.01343 291.05099 26.32756
0.01394 215.42499 18.72449
0.01444 181.64205 15.76005
0.01495 147.31907 12.87701
0.01546 113.28102 8.40113
0.01596 104.98202 7.94882
0.01647 92.40339 6.32052
0.01698 74.91143 4.70731
0.01748 68.32123 4.04686
0.01799 64.28158 3.35364
0.01850 58.93673 2.77300
0.01900 52.49368 2.25231
0.01951 48.77303 1.82539
0.02002 46.38002 1.69607
0.02052 42.97258 1.33333
0.02103 41.82747 1.12258
0.02154 39.14040 0.92039
0.02204 38.35126 0.84546
0.02255 36.79125 0.68065
0.02306 35.61711 0.62524
0.02356 34.52163 0.53004
0.02407 33.62879 0.48795
0.02458 32.00959 0.42521
0.02509 32.10934 0.41164
0.02559 31.14954 0.39032
0.02610 30.53865 0.36600
0.02661 29.32491 0.29475
0.02711 28.69635 0.27246
0.02762 28.07594 0.27402
0.02813 27.88555 0.27189
0.02863 27.03281 0.24341
0.02914 26.98074 0.25119
0.02965 26.48973 0.25003
0.03015 26.69967 0.23871
0.03066 25.87350 0.22866
0.03117 25.95973 0.22417
0.03167 25.27425 0.22417
0.03218 25.12275 0.21763
0.03269 25.09617 0.21433
0.03319 24.46978 0.20863
0.03370 24.34001 0.20812
0.03421 24.52357 0.22397
0.03471 23.62723 0.21835
0.03522 24.06061 0.20834
0.03573 23.58854 0.21086
0.03623 23.88971 0.20683
0.03674 23.88124 0.20161
0.03725 23.27930 0.20708
0.03775 23.09064 0.18758
0.03826 23.00786 0.19474
0.03877 22.77412 0.19654
0.03927 23.01583 0.18955
0.03978 23.01843 0.17749
0.04029 22.58110 0.17781
0.04080 22.70345 0.18724
0.04130 22.66516 0.18221
0.04181 22.57714 0.18800
0.04232 22.12909 0.18277
0.04282 22.28498 0.18066
0.04333 22.21183 0.17765
0.04384 22.01285 0.16771
0.04434 21.75855 0.16702
0.04485 21.52358 0.17669
0.04536 22.01272 0.17213
0.04586 21.82687 0.17054
0.04637 21.76674 0.17284
0.04688 21.46476 0.16195
0.04738 21.51607 0.16948
0.04789 21.49737 0.16169
0.04840 21.14052 0.16036
0.04890 21.22141 0.15877
0.04941 21.40965 0.15892
0.04992 21.18396 0.15464
0.05042 21.21062 0.15890
0.05093 21.37729 0.15232
0.05144 21.39487 0.16167
0.05194 21.08925 0.15171
0.05245 20.87823 0.14987
0.05296 21.28997 0.16501
0.05346 20.88931 0.14499
0.05397 21.07260 0.14864
0.05448 21.06782 0.14778
0.05498 20.95173 0.15374
0.05549 20.85354 0.14472
0.05600 20.61481 0.15237
0.05650 20.68985 0.14494
0.05701 20.37219 0.14595
0.05752 20.56062 0.13808
0.05803 20.62241 0.14400
0.05853 20.29584 0.14364
0.05904 20.95965 0.14591
0.05955 20.53050 0.14603
0.06005 20.55221 0.14540
0.06056 20.19030 0.13743
0.06107 20.44913 0.14323
0.06157 20.41830 0.14078
0.06208 20.34796 0.14097
0.06259 20.74243 0.14016
0.06309 20.11379 0.14276
0.06360 20.15178 0.13563
0.06411 20.37310 0.13618
0.06461 20.30650 0.14285
0.06512 20.21455 0.13466
0.06563 20.11175 0.13435
0.06613 20.09463 0.13726
0.06664 20.21395 0.13005
0.06715 19.93487 0.13570
0.06765 20.17691 0.13184
0.06816 20.03835 0.13357
0.06867 20.04489 0.13185
0.06917 20.04982 0.13334
0.06968 19.87062 0.12749
0.07019 20.12054 0.12807
0.07069 19.94587 0.12798
0.07120 20.00474 0.12758
0.07171 19.66396 0.12698
0.07221 19.76014 0.12555
0.07272 19.91802 0.12494
0.07323 19.68715 0.12512
0.07373 19.99785 0.13052
0.07424 19.65810 0.12357
0.07475 19.72473 0.12149
0.07526 19.80387 0.12327
0.07576 19.73342 0.12217
0.07627 19.83095 0.12284
0.07678 19.96091 0.12329
0.07728 19.72231 0.12215
0.07779 19.60035 0.11599
0.07830 19.50537 0.11568
0.07880 19.68028 0.12001
0.07931 19.50142 0.11552
0.07982 19.54032 0.11439
0.08032 19.64907 0.12203
0.08083 19.45473 0.12080
0.08134 19.53578 0.12056
0.08184 19.35304 0.12364
0.08235 19.59935 0.11870
0.08286 19.50365 0.12163
0.08336 19.47140 0.11659
0.08387 19.51412 0.12140
0.08438 19.23636 0.11704
0.08488 19.57910 0.12288
0.08539 19.59892 0.12277
0.08590 19.32454 0.12066
0.08640 19.37668 0.12181
0.08691 19.31493 0.11977
0.08742 19.33802 0.11955
0.08792 19.32383 0.11976
0.08843 19.33664 0.12139
0.08894 19.43957 0.12273
0.08944 19.45553 0.11964
0.08995 19.34784 0.11906
0.09046 19.28105 0.12014
0.09096 19.46876 0.12697
0.09147 19.21849 0.12331
0.09198 19.14434 0.11776
0.09248 19.16510 0.11991
0.09299 19.25251 0.12373
0.09350 19.29164 0.12888
0.09401 19.19662 0.12467
0.09451 19.47494 0.11506
0.09502 19.33274 0.11899
0.09553 19.30895 0.12157
0.09603 18.97378 0.12002
0.09654 19.39365 0.11902
0.09705 19.10590 0.11852
0.09755 19.18903 0.12575
0.09806 19.04921 0.12417
0.09857 19.04634 0.11937
0.09907 19.09638 0.11863
0.09958 19.33047 0.12145
0.10009 19.09125 0.12333
0.10059 19.07374 0.11973
0.10110 18.96828 0.11788
0.10161 19.20768 0.11569
0.10211 19.01543 0.11627
0.10262 19.00915 0.11352
0.10313 18.98563 0.11246
0.10363 19.04706 0.11933
0.10414 18.77684 0.11683
0.10465 19.03412 0.11935
0.10515 18.79445 0.11530
0.10566 18.90893 0.11969
0.10617 19.00687 0.11361
0.10667 18.89792 0.11477
0.10718 18.77144 0.11091
0.10769 18.85545 0.10900
0.10819 19.17481 0.11120
0.10870 18.96879 0.11033
0.10921 18.99510 0.10856
0.10971 18.97766 0.11150
0.11022 18.95552 0.10709
0.11073 18.90981 0.10892
0.11123 18.94334 0.10961
0.11174 18.74132 0.10877
0.11225 18.72697 0.10841
0.11275 18.76494 0.10981
0.11326 18.72560 0.10738
0.11377 18.77575 0.10687
0.11428 18.93443 0.10786
0.11478 18.69831 0.10335
0.11529 18.96591 0.10511
0.11580 18.81037 0.10535
0.11630 18.73372 0.10532
0.11681 18.87275 0.10455
0.11732 18.71685 0.10448
0.11782 18.82779 0.10138
0.11833 18.91441 0.10177
0.11884 18.79604 0.10572
0.11934 18.75189 0.10288
0.11985 18.90544 0.10160
0.12036 18.64432 0.10338
0.12086 18.72245 0.10095
0.12137 18.55377 0.09875
0.12188 18.86809 0.10035
0.12238 18.82533 0.10051
0.12289 18.80799 0.09956
0.12340 18.81947 0.09965
0.12390 18.82327 0.09890
0.12441 18.67033 0.09920
0.12492 18.73315 0.09624
0.12542 18.75753 0.10078
0.12593 18.68883 0.09631
0.12644 18.77081 0.10246
0.12694 18.70826 0.09796
0.12745 18.63896 0.09873
0.12796 18.64899 0.10120
0.12846 18.47026 0.09399
0.12897 18.63940 0.09423
0.12948 18.57401 0.09264
0.12998 18.64736 0.09512
0.13049 18.62447 0.09209
0.13100 18.73792 0.09385
0.13150 18.55038 0.09463
0.13201 18.63327 0.09299
0.13252 18.63263 0.09276
0.13302 18.61334 0.09063
0.13353 18.39978 0.09137
0.13404 18.56303 0.09248
0.13454 18.55598 0.09393
0.13505 18.59410 0.09419
0.13556 18.58901 0.09212
0.13606 18.40067 0.09174
0.13657 18.40488 0.09204
0.13708 18.36752 0.09179
0.13758 18.35637 0.09031
0.13809 18.49509 0.09256
0.13860 18.49037 0.09068
0.13911 18.47124 0.08900
0.13961 18.37395 0.09224
0.14012 18.40662 0.08811
0.14063 18.33646 0.08948
0.14113 18.43623 0.08952
0.14164 18.51485 0.08708
0.14215 18.43130 0.08817
0.14265 18.26234 0.08514
0.14316 18.42598 0.08776
0.14367 18.28765 0.08789
0.14417 18.20804 0.08904
0.14468 18.19479 0.08926
0.14519 18.37296 0.08776
0.14569 18.28086 0.08949
0.14620 18.13366 0.08720
0.14671 18.24061 0.08668
0.14721 18.15286 0.08751
0.14772 18.05502 0.08472
0.14823 18.18251 0.08608
0.14873 18.08749 0.08717
0.14924 18.05312 0.08520
0.14975 18.09018 0.08723
0.15025 18.10804 0.08530
0.15076 17.93057 0.08499
0.15127 18.02375 0.08412
0.15177 18.00507 0.08516
0.15228 18.01581 0.08453
0.15279 18.07334 0.08412
0.15329 17.99553 0.08798
0.15380 17.90315 0.08618
0.15431 17.89856 0.08523
0.15481 17.86099 0.08250
0.15532 17.78990 0.08492
0.15583 17.60172 0.08291
0.15633 17.74943 0.08264
0.15684 17.70548 0.08289
0.15735 17.81080 0.08122
0.15785 17.73510 0.08282
0.15836 17.65955 0.08164
0.15887 17.68024 0.08076
0.15937 17.65608 0.08342
0.15988 17.62045 0.08141
0.16039 17.53754 0.08372
0.16089 17.53337 0.08095
0.16140 17.65280 0.08042
0.16191 17.56975 0.08137
0.16241 17.43774 0.08120
0.16292 17.47469 0.08125
0.16343 17.35381 0.07984
0.16393 17.46472 0.08057
0.16444 17.44275 0.08078
0.16495 17.37341 0.08010
0.16545 17.41990 0.07911
0.16596 17.52093 0.08029
0.16647 17.31973 0.07769
0.16697 17.60669 0.07848
0.16748 17.31371 0.07775
0.16799 17.32575 0.07899
0.16849 17.41977 0.07692
0.16900 17.35631 0.07951
0.16951 17.23821 0.07796
0.17001 17.18601 0.08009
0.17052 17.24675 0.07998
0.17103 17.27534 0.07802
0.17153 17.26204 0.07978
0.17204 17.31231 0.08072
0.17255 17.21067 0.08135
0.17305 17.25102 0.07977
0.17356 17.23239 0.08080
0.17407 17.24317 0.08205
0.17457 17.14471 0.07954
0.17508 17.19680 0.08055
0.17559 17.14642 0.08044
0.17610 17.08726 0.08257
0.17660 17.16824 0.07994
0.17711 17.02753 0.08138
0.17762 17.04215 0.08059
0.17812 16.83781 0.08092
0.17863 17.10780 0.07983
0.17914 16.95491 0.07930
0.17964 16.96793 0.08158
0.18015 16.98520 0.08052
0.18066 17.02396 0.08347
0.18116 17.11070 0.08338
0.18167 16.95910 0.08217
0.18218 17.02315 0.08272
0.18268 17.07514 0.08231
0.18319 16.92485 0.08081
0.18370 16.87711 0.08403
0.18420 16.89199 0.08260
0.18471 16.88310 0.08276
0.18522 16.99426 0.08272
0.18572 17.05662 0.08485
0.18623 16.73773 0.08350
0.18674 16.81448 0.08652
0.18724 16.74819 0.08276
0.18775 16.95379 0.08263
0.18826 16.94340 0.08515
0.18876 16.84148 0.08381
0.18927 16.84188 0.08604
0.18978 16.70914 0.08208
0.19028 16.79999 0.08282
0.19079 16.79215 0.08515
0.19130 16.85713 0.08330
0.19180 16.83707 0.08460
0.19231 16.80032 0.08546
0.19282 16.89773 0.08892
0.19332 16.85288 0.08696
0.19383 16.82507 0.08541
0.19434 16.73423 0.08502
0.19484 16.68320 0.08848
0.19535 16.77530 0.08674
0.19586 16.58129 0.08610
0.19636 16.62255 0.08616
0.19687 16.85299 0.08674
0.19738 16.74800 0.08432
0.19788 16.78946 0.08427
0.19839 16.44289 0.08397
0.19890 16.63621 0.08596
0.19940 16.64262 0.08530
0.19991 16.62923 0.08688
0.20042 16.57469 0.08788
0.20092 16.60701 0.08647
0.20143 16.51575 0.08691
0.20194 16.59542 0.08665
0.20244 16.70456 0.08686
0.20295 16.57580 0.08595
0.20346 16.57200 0.08731
0.20396 16.54495 0.08691
0.20447 16.60260 0.08704
0.20498 16.61795 0.08574
0.20548 16.47237 0.08674
0.20599 16.37617 0.08787
0.20650 16.46749 0.08598
0.20700 16.46053 0.08591
0.20751 16.48761 0.08724
0.20802 16.65286 0.08637
0.20852 16.44684 0.08516
0.20903 16.49005 0.08510
0.20954 16.49716 0.08546
0.21004 16.21170 0.08763
0.21055 16.43023 0.08425
0.21106 16.48508 0.08515
0.21156 16.39446 0.08748
0.21207 16.24472 0.08642
0.21258 16.33244 0.08512
0.21308 16.28360 0.08680
0.21359 16.19512 0.08715
0.21410 16.43541 0.08750
0.21460 16.11046 0.08575
0.21511 16.15663 0.08698
0.21562 16.24688 0.08634
0.21612 16.20162 0.08770
0.21663 16.28904 0.08703
0.21714 16.33976 0.08387
0.21764 16.31658 0.08823
0.21815 16.03514 0.08549
0.21866 16.33320 0.08478
0.21916 16.10810 0.08383
0.21967 16.04379 0.08602
0.22018 16.27348 0.08565
0.22068 16.02438 0.08426
0.22119 16.14078 0.08336
0.22170 16.01066 0.08480
0.22220 16.11001 0.08505
0.22271 16.08215 0.08288
0.22322 16.05742 0.08395
0.22372 16.20306 0.08526
0.22423 16.05425 0.08391
0.22474 16.12079 0.08427
0.22524 15.92112 0.08256
0.22575 15.85383 0.08286
0.22626 15.98687 0.08109
0.22676 15.96914 0.08493
0.22727 15.95201 0.08165
0.22778 15.79020 0.08088
0.22828 15.88354 0.08281
0.22879 15.86290 0.08125
0.22930 15.96534 0.08078
0.22980 15.89747 0.07812
0.23031 15.91764 0.07957
0.23082 15.87232 0.08288
0.23132 15.84581 0.08081
0.23183 15.87358 0.07808
0.23234 15.82340 0.07770
0.23284 15.72748 0.07936
0.23335 15.88520 0.07893
0.23386 15.92198 0.07896
0.23436 15.79925 0.07795
0.23487 15.66939 0.08061
0.23538 15.73533 0.07821
0.23588 15.76740 0.07848
0.23639 15.80959 0.07790
0.23690 15.69587 0.07990
0.23740 15.78563 0.07851
0.23791 15.85171 0.07770
0.23842 15.68763 0.07781
0.23892 15.71076 0.07666
0.23943 15.49036 0.07616
0.23994 15.74421 0.07648
0.24044 15.62880 0.07688
0.24095 15.66074 0.07688
0.24145 15.66287 0.07536
0.24196 15.58050 0.07645
0.24247 15.76125 0.07791
0.24297 15.66838 0.07640
0.24348 15.76343 0.07556
0.24399 15.60847 0.07650
0.24449 15.68537 0.07421
0.24500 15.55700 0.07330
0.24551 15.49713 0.07386
0.24601 15.52366 0.07603
0.24652 15.37567 0.07340
0.24703 15.53171 0.07435
0.24753 15.54703 0.07759
0.24804 15.53984 0.07483
0.24855 15.46895 0.07284
0.24905 15.59171 0.07491
0.24956 15.52968 0.07357
0.25007 15.50071 0.07611
0.25057 15.35475 0.07220
0.25108 15.47335 0.07436
0.25159 15.34034 0.07397
0.25209 15.52053 0.07443
0.25260 15.36428 0.07314
0.25311 15.41973 0.07378
0.25361 15.39340 0.07221
0.25412 15.42049 0.07264
0.25463 15.29744 0.07379
0.25513 15.30724 0.06965
0.25564 15.51022 0.07322
0.25615 15.38635 0.07065
0.25665 15.26978 0.07417
0.25716 15.21539 0.07205
0.25767 15.25692 0.07118
0.25817 15.38965 0.06998
0.25868 15.15814 0.06927
0.25919 15.29014 0.07063
0.25969 15.22995 0.06989
0.26020 15.22900 0.07110
0.26071 15.24334 0.07204
0.26121 15.23992 0.07062
0.26172 15.12812 0.07064
0.26223 14.97630 0.06968
0.26273 15.30515 0.07123
0.26324 15.12483 0.06830
0.26375 15.22011 0.07000
0.26425 15.21728 0.06914
0.26476 15.12516 0.06811
0.26527 15.11496 0.06804
0.26577 15.03133 0.06889
0.26628 15.13777 0.06949
0.26679 15.04989 0.06836
0.26729 14.94658 0.06793
0.26780 15.07673 0.06853
0.26831 15.07187 0.06778
0.26881 15.13438 0.07013
0.26932 15.12258 0.06700
0.26983 15.02482 0.06855
0.27033 15.15544 0.06697
0.27084 15.06124 0.06754
0.27134 14.91960 0.06746
0.27185 14.99167 0.06739
0.27236 15.03285 0.06643
0.27286 14.97156 0.06911
0.27337 15.04182 0.06673
0.27388 14.90011 0.06739
0.27438 15.04429 0.06820
0.27489 14.79713 0.06886
0.27540 15.01725 0.06589
0.27590 14.94952 0.06564
0.27641 14.87702 0.06816
0.27692 14.70254 0.06645
0.27742 14.81867 0.06683
0.27793 14.80867 0.06561
0.27844 14.86424 0.06596
0.27894 14.72354 0.06729
0.27945 14.79971 0.06564
0.27996 14.78027 0.06534
0.28046 14.78704 0.06555
0.28097 14.75373 0.06597
0.28148 14.65692 0.06385
0.28198 14.67226 0.06432
0.28249 14.77815 0.06518
0.28300 14.76205 0.06470
0.28350 14.72720 0.06556
0.28401 14.74637 0.06530
0.28452 14.72439 0.06539
0.28502 14.65914 0.06341
0.28553 14.67750 0.06435
0.28604 14.75887 0.06357
0.28654 14.79557 0.06383
0.28705 14.57804 0.06410
0.28756 14.71304 0.06622
0.28806 14.51909 0.06454
0.28857 14.54557 0.06496
0.28908 14.53338 0.06550
0.28958 14.56461 0.06424
0.29009 14.50350 0.06521
0.29059 14.54281 0.06466
0.29110 14.52622 0.06580
0.29161 14.45832 0.06552
0.29211 14.56045 0.06568
0.29262 14.48292 0.06495
0.29313 14.46869 0.06446
0.29363 14.49618 0.06427
0.29414 14.50049 0.06488
0.29465 14.50628 0.06567
0.29515 14.48810 0.06495
0.29566 14.48503 0.06466
0.29617 14.41047 0.06468
0.29667 14.36519 0.06535
0.29718 14.40257 0.06620
0.29769 14.39410 0.06453
0.29819 14.33157 0.06613
0.29870 14.35905 0.06512
0.29921 14.34131 0.06559
0.29971 14.36066 0.06445
0.30022 14.31191 0.06516
0.30073 14.33675 0.06456
0.30123 14.37761 0.06448
0.30174 14.20303 0.06484
0.30225 14.29631 0.06588
0.30275 14.39637 0.06456
0.30326 14.24666 0.06380
0.30377 14.12317 0.06330
0.30427 14.25043 0.06409
0.30478 14.12949 0.06335
0.30529 14.17837 0.06227
0.30579 14.26955 0.06300
0.30630 14.17565 0.06387
0.30680 14.10857 0.06404
0.30731 14.22039 0.06301
0.30782 14.25120 0.06193
0.30832 14.01027 0.06295
0.30883 14.00644 0.06333
0.30934 13.98458 0.06248
0.30984 13.99836 0.06372
0.31035 14.13636 0.06450
0.31086 13.94913 0.06528
0.31136 14.05972 0.06728
0.31187 14.12611 0.06630
0.31238 14.02934 0.06586
0.31288 13.96983 0.06642
0.31339 13.89641 0.06637
0.31390 13.92189 0.06752
0.31440 13.77563 0.06653
0.31491 13.87316 0.06666
0.31542 13.86747 0.06580
0.31592 13.89715 0.06697
0.31643 13.89029 0.06753
0.31694 13.93014 0.06729
0.31744 13.95831 0.06890
0.31795 13.95024 0.06741
0.31845 13.80794 0.06941
0.31896 13.86542 0.06884
0.31947 13.82213 0.06819
0.31997 13.92699 0.06818
0.32048 13.94646 0.06884
0.32099 13.93255 0.06781
0.32149 13.85933 0.06762
0.32200 13.81441 0.06807
0.32251 13.85687 0.07059
0.32301 13.73547 0.06794
0.32352 13.87088 0.06731
0.32403 13.75125 0.06785
0.32453 13.68041 0.06766
0.32504 13.79589 0.06767
0.32555 13.77048 0.06662
0.32605 13.58583 0.06890
0.32656 13.91232 0.06791
0.32707 13.80693 0.06705
0.32757 13.65574 0.06622
0.32808 13.74457 0.06935
0.32859 13.60844 0.06700
0.32909 13.64616 0.06860
0.32960 13.68066 0.06843
0.33010 13.72078 0.06944
0.33061 13.70445 0.06820
0.33112 13.67907 0.06815
0.33162 13.66475 0.07045
0.33213 13.66546 0.06837
0.33264 13.54315 0.06799
0.33314 13.65679 0.06910
0.33365 13.65010 0.06948
0.33416 13.59008 0.06870
0.33466 13.56506 0.06969
0.33517 13.65677 0.06804
0.33568 13.59027 0.06978
0.33618 13.54048 0.06883
0.33669 13.61186 0.07033
0.33720 13.52823 0.06976
0.33770 13.50889 0.06750
0.33821 13.55970 0.06997
0.33872 13.51093 0.07035
0.33922 13.41564 0.06888
0.33973 13.46487 0.06921
0.34023 13.52724 0.06771
0.34074 13.47318 0.07001
0.34125 13.49855 0.06874
0.34175 13.47536 0.07001
0.34226 13.48857 0.07060
0.34277 13.41595 0.07038
0.34327 13.35788 0.06925
0.34378 13.27532 0.06949
0.34429 13.50230 0.07080
0.34479 13.40347 0.06902
0.34530 13.51873 0.06981
0.34581 13.45966 0.07049
0.34631 13.41402 0.06845
0.34682 13.43979 0.07060
0.34733 13.39660 0.06986
0.34783 13.42251 0.07045
0.34834 13.27098 0.07058
0.34884 13.40852 0.07006
0.34935 13.42228 0.07341
0.34986 13.33691 0.07250
0.35036 13.31413 0.06900
0.35087 13.13401 0.06972
0.35138 13.28359 0.06993
0.35188 13.35094 0.06991
0.35239 13.28591 0.06953
0.35290 13.16062 0.06778
0.35340 13.20733 0.06849
0.35391 13.23497 0.06828
0.35442 13.17247 0.06776
0.35492 13.17312 0.06790
0.35543 13.17254 0.06632
0.35594 13.17112 0.06807
0.35644 13.11987 0.06497
0.35695 13.21236 0.06840
0.35745 13.06378 0.06651
0.35796 13.15599 0.06840
0.35847 13.13130 0.06826
0.35897 13.12280 0.06757
0.35948 13.06102 0.06724
0.35999 13.13096 0.06793
0.36049 13.04865 0.06901
0.36100 13.03948 0.06589
0.36151 13.13332 0.06673
0.36201 13.08530 0.06804
0.36252 13.11249 0.06761
0.36303 13.10563 0.06738
0.36353 13.05534 0.06775
0.36404 13.08632 0.06811
0.36455 12.89314 0.06726
0.36505 12.99377 0.06780
0.36556 12.81331 0.06989
0.36606 12.93988 0.06923
0.36657 12.95474 0.06857
0.36708 12.96450 0.06890
0.36758 12.93426 0.06977
0.36809 12.87210 0.07065
0.36860 12.91838 0.07251
0.36910 12.81028 0.07419
0.36961 12.94438 0.07284
0.37012 12.57476 0.07337
0.37062 12.82043 0.07518
0.37113 12.89064 0.07141
0.37164 12.78352 0.07115
0.37214 12.90769 0.07150
0.37265 12.81425 0.07015
0.37315 12.81549 0.06825
0.37366 12.84853 0.07143
0.37417 12.82731 0.07166
0.37467 12.85157 0.07343
0.37518 12.91897 0.07262
0.37569 12.87063 0.07343
0.37619 12.61821 0.07451
0.37670 12.75952 0.07549
0.37721 12.78399 0.07440
0.37771 12.78361 0.07415
0.37822 12.75660 0.07328
0.37873 12.71115 0.07612
0.37923 12.78414 0.07631
0.37974 12.70424 0.07588
0.38024 12.78921 0.07577
0.38075 12.64299 0.07467
0.38126 12.84555 0.07837
0.38176 12.54805 0.07689
0.38227 12.70174 0.07730
0.38278 12.67938 0.07706
0.38328 12.62781 0.07840
0.38379 12.61793 0.07909
0.38430 12.63621 0.07998
0.38480 12.60538 0.08014
0.38531 12.62629 0.07805
0.38582 12.67285 0.07684
0.38632 12.55909 0.07846
0.38683 12.43777 0.07949
0.38733 12.50408 0.07967
0.38784 12.46855 0.08058
0.38835 12.67947 0.08207
0.38885 12.52050 0.08290
0.38936 12.55459 0.08086
0.38987 12.45495 0.07939
0.39037 12.48432 0.08174
0.39088 12.46151 0.07968
0.39139 12.44379 0.08183
0.39189 12.45281 0.08098
0.39240 12.39856 0.08334
0.39290 12.59474 0.08407
0.39341 12.29696 0.08299
0.39392 12.51062 0.09047
0.39442 12.34807 0.08645
0.39493 12.54812 0.08359
0.39544 12.55200 0.08624
0.39594 12.48468 0.08654
0.39645 12.39015 0.08573
0.39696 12.32869 0.08469
0.39746 12.47058 0.08791
0.39797 12.30605 0.09016
0.39847 12.09659 0.08751
0.39898 12.11802 0.08836
0.39949 12.46490 0.08834
0.39999 12.24592 0.08848
0.40050 12.34381 0.08861
0.40101 12.17938 0.08839
0.40151 12.31021 0.09066
0.40202 12.44693 0.09402
0.40253 12.33254 0.09234
0.40303 12.28660 0.09044
0.40354 12.22073 0.09318
0.40405 12.26626 0.09252
0.40455 12.04968 0.09299
0.40506 12.28095 0.09397
0.40556 12.16960 0.09588
0.40607 12.17245 0.09371
0.40658 12.09652 0.09304
0.40708 12.07697 0.09291
0.40759 12.05236 0.09263
0.40810 12.25243 0.09502
0.40860 12.07381 0.09130
0.40911 12.25898 0.09632
0.40962 12.09291 0.09451
0.41012 12.00650 0.09283
0.41063 12.11998 0.09557
0.41113 11.94978 0.09837
0.41164 12.10676 0.09368
0.41215 11.99654 0.09461
0.41265 12.05156 0.09633
0.41316 11.83962 0.09392
0.41367 11.96934 0.09408
0.41417 11.81790 0.09223
0.41468 12.00765 0.09239
0.41518 11.99683 0.09870
0.41569 11.84836 0.09633
0.41620 12.02603 0.09571
0.41670 11.98913 0.09642
0.41721 11.84277 0.09717
0.41772 11.82408 0.09925
0.41822 11.92458 0.09776
0.41873 12.02481 0.09719
0.41924 11.91271 0.09943
0.41974 11.94365 0.10121
0.42025 11.90668 0.09990
0.42075 11.85161 0.10244
0.42126 11.87311 0.10347
0.42177 11.72452 0.10071
0.42227 12.09255 0.10138
0.42278 11.89192 0.10365
0.42329 12.02146 0.10850
0.42379 11.74553 0.10296
0.42430 11.84229 0.10688
0.42481 11.96352 0.10377
0.42531 11.83262 0.10390
0.42582 11.84155 0.10815
0.42632 11.69357 0.10575
0.42683 11.83698 0.10972
0.42734 11.97578 0.10840
0.42784 11.68486 0.10934
0.42835 11.80868 0.11180
0.42886 11.69545 0.10943
0.42936 11.71145 0.11136
0.42987 11.65301 0.11064
0.43037 11.79959 0.11365
0.43088 11.84178 0.11471
0.43139 11.59614 0.11249
0.43189 11.69061 0.11378
0.43240 11.51849 0.11507
0.43291 11.64467 0.11571
0.43341 11.72053 0.11419
0.43392 11.62380 0.11647
0.43443 11.58990 0.11697
0.43493 11.82114 0.11988
0.43544 11.68730 0.12359
0.43594 11.64438 0.11960
0.43645 11.39702 0.12497
0.43696 11.66860 0.12360
0.43746 11.67416 0.12061
0.43797 11.62362 0.12671
0.43848 11.57363 0.12397
0.43898 11.52698 0.12591
0.43949 11.86807 0.12817
0.43999 11.44693 0.13324
