0.01140 1555.97722 63.19941
0.01191 1073.14520 51.71806
0.01242 699.47675 52.80287
0.01292 418.45262 38.78482
0.01343 276.15873 26.61096
0.01394 203.54202 19.59007
0.01444 169.43101 15.89591
0.01495 134.23369 12.98280
0.01546 101.20091 8.36567
0.01596 92.74772 7.82124
0.01647 82.87280 6.53809
0.01698 65.82195 4.62695
0.01748 58.42609 4.21049
0.01799 55.12813 3.29843
0.01850 50.70016 2.80517
0.01900 43.69543 2.29453
0.01951 41.46726 2.00200
0.02002 38.76883 1.69836
0.02052 36.11658 1.32494
0.02103 34.61082 1.19814
0.02154 32.33513 0.92626
0.02204 31.08576 0.85309
0.02255 28.86542 0.67135
0.02306 28.13500 0.57543
0.02356 27.56328 0.56723
0.02407 26.27497 0.45803
0.02458 25.57581 0.43699
0.02509 24.69114 0.36574
0.02559 24.06947 0.33820
0.02610 23.52803 0.31854
0.02661 22.76443 0.28103
0.02711 22.39914 0.27764
0.02762 21.47715 0.22607
0.02813 20.63592 0.23287
0.02863 20.75179 0.21612
0.02914 20.19081 0.22080
0.02965 19.70379 0.20882
0.03015 19.41072 0.19926
0.03066 19.01796 0.20742
0.03117 18.91617 0.19239
0.03167 18.39544 0.18904
0.03218 18.47179 0.18449
0.03269 18.04346 0.16927
0.03319 18.03982 0.18795
0.03370 17.69553 0.17376
0.03421 17.70117 0.19122
0.03471 17.44001 0.18091
0.03522 17.13955 0.17960
0.03573 16.80263 0.17587
0.03623 16.85973 0.17509
0.03674 16.42520 0.16653
0.03725 16.54360 0.16979
0.03775 16.38201 0.16198
0.03826 16.21273 0.15931
0.03877 16.40895 0.15231
0.03927 16.57333 0.16080
0.03978 16.23628 0.15676
0.04029 16.02600 0.15397
0.04080 15.75677 0.15618
0.04130 15.94275 0.15536
0.04181 15.81164 0.15023
0.04232 15.56935 0.15158
0.04282 15.57672 0.14861
0.04333 15.07353 0.14536
0.04384 15.27602 0.14230
0.04434 14.89616 0.13971
0.04485 15.51764 0.14422
0.04536 15.06978 0.14494
0.04586 14.86636 0.14048
0.04637 15.05038 0.14253
0.04688 14.90243 0.13904
0.04738 14.93669 0.14075
0.04789 14.98062 0.14139
0.04840 14.43942 0.13216
0.04890 14.73827 0.13437
0.04941 14.69473 0.13191
0.04992 14.45804 0.13273
0.05042 14.50752 0.12991
0.05093 14.64170 0.13069
0.05144 14.54747 0.13119
0.05194 14.53187 0.12192
0.05245 14.55774 0.13062
0.05296 14.32918 0.12711
0.05346 14.17896 0.12349
0.05397 14.44532 0.12645
0.05448 14.13909 0.11925
0.05498 14.17255 0.12420
0.05549 14.26233 0.12571
0.05600 13.99737 0.12129
0.05650 14.22267 0.12350
0.05701 14.03003 0.12244
0.05752 13.91296 0.11842
0.05803 13.95762 0.11872
0.05853 14.08562 0.11598
0.05904 13.88540 0.11657
0.05955 13.94854 0.11550
0.06005 13.83044 0.11488
0.06056 13.82826 0.11768
0.06107 13.88067 0.11712
0.06157 13.59242 0.11490
0.06208 13.76050 0.11202
0.06259 13.94020 0.11628
0.06309 13.56212 0.11210
0.06360 13.64089 0.10948
0.06411 13.44414 0.10955
0.06461 13.69161 0.10992
0.06512 13.46912 0.10640
0.06563 13.66442 0.11011
0.06613 13.81182 0.10742
0.06664 13.45524 0.10705
0.06715 13.27936 0.10681
0.06765 13.59300 0.10429
0.06816 13.35948 0.10727
0.06867 13.39076 0.10498
0.06917 13.36199 0.10602
0.06968 13.51897 0.10489
0.07019 13.27709 0.10322
0.07069 13.24458 0.10509
0.07120 13.35696 0.10259
0.07171 13.42368 0.10655
0.07221 13.27197 0.10776
0.07272 13.32703 0.10317
0.07323 13.14547 0.10585
0.07373 13.01942 0.10267
0.07424 13.31225 0.10134
0.07475 13.17358 0.10288
0.07526 13.25621 0.10015
0.07576 13.26381 0.10180
0.07627 13.22900 0.09998
0.07678 13.06730 0.09836
0.07728 13.20639 0.09881
0.07779 13.15221 0.09748
0.07830 13.07634 0.09787
0.07880 12.98534 0.09707
0.07931 13.10075 0.10041
0.07982 13.01190 0.09752
0.08032 13.15442 0.09679
0.08083 13.08096 0.09611
0.08134 13.08969 0.10235
0.08184 12.91444 0.09573
0.08235 12.91872 0.09833
0.08286 12.91488 0.09893
0.08336 12.87038 0.09992
0.08387 12.81882 0.09532
0.08438 12.87195 0.09913
0.08488 12.78651 0.09951
0.08539 12.82453 0.09723
0.08590 12.87177 0.10131
0.08640 12.88896 0.10261
0.08691 12.71362 0.09729
0.08742 12.86934 0.09730
0.08792 12.75382 0.09991
0.08843 12.88243 0.09999
0.08894 12.78365 0.09705
0.08944 12.76705 0.09669
0.08995 12.57921 0.10142
0.09046 12.74509 0.09653
0.09096 12.88451 0.09771
0.09147 12.64897 0.09831
0.09198 12.72394 0.09622
0.09248 12.76200 0.09878
0.09299 12.59908 0.10339
0.09350 12.58879 0.10433
0.09401 12.59077 0.10212
0.09451 12.50433 0.09744
0.09502 12.51067 0.09988
0.09553 12.39856 0.09967
0.09603 12.66045 0.09962
0.09654 12.52626 0.09727
0.09705 12.57591 0.09688
0.09755 12.45949 0.09856
0.09806 12.49470 0.09606
0.09857 12.46475 0.09883
0.09907 12.44506 0.09823
0.09958 12.50066 0.09587
0.10009 12.51996 0.09840
0.10059 12.43560 0.09613
0.10110 12.37278 0.09673
0.10161 12.40920 0.09432
0.10211 12.41164 0.09748
0.10262 12.31578 0.09564
0.10313 12.52914 0.09264
0.10363 12.34354 0.09164
0.10414 12.34809 0.09625
0.10465 12.24776 0.09423
0.10515 12.37263 0.09845
0.10566 12.26799 0.09879
0.10617 12.26806 0.09193
0.10667 12.42407 0.09614
0.10718 12.21549 0.08960
0.10769 12.28673 0.09296
0.10819 12.33044 0.09114
0.10870 12.34209 0.08924
0.10921 12.43311 0.09090
0.10971 12.09791 0.08926
0.11022 12.20346 0.08631
0.11073 12.11065 0.08806
0.11123 12.12781 0.08802
0.11174 12.13975 0.08775
0.11225 12.03868 0.08663
0.11275 12.18262 0.08509
0.11326 11.99193 0.08338
0.11377 12.14150 0.08729
0.11428 12.00850 0.08788
0.11478 12.05468 0.08251
0.11529 12.13548 0.08266
0.11580 11.96315 0.08121
0.11630 12.25410 0.08546
0.11681 12.09673 0.08426
0.11732 11.99890 0.08309
0.11782 12.00359 0.08364
0.11833 12.08483 0.08169
0.11884 12.01499 0.08269
0.11934 11.98461 0.08120
0.11985 12.04210 0.07935
0.12036 12.08643 0.08221
0.12086 11.93513 0.07870
0.12137 11.91008 0.07964
0.12188 11.81553 0.08080
0.12238 11.79148 0.08142
0.12289 11.87791 0.07919
0.12340 11.96206 0.07870
0.12390 11.89750 0.07700
0.12441 11.97668 0.07819
0.12492 11.96825 0.07770
0.12542 11.83986 0.08002
0.12593 11.91543 0.07844
0.12644 11.86937 0.07728
0.12694 11.79825 0.07782
0.12745 11.84799 0.07658
0.12796 11.77769 0.07650
0.12846 11.83276 0.07581
0.12897 11.90528 0.07469
0.12948 11.72890 0.07632
0.12998 11.71400 0.07480
0.13049 11.81291 0.07703
0.13100 11.82574 0.07408
0.13150 11.66882 0.07469
0.13201 11.68578 0.07255
0.13252 11.80804 0.07539
0.13302 11.70713 0.07455
0.13353 11.79502 0.07619
0.13404 11.45978 0.07185
0.13454 11.61506 0.07432
0.13505 11.64691 0.07540
0.13556 11.67639 0.07313
0.13606 11.74829 0.07280
0.13657 11.72316 0.07246
0.13708 11.62866 0.07216
0.13758 11.64516 0.07174
0.13809 11.71220 0.07175
0.13860 11.69683 0.07265
0.13911 11.47398 0.07059
0.13961 11.67699 0.07064
0.14012 11.47844 0.07207
0.14063 11.61201 0.07150
0.14113 11.60648 0.07338
0.14164 11.57430 0.07193
0.14215 11.45611 0.06922
0.14265 11.40147 0.07050
0.14316 11.56693 0.07289
0.14367 11.43233 0.06992
0.14417 11.45829 0.07066
0.14468 11.36711 0.06851
0.14519 11.50297 0.06934
0.14569 11.38142 0.07011
0.14620 11.40444 0.06854
0.14671 11.40044 0.06907
0.14721 11.31900 0.07005
0.14772 11.39903 0.06915
0.14823 11.31312 0.06797
0.14873 11.34085 0.06862
0.14924 11.27861 0.06766
0.14975 11.35314 0.06869
0.15025 11.25740 0.06653
0.15076 11.20045 0.06755
0.15127 11.17598 0.06744
0.15177 11.27508 0.06768
0.15228 11.22672 0.06675
0.15279 11.26626 0.06739
0.15329 11.17840 0.06558
0.15380 11.20254 0.06662
0.15431 11.16963 0.06530
0.15481 11.28084 0.06680
0.15532 11.16756 0.06669
0.15583 11.20167 0.06653
0.15633 11.15450 0.06569
0.15684 11.03048 0.06377
0.15735 11.12396 0.06577
0.15785 11.07014 0.06425
0.15836 10.99527 0.06569
0.15887 11.10840 0.06516
0.15937 11.18745 0.06493
0.15988 11.05703 0.06463
0.16039 11.09196 0.06401
0.16089 11.00536 0.06477
0.16140 11.18113 0.06480
0.16191 11.03641 0.06464
0.16241 11.01165 0.06485
0.16292 11.05338 0.06418
0.16343 11.02299 0.06387
0.16393 10.77684 0.06286
0.16444 10.99191 0.06456
0.16495 10.90876 0.06223
0.16545 10.94883 0.06166
0.16596 10.90234 0.06154
0.16647 10.84316 0.06090
0.16697 10.83754 0.06336
0.16748 10.93774 0.06339
0.16799 10.83342 0.06113
0.16849 10.85986 0.06348
0.16900 10.83769 0.06224
0.16951 10.74049 0.06283
0.17001 10.76125 0.06235
0.17052 10.87178 0.06289
0.17103 10.84787 0.06357
0.17153 10.87047 0.06280
0.17204 10.84805 0.06269
0.17255 10.67800 0.06449
0.17305 10.83573 0.06290
0.17356 10.76127 0.06493
0.17407 10.71718 0.06332
0.17457 10.87629 0.06468
0.17508 10.76337 0.06257
0.17559 10.57731 0.06351
0.17610 10.65473 0.06262
0.17660 10.62749 0.06143
0.17711 10.65345 0.06278
0.17762 10.73987 0.06277
0.17812 10.64115 0.06185
0.17863 10.64783 0.06338
0.17914 10.66130 0.06367
0.17964 10.76436 0.06509
0.18015 10.69286 0.06500
0.18066 10.61897 0.06478
0.18116 10.72847 0.06597
0.18167 10.53118 0.06460
0.18218 10.63447 0.06585
0.18268 10.50971 0.06614
0.18319 10.55576 0.06297
0.18370 10.55225 0.06583
0.18420 10.58031 0.06603
0.18471 10.56223 0.06571
0.18522 10.50171 0.06740
0.18572 10.72479 0.06605
0.18623 10.58386 0.06687
0.18674 10.49436 0.06548
0.18724 10.60059 0.06774
0.18775 10.53069 0.06693
0.18826 10.44720 0.06693
0.18876 10.62725 0.06753
0.18927 10.44477 0.06545
0.18978 10.48643 0.06662
0.19028 10.61387 0.06824
0.19079 10.64970 0.06592
0.19130 10.51010 0.06819
0.19180 10.57516 0.06690
0.19231 10.43061 0.06819
0.19282 10.38480 0.06732
0.19332 10.45992 0.06804
0.19383 10.44475 0.06806
0.19434 10.48031 0.06781
0.19484 10.39356 0.06821
0.19535 10.34551 0.06779
0.19586 10.38280 0.06597
0.19636 10.51597 0.06738
0.19687 10.32379 0.06889
0.19738 10.31234 0.06732
0.19788 10.24530 0.06820
0.19839 10.42191 0.06812
0.19890 10.38949 0.06917
0.19940 10.25423 0.06889
0.19991 10.39599 0.06723
0.20042 10.25406 0.06901
0.20092 10.28136 0.06917
0.20143 10.31703 0.06769
0.20194 10.30111 0.06736
0.20244 10.25623 0.06903
0.20295 10.29315 0.06771
0.20346 10.21807 0.06833
0.20396 10.36792 0.07072
0.20447 10.33088 0.06846
0.20498 10.31919 0.06870
0.20548 10.29767 0.06888
0.20599 10.22701 0.06932
0.20650 10.09781 0.06829
0.20700 10.23337 0.06855
0.20751 10.25132 0.06843
0.20802 10.15073 0.06620
0.20852 10.34254 0.06712
0.20903 10.13632 0.06714
0.20954 10.25269 0.06654
0.21004 10.26142 0.06813
0.21055 10.19692 0.06873
0.21106 10.04059 0.06586
0.21156 10.11128 0.06890
0.21207 10.03669 0.06876
0.21258 10.10780 0.06771
0.21308 10.04707 0.06581
0.21359 10.19625 0.06904
0.21410 10.10342 0.06814
0.21460 10.17446 0.06943
0.21511 10.20511 0.06767
0.21562 10.20844 0.06881
0.21612 10.02524 0.07022
0.21663 10.12386 0.06954
0.21714 10.04218 0.06830
0.21764 10.01518 0.06608
0.21815 9.88920 0.06888
0.21866 10.03393 0.06632
0.21916 9.94372 0.06786
0.21967 10.02290 0.06534
0.22018 10.03660 0.06702
0.22068 9.98836 0.06552
0.22119 10.02669 0.06614
0.22170 9.94756 0.06841
0.22220 9.83244 0.06428
0.22271 10.03847 0.06672
0.22322 10.01178 0.06683
0.22372 9.90644 0.06527
0.22423 10.03192 0.06557
0.22474 9.84619 0.06445
0.22524 9.97451 0.06554
0.22575 9.98233 0.06569
0.22626 9.82731 0.06691
0.22676 9.88222 0.06539
0.22727 9.83734 0.06400
0.22778 9.82276 0.06495
0.22828 9.88707 0.06637
0.22879 9.93954 0.06591
0.22930 9.83545 0.06312
0.22980 9.78722 0.06328
0.23031 9.77316 0.06480
0.23082 9.71358 0.06362
0.23132 9.79027 0.06460
0.23183 9.80679 0.06359
0.23234 9.74004 0.06295
0.23284 9.87289 0.06196
0.23335 9.75571 0.06315
0.23386 9.87702 0.06200
0.23436 9.63974 0.06239
0.23487 9.65691 0.06083
0.23538 9.74396 0.06172
0.23588 9.74566 0.06145
0.23639 9.73817 0.06041
0.23690 9.67169 0.06047
0.23740 9.68421 0.06156
0.23791 9.75592 0.06051
0.23842 9.57070 0.06151
0.23892 9.67382 0.05959
0.23943 9.68349 0.05885
0.23994 9.65862 0.05956
0.24044 9.57403 0.05986
0.24095 9.65179 0.05962
0.24145 9.73211 0.06026
0.24196 9.69008 0.05872
0.24247 9.72731 0.06063
0.24297 9.68713 0.05856
0.24348 9.64819 0.05903
0.24399 9.66151 0.05816
0.24449 9.52173 0.05932
0.24500 9.64376 0.05962
0.24551 9.64112 0.05965
0.24601 9.76966 0.05919
0.24652 9.55722 0.05855
0.24703 9.60439 0.05834
0.24753 9.62012 0.05939
0.24804 9.60613 0.05964
0.24855 9.50473 0.05841
0.24905 9.65694 0.05959
0.24956 9.49000 0.05773
0.25007 9.53772 0.05773
0.25057 9.62818 0.05925
0.25108 9.52720 0.05717
0.25159 9.44325 0.05693
0.25209 9.55932 0.05727
0.25260 9.62195 0.05726
0.25311 9.53279 0.05675
0.25361 9.54194 0.05615
0.25412 9.54703 0.05774
0.25463 9.49548 0.05746
0.25513 9.49826 0.05556
0.25564 9.46332 0.05540
0.25615 9.55911 0.05543
0.25665 9.38542 0.05696
0.25716 9.56806 0.05732
0.25767 9.48100 0.05690
0.25817 9.50358 0.05483
0.25868 9.51113 0.05511
0.25919 9.34254 0.05622
0.25969 9.44922 0.05500
0.26020 9.40230 0.05459
0.26071 9.43407 0.05413
0.26121 9.42405 0.05439
0.26172 9.33504 0.05559
0.26223 9.35459 0.05410
0.26273 9.49264 0.05527
0.26324 9.31493 0.05464
0.26375 9.39190 0.05371
0.26425 9.35948 0.05499
0.26476 9.49516 0.05393
0.26527 9.37235 0.05339
0.26577 9.33936 0.05460
0.26628 9.30648 0.05397
0.26679 9.37221 0.05563
0.26729 9.38847 0.05420
0.26780 9.43550 0.05593
0.26831 9.38360 0.05335
0.26881 9.29019 0.05263
0.26932 9.33928 0.05341
0.26983 9.28769 0.05478
0.27033 9.28661 0.05342
0.27084 9.30744 0.05174
0.27134 9.27201 0.05401
0.27185 9.18788 0.05266
0.27236 9.35259 0.05300
0.27286 9.18512 0.05349
0.27337 9.28800 0.05392
0.27388 9.36439 0.05261
0.27438 9.30742 0.05135
0.27489 9.23285 0.05255
0.27540 9.28752 0.05201
0.27590 9.24042 0.05270
0.27641 9.32096 0.05216
0.27692 9.19847 0.05226
0.27742 9.21124 0.05225
0.27793 9.26715 0.05202
0.27844 9.18464 0.05112
0.27894 9.19028 0.05135
0.27945 9.21227 0.05142
0.27996 9.13529 0.05066
0.28046 9.13969 0.05169
0.28097 9.16572 0.05124
0.28148 9.14216 0.05089
0.28198 9.18254 0.05120
0.28249 9.20608 0.05176
0.28300 9.09735 0.05174
0.28350 9.16112 0.05123
0.28401 9.21016 0.05125
0.28452 9.14867 0.05073
0.28502 9.16693 0.05119
0.28553 9.10167 0.05084
0.28604 9.17006 0.05139
0.28654 9.05756 0.05120
0.28705 9.12173 0.05123
0.28756 9.08605 0.05151
0.28806 8.99469 0.05075
0.28857 9.08078 0.05108
0.28908 9.09227 0.05137
0.28958 9.11451 0.05121
0.29009 9.06557 0.05020
0.29059 9.14103 0.05200
0.29110 9.08074 0.05193
0.29161 9.06654 0.05065
0.29211 9.01470 0.05090
0.29262 8.98809 0.05162
0.29313 8.96258 0.05117
0.29363 9.10138 0.05213
0.29414 8.96271 0.05063
0.29465 8.98707 0.05169
0.29515 9.02488 0.05103
0.29566 8.93922 0.05284
0.29617 8.93357 0.05039
0.29667 8.94136 0.05104
0.29718 8.99860 0.05071
0.29769 9.02809 0.04963
0.29819 8.95626 0.05125
0.29870 8.99913 0.05140
0.29921 8.97723 0.05125
0.29971 8.93356 0.05121
0.30022 8.90251 0.05103
0.30073 8.92180 0.05090
0.30123 8.89278 0.05032
0.30174 8.92666 0.05163
0.30225 8.99279 0.05098
0.30275 8.94916 0.05049
0.30326 9.01482 0.05068
0.30377 8.95603 0.05076
0.30427 8.90365 0.04990
0.30478 8.87242 0.05038
0.30529 8.85095 0.05072
0.30579 8.83574 0.05053
0.30630 8.89957 0.05021
0.30680 8.89516 0.05034
0.30731 8.88425 0.04884
0.30782 8.80481 0.04946
0.30832 8.82814 0.04937
0.30883 8.83677 0.04944
0.30934 8.80963 0.04971
0.30984 8.73561 0.05031
0.31035 8.72815 0.05070
0.31086 8.91140 0.05102
0.31136 8.77294 0.05218
0.31187 8.78592 0.05315
0.31238 8.85141 0.05280
0.31288 8.81451 0.05317
0.31339 8.77620 0.05178
0.31390 8.83400 0.05254
0.31440 8.80994 0.05254
0.31491 8.77940 0.05519
0.31542 8.87362 0.05343
0.31592 8.82007 0.05367
0.31643 8.85173 0.05355
0.31694 8.85140 0.05400
0.31744 8.73272 0.05398
0.31795 8.64626 0.05388
0.31845 8.87211 0.05493
0.31896 8.78187 0.05483
0.31947 8.72985 0.05384
0.31997 8.81294 0.05445
0.32048 8.68660 0.05416
0.32099 8.75811 0.05530
0.32149 8.69919 0.05352
0.32200 8.84969 0.05325
0.32251 8.71623 0.05458
0.32301 8.75369 0.05610
0.32352 8.68553 0.05382
0.32403 8.67591 0.05441
0.32453 8.68079 0.05352
0.32504 8.66524 0.05398
0.32555 8.71509 0.05404
0.32605 8.71594 0.05440
0.32656 8.72434 0.05333
0.32707 8.76290 0.05418
0.32757 8.78048 0.05430
0.32808 8.80813 0.05529
0.32859 8.80320 0.05420
0.32909 8.70443 0.05470
0.32960 8.66758 0.05318
0.33010 8.63333 0.05385
0.33061 8.79371 0.05514
0.33112 8.71279 0.05361
0.33162 8.63632 0.05447
0.33213 8.68009 0.05522
0.33264 8.64067 0.05401
0.33314 8.59028 0.05348
0.33365 8.69376 0.05499
0.33416 8.68701 0.05404
0.33466 8.67064 0.05441
0.33517 8.61349 0.05548
0.33568 8.66687 0.05518
0.33618 8.62548 0.05579
0.33669 8.70354 0.05528
0.33720 8.64241 0.05449
0.33770 8.55451 0.05453
0.33821 8.64686 0.05449
0.33872 8.55344 0.05547
0.33922 8.62638 0.05574
0.33973 8.61661 0.05556
0.34023 8.66450 0.05647
0.34074 8.65475 0.05495
0.34125 8.65170 0.05641
0.34175 8.63007 0.05676
0.34226 8.53496 0.05612
0.34277 8.68158 0.05537
0.34327 8.56766 0.05524
0.34378 8.70564 0.05567
0.34429 8.50196 0.05579
0.34479 8.65177 0.05612
0.34530 8.58623 0.05634
0.34581 8.62404 0.05645
0.34631 8.55191 0.05713
0.34682 8.54270 0.05554
0.34733 8.52305 0.05637
0.34783 8.48063 0.05538
0.34834 8.54763 0.05676
0.34884 8.50062 0.05621
0.34935 8.62097 0.05667
0.34986 8.54568 0.05503
0.35036 8.53370 0.05588
0.35087 8.59497 0.05634
0.35138 8.59571 0.05775
0.35188 8.56176 0.05745
0.35239 8.46250 0.05532
0.35290 8.48887 0.05463
0.35340 8.51162 0.05481
0.35391 8.50425 0.05466
0.35442 8.40810 0.05403
0.35492 8.49331 0.05402
0.35543 8.42675 0.05453
0.35594 8.59152 0.05374
0.35644 8.41216 0.05248
0.35695 8.41582 0.05382
0.35745 8.46629 0.05383
0.35796 8.49455 0.05428
0.35847 8.44404 0.05340
0.35897 8.50241 0.05406
0.35948 8.52221 0.05391
0.35999 8.42250 0.05507
0.36049 8.42066 0.05344
0.36100 8.49398 0.05470
0.36151 8.37455 0.05630
0.36201 8.42467 0.05390
0.36252 8.43245 0.05374
0.36303 8.45857 0.05321
0.36353 8.37881 0.05257
0.36404 8.42107 0.05507
0.36455 8.41238 0.05414
0.36505 8.41124 0.05363
0.36556 8.41526 0.05486
0.36606 8.40722 0.05435
0.36657 8.49946 0.05668
0.36708 8.48924 0.05554
0.36758 8.36520 0.05646
0.36809 8.32874 0.05708
0.36860 8.40508 0.05694
0.36910 8.28997 0.05834
0.36961 8.31809 0.05876
0.37012 8.38356 0.05938
0.37062 8.23905 0.05778
0.37113 8.26347 0.05767
0.37164 8.38011 0.05777
0.37214 8.35397 0.05710
0.37265 8.37229 0.05785
0.37315 8.45001 0.05896
0.37366 8.39348 0.05781
0.37417 8.37972 0.05712
0.37467 8.30314 0.05747
0.37518 8.47716 0.05987
0.37569 8.34068 0.05935
0.37619 8.29098 0.06084
0.37670 8.44336 0.06046
0.37721 8.35492 0.06058
0.37771 8.31533 0.06056
0.37822 8.31290 0.06198
0.37873 8.36187 0.06005
0.37923 8.21110 0.06173
0.37974 8.38163 0.06194
0.38024 8.27802 0.06242
0.38075 8.30982 0.06043
0.38126 8.32037 0.06209
0.38176 8.23310 0.05998
0.38227 8.30314 0.06213
0.38278 8.24903 0.06376
0.38328 8.33727 0.06354
0.38379 8.29231 0.06395
0.38430 8.31379 0.06160
0.38480 8.34451 0.06681
0.38531 8.35416 0.06444
0.38582 8.47403 0.06521
0.38632 8.33889 0.06566
0.38683 8.32507 0.06471
0.38733 8.26768 0.06435
0.38784 8.29244 0.06293
0.38835 8.25933 0.06590
0.38885 8.27084 0.06711
0.38936 8.23615 0.06564
0.38987 8.33841 0.06696
0.39037 8.31978 0.06710
0.39088 8.26564 0.06855
0.39139 8.26444 0.06918
0.39189 8.33990 0.06860
0.39240 8.31448 0.07135
0.39290 8.12914 0.06916
0.39341 8.31510 0.07071
0.39392 8.13008 0.07563
0.39442 8.27800 0.06883
0.39493 8.11438 0.06943
0.39544 8.01098 0.06875
0.39594 8.18666 0.06981
0.39645 8.24653 0.07153
0.39696 8.10608 0.07080
0.39746 8.26560 0.07197
0.39797 8.13490 0.07382
0.39847 8.29643 0.07223
0.39898 8.02256 0.07099
0.39949 8.12241 0.07262
0.39999 8.22556 0.07039
0.40050 8.05348 0.07449
0.40101 8.17236 0.07196
0.40151 8.11888 0.07239
0.40202 8.17009 0.07332
0.40253 8.27076 0.07252
0.40303 8.18690 0.07501
0.40354 8.10469 0.07520
0.40405 8.10252 0.07231
0.40455 8.19361 0.07632
0.40506 8.21436 0.07556
0.40556 8.09013 0.07347
0.40607 8.08423 0.07387
0.40658 8.15181 0.07663
0.40708 8.09614 0.07589
0.40759 8.15850 0.07525
0.40810 8.08559 0.07710
0.40860 8.15315 0.07772
0.40911 8.14901 0.07668
0.40962 8.04348 0.07608
0.41012 8.21168 0.07772
0.41063 8.04893 0.07704
0.41113 8.13040 0.07537
0.41164 8.02493 0.07861
0.41215 8.06445 0.07739
0.41265 8.14580 0.07930
0.41316 8.03511 0.07727
0.41367 7.91505 0.07829
0.41417 8.05752 0.07965
0.41468 8.15060 0.07826
0.41518 8.04762 0.07774
0.41569 8.05717 0.07832
0.41620 8.04376 0.07936
0.41670 7.91820 0.07816
0.41721 8.09211 0.08152
0.41772 8.05376 0.08018
0.41822 8.07020 0.08310
0.41873 8.01626 0.08121
0.41924 7.98410 0.08163
0.41974 7.96187 0.08194
0.42025 8.09531 0.08185
0.42075 8.10114 0.08478
0.42126 7.90626 0.08103
0.42177 8.00789 0.08055
0.42227 7.93568 0.08042
0.42278 8.05590 0.08271
0.42329 8.11403 0.08301
0.42379 7.92398 0.08133
0.42430 8.06566 0.08133
0.42481 8.01575 0.08532
0.42531 8.17693 0.08972
0.42582 8.05380 0.08683
0.42632 7.95819 0.08744
0.42683 8.01860 0.09060
0.42734 8.04913 0.08849
0.42784 8.02668 0.08789
0.42835 8.15470 0.08888
0.42886 7.99096 0.09456
0.42936 8.15116 0.09196
0.42987 8.12881 0.09231
0.43037 8.11541 0.09408
0.43088 7.96692 0.09297
0.43139 8.07406 0.09638
0.43189 7.80336 0.09454
0.43240 8.17562 0.09794
0.43291 8.02228 0.09978
0.43341 7.97533 0.09416
0.43392 8.03079 0.09761
0.43443 8.09924 0.10274
0.43493 7.96324 0.09971
0.43544 8.01826 0.10253
0.43594 7.99724 0.10075
0.43645 7.90471 0.10757
0.43696 8.04091 0.10279
0.43746 7.82590 0.10221
0.43797 8.04593 0.10372
0.43848 7.90033 0.10568
0.43898 8.01079 0.10500
0.43949 7.90760 0.10671
0.43999 7.99240 0.10808
