0.01140 1565.82575 64.79091
0.01191 1091.30809 52.61489
0.01242 713.11320 52.56589
0.01292 429.39019 38.60738
0.01343 291.47256 26.45973
0.01394 218.15474 19.54344
0.01444 181.54048 15.86821
0.01495 148.72993 12.85096
0.01546 113.49435 8.53297
0.01596 109.08332 8.04940
0.01647 94.75707 6.18234
0.01698 79.49807 4.80779
0.01748 72.34338 4.06207
0.01799 66.73973 3.41193
0.01850 64.57227 2.74785
0.01900 57.18388 2.25037
0.01951 53.71506 1.87156
0.02002 51.56544 1.73616
0.02052 49.46479 1.33261
0.02103 47.04804 1.21749
0.02154 45.26279 1.02086
0.02204 43.73144 0.83920
0.02255 41.73481 0.64172
0.02306 41.65986 0.61660
0.02356 40.38473 0.62703
0.02407 39.26998 0.49702
0.02458 38.06577 0.44402
0.02509 37.91805 0.40476
0.02559 36.87420 0.40434
0.02610 36.41609 0.37369
0.02661 35.89796 0.33550
0.02711 34.78315 0.31434
0.02762 34.40711 0.30856
0.02813 33.59631 0.28093
0.02863 33.08323 0.28879
0.02914 32.88921 0.27134
0.02965 32.76449 0.26528
0.03015 32.03250 0.24424
0.03066 32.11779 0.26946
0.03117 32.07748 0.26072
0.03167 31.45465 0.24749
0.03218 31.28867 0.24233
0.03269 30.74107 0.24070
0.03319 30.28644 0.23106
0.03370 30.13053 0.24000
0.03421 30.11746 0.23668
0.03471 29.65291 0.23244
0.03522 29.43023 0.22400
0.03573 29.03926 0.23154
0.03623 29.30810 0.22820
0.03674 28.93193 0.22568
0.03725 28.77038 0.20968
0.03775 28.91389 0.22213
0.03826 28.60095 0.22154
0.03877 28.82407 0.21477
0.03927 28.35538 0.20649
0.03978 28.22927 0.20052
0.04029 28.16426 0.21231
0.04080 27.82513 0.20922
0.04130 27.80451 0.19487
0.04181 27.85209 0.19421
0.04232 27.71452 0.20685
0.04282 27.54673 0.20293
0.04333 27.31873 0.19913
0.04384 27.19275 0.19275
0.04434 26.91778 0.19868
0.04485 26.64042 0.18964
0.04536 26.86495 0.19340
0.04586 26.85531 0.18493
0.04637 26.58786 0.18808
0.04688 26.57442 0.18176
0.04738 26.51004 0.18369
0.04789 26.66989 0.18688
0.04840 26.00977 0.18251
0.04890 26.28297 0.17623
0.04941 25.97412 0.18070
0.04992 26.18200 0.17237
0.05042 26.05499 0.18211
0.05093 26.24523 0.17394
0.05144 26.31990 0.17644
0.05194 25.98896 0.16782
0.05245 25.78721 0.17155
0.05296 26.01994 0.17645
0.05346 25.43218 0.17017
0.05397 25.57144 0.16354
0.05448 25.62932 0.17147
0.05498 25.45611 0.16692
0.05549 25.27747 0.16149
0.05600 25.25900 0.16068
0.05650 25.02976 0.16562
0.05701 24.90051 0.15872
0.05752 24.81613 0.15832
0.05803 24.86346 0.16039
0.05853 24.84394 0.16081
0.05904 24.69710 0.15148
0.05955 24.47666 0.15721
0.06005 24.51388 0.15668
0.06056 24.50494 0.15155
0.06107 24.37533 0.15895
0.06157 24.41219 0.14966
0.06208 24.19104 0.14603
0.06259 24.08262 0.15322
0.06309 24.22887 0.14874
0.06360 24.21263 0.14851
0.06411 24.04765 0.14938
0.06461 23.89786 0.15009
0.06512 23.91144 0.14573
0.06563 23.72843 0.14006
0.06613 23.67842 0.14236
0.06664 23.83357 0.14372
0.06715 23.76667 0.14133
0.06765 23.47279 0.14767
0.06816 23.41341 0.13997
0.06867 23.66411 0.13985
0.06917 23.28953 0.14003
0.06968 23.52590 0.14113
0.07019 23.29159 0.13562
0.07069 23.06748 0.13579
0.07120 23.14774 0.13602
0.07171 22.89951 0.13565
0.07221 23.08101 0.13034
0.07272 22.86273 0.13775
0.07323 23.00477 0.13764
0.07373 22.60968 0.13166
0.07424 22.95705 0.13423
0.07475 22.73190 0.13531
0.07526 22.68096 0.12704
0.07576 22.39861 0.13295
0.07627 22.63904 0.13704
0.07678 22.62920 0.13303
0.07728 22.53783 0.13093
0.07779 22.37844 0.12839
0.07830 22.31396 0.12749
0.07880 22.36908 0.12481
0.07931 22.34099 0.12741
0.07982 22.21562 0.12640
0.08032 22.19116 0.12260
0.08083 22.22833 0.12745
0.08134 22.10401 0.13167
0.08184 22.01939 0.12750
0.08235 22.01112 0.12813
0.08286 22.02188 0.12405
0.08336 21.80282 0.12394
0.08387 21.88029 0.12492
0.08438 21.76805 0.12916
0.08488 21.62541 0.13016
0.08539 21.55028 0.13146
0.08590 21.78920 0.12954
0.08640 21.74844 0.12641
0.08691 21.61031 0.12894
0.08742 21.45380 0.12752
0.08792 21.52173 0.12938
0.08843 21.39609 0.12614
0.08894 21.16151 0.12537
0.08944 21.51008 0.12695
0.08995 21.45680 0.12935
0.09046 21.38530 0.13028
0.09096 21.26997 0.13113
0.09147 21.28696 0.13097
0.09198 21.09515 0.13306
0.09248 21.29920 0.13133
0.09299 21.04101 0.13254
0.09350 21.00711 0.13088
0.09401 20.80402 0.13144
0.09451 20.97864 0.12709
0.09502 20.74505 0.12695
0.09553 20.73510 0.12937
0.09603 20.75525 0.12541
0.09654 20.56177 0.12855
0.09705 20.75911 0.12733
0.09755 20.51103 0.12708
0.09806 20.48849 0.12905
0.09857 20.79508 0.12693
0.09907 20.63096 0.12411
0.09958 20.64121 0.12645
0.10009 20.49587 0.12021
0.10059 20.46585 0.12458
0.10110 20.32929 0.12480
0.10161 20.23495 0.11660
0.10211 20.34226 0.11712
0.10262 20.24988 0.11985
0.10313 19.94165 0.11645
0.10363 20.24756 0.12386
0.10414 20.11220 0.12289
0.10465 19.97723 0.12211
0.10515 20.13575 0.12018
0.10566 20.11766 0.12333
0.10617 19.87339 0.11929
0.10667 20.00113 0.11464
0.10718 19.82287 0.11441
0.10769 19.93379 0.11532
0.10819 20.02516 0.11343
0.10870 19.87546 0.11483
0.10921 19.65338 0.11135
0.10971 19.82341 0.11500
0.11022 19.66406 0.10963
0.11073 19.59800 0.11166
0.11123 19.70477 0.11316
0.11174 19.60475 0.11128
0.11225 19.65069 0.10879
0.11275 19.50746 0.11426
0.11326 19.56067 0.10934
0.11377 19.20916 0.10536
0.11428 19.53959 0.10676
0.11478 19.48628 0.10788
0.11529 19.38521 0.10777
0.11580 19.32214 0.10690
0.11630 19.23979 0.10616
0.11681 19.18560 0.10543
0.11732 19.19431 0.10568
0.11782 19.14333 0.10562
0.11833 18.92519 0.10207
0.11884 19.08673 0.10442
0.11934 18.83828 0.10266
0.11985 18.93090 0.10291
0.12036 19.06823 0.10299
0.12086 19.00966 0.10305
0.12137 18.90424 0.10397
0.12188 18.97914 0.10272
0.12238 18.94661 0.10025
0.12289 18.89281 0.10299
0.12340 18.74267 0.09919
0.12390 18.70727 0.09929
0.12441 18.83140 0.10085
0.12492 18.82013 0.10044
0.12542 18.92395 0.09736
0.12593 18.70071 0.09573
0.12644 18.83700 0.10059
0.12694 18.64209 0.09612
0.12745 18.62626 0.09641
0.12796 18.53121 0.09753
0.12846 18.54134 0.09722
0.12897 18.62840 0.09450
0.12948 18.42307 0.09481
0.12998 18.48897 0.09667
0.13049 18.71928 0.09490
0.13100 18.49424 0.09354
0.13150 18.44622 0.09173
0.13201 18.51059 0.09266
0.13252 18.33185 0.09271
0.13302 18.40684 0.09153
0.13353 18.40403 0.09439
0.13404 18.36819 0.09422
0.13454 18.30650 0.09182
0.13505 18.48726 0.09230
0.13556 18.46538 0.09219
0.13606 18.37205 0.08954
0.13657 18.28742 0.09159
0.13708 18.24036 0.09208
0.13758 18.21921 0.08858
0.13809 18.30149 0.08956
0.13860 18.25347 0.08949
0.13911 18.24593 0.08996
0.13961 18.18482 0.08734
0.14012 17.95663 0.08776
0.14063 17.95524 0.08839
0.14113 18.01747 0.08806
0.14164 17.96052 0.08891
0.14215 17.86569 0.08601
0.14265 17.87526 0.08854
0.14316 17.88088 0.08578
0.14367 17.59829 0.08443
0.14417 17.75623 0.08697
0.14468 17.74395 0.08662
0.14519 17.61913 0.08715
0.14569 17.64249 0.08633
0.14620 17.49282 0.08625
0.14671 17.56645 0.08689
0.14721 17.49396 0.08491
0.14772 17.56610 0.08689
0.14823 17.56332 0.08473
0.14873 17.40012 0.08548
0.14924 17.27170 0.08492
0.14975 17.29917 0.08405
0.15025 17.15636 0.08498
0.15076 17.25210 0.08096
0.15127 16.99550 0.08258
0.15177 17.22323 0.08464
0.15228 17.17883 0.08171
0.15279 17.03482 0.08198
0.15329 16.91868 0.08037
0.15380 17.00164 0.08299
0.15431 16.81168 0.08223
0.15481 16.89741 0.08163
0.15532 16.75926 0.08358
0.15583 16.79601 0.08113
0.15633 16.77289 0.08092
0.15684 16.67306 0.07997
0.15735 16.69841 0.07928
0.15785 16.54397 0.08082
0.15836 16.60644 0.07880
0.15887 16.52199 0.07894
0.15937 16.46924 0.07924
0.15988 16.59888 0.08040
0.16039 16.49529 0.07843
0.16089 16.25294 0.07816
0.16140 16.36453 0.07691
0.16191 16.23381 0.07971
0.16241 16.34206 0.07711
0.16292 16.20492 0.07681
0.16343 16.18655 0.07498
0.16393 16.24465 0.07683
0.16444 16.12804 0.07669
0.16495 16.27722 0.07731
0.16545 16.04275 0.07658
0.16596 15.97746 0.07687
0.16647 16.06196 0.07547
0.16697 15.91540 0.07589
0.16748 16.11378 0.07491
0.16799 15.93346 0.07585
0.16849 16.14184 0.07678
0.16900 16.00400 0.07458
0.16951 15.78819 0.07342
0.17001 15.86098 0.07554
0.17052 16.00814 0.07601
0.17103 15.85281 0.07492
0.17153 15.91518 0.07669
0.17204 15.79772 0.07746
0.17255 15.86836 0.07645
0.17305 15.76272 0.07480
0.17356 15.66068 0.07736
0.17407 15.58425 0.07753
0.17457 15.63762 0.07713
0.17508 15.58825 0.07776
0.17559 15.67822 0.07879
0.17610 15.59534 0.07561
0.17660 15.54174 0.07558
0.17711 15.70946 0.07557
0.17762 15.51006 0.07550
0.17812 15.46455 0.07718
0.17863 15.49423 0.07799
0.17914 15.46294 0.07595
0.17964 15.42804 0.07741
0.18015 15.44353 0.07990
0.18066 15.37479 0.07771
0.18116 15.47829 0.07927
0.18167 15.33196 0.07660
0.18218 15.33014 0.07667
0.18268 15.19938 0.07776
0.18319 15.26865 0.07732
0.18370 15.11743 0.07663
0.18420 15.22521 0.08001
0.18471 15.35759 0.07874
0.18522 15.12514 0.07875
0.18572 15.25470 0.07933
0.18623 15.17786 0.08021
0.18674 15.25753 0.08077
0.18724 15.23991 0.07955
0.18775 15.25095 0.08140
0.18826 15.03624 0.07934
0.18876 15.03898 0.07969
0.18927 14.96101 0.07961
0.18978 14.91884 0.08125
0.19028 15.06040 0.08064
0.19079 15.16090 0.08160
0.19130 15.05299 0.07931
0.19180 15.00426 0.07980
0.19231 14.94508 0.08128
0.19282 14.98809 0.07966
0.19332 14.76965 0.07875
0.19383 14.91049 0.08092
0.19434 14.95270 0.08081
0.19484 14.82409 0.08259
0.19535 14.85985 0.08157
0.19586 14.67644 0.07889
0.19636 14.73512 0.08158
0.19687 14.92213 0.08284
0.19738 14.78116 0.08164
0.19788 14.61805 0.08480
0.19839 14.64676 0.08177
0.19890 14.80368 0.08061
0.19940 14.66777 0.08191
0.19991 14.64015 0.08056
0.20042 14.62481 0.08021
0.20092 14.68042 0.08075
0.20143 14.51762 0.08064
0.20194 14.69922 0.08034
0.20244 14.60948 0.08223
0.20295 14.42698 0.08196
0.20346 14.66426 0.08041
0.20396 14.64849 0.08231
0.20447 14.53420 0.08030
0.20498 14.59940 0.08081
0.20548 14.56014 0.08140
0.20599 14.53110 0.07983
0.20650 14.34534 0.08293
0.20700 14.43023 0.07973
0.20751 14.45002 0.07846
0.20802 14.50541 0.07962
0.20852 14.34747 0.08073
0.20903 14.33796 0.08071
0.20954 14.28498 0.07895
0.21004 14.32272 0.08139
0.21055 14.21359 0.07909
0.21106 14.25736 0.08005
0.21156 14.20090 0.08022
0.21207 14.12841 0.08155
0.21258 14.18829 0.08134
0.21308 14.32768 0.08053
0.21359 14.32674 0.07925
0.21410 14.21718 0.07902
0.21460 14.14919 0.08061
0.21511 13.94415 0.08084
0.21562 14.13803 0.08118
0.21612 14.15603 0.08331
0.21663 14.14465 0.08093
0.21714 14.17340 0.08127
0.21764 13.95205 0.07917
0.21815 13.99508 0.08075
0.21866 14.06507 0.08136
0.21916 14.00949 0.08098
0.21967 13.90156 0.07896
0.22018 13.82812 0.07869
0.22068 13.93798 0.07898
0.22119 14.05682 0.08061
0.22170 13.84922 0.07969
0.22220 13.71920 0.07680
0.22271 13.91866 0.07946
0.22322 13.82084 0.07921
0.22372 13.73094 0.07727
0.22423 13.87731 0.07848
0.22474 13.74684 0.07618
0.22524 13.77149 0.07762
0.22575 13.71295 0.07654
0.22626 13.77479 0.07646
0.22676 13.61507 0.07574
0.22727 13.83308 0.07638
0.22778 13.69128 0.07605
0.22828 13.70894 0.07721
0.22879 13.63100 0.07773
0.22930 13.68584 0.07659
0.22980 13.61753 0.07379
0.23031 13.62046 0.07552
0.23082 13.54690 0.07660
0.23132 13.62393 0.07302
0.23183 13.44238 0.07325
0.23234 13.54852 0.07326
0.23284 13.56868 0.07419
0.23335 13.61468 0.07171
0.23386 13.59292 0.07495
0.23436 13.49146 0.07062
0.23487 13.47362 0.07262
0.23538 13.54728 0.07359
0.23588 13.41709 0.07135
0.23639 13.39664 0.07116
0.23690 13.40505 0.07299
0.23740 13.36546 0.07002
0.23791 13.37536 0.07083
0.23842 13.33154 0.07182
0.23892 13.35444 0.07144
0.23943 13.40859 0.06964
0.23994 13.26869 0.07102
0.24044 13.28817 0.07090
0.24095 13.34568 0.07012
0.24145 13.32046 0.06967
0.24196 13.23719 0.07061
0.24247 13.15904 0.06936
0.24297 13.21949 0.06998
0.24348 13.06367 0.06785
0.24399 13.17711 0.06807
0.24449 13.26333 0.06796
0.24500 13.21061 0.06909
0.24551 13.22948 0.06963
0.24601 13.18164 0.06881
0.24652 13.17119 0.06934
0.24703 13.14668 0.06778
0.24753 13.16559 0.06744
0.24804 13.21128 0.06861
0.24855 13.09761 0.06823
0.24905 13.09993 0.06812
0.24956 13.00495 0.06755
0.25007 13.25307 0.06760
0.25057 13.00893 0.06683
0.25108 12.98737 0.06721
0.25159 12.91752 0.06508
0.25209 13.03710 0.06810
0.25260 12.99190 0.06772
0.25311 13.03277 0.06801
0.25361 12.91913 0.06659
0.25412 12.89976 0.06740
0.25463 13.00119 0.06700
0.25513 12.96306 0.06612
0.25564 12.83848 0.06579
0.25615 12.83071 0.06555
0.25665 12.92709 0.06527
0.25716 12.95205 0.06511
0.25767 12.96826 0.06545
0.25817 12.97472 0.06664
0.25868 12.82299 0.06519
0.25919 12.73748 0.06336
0.25969 12.79510 0.06375
0.26020 12.88384 0.06367
0.26071 12.83738 0.06419
0.26121 12.85372 0.06297
0.26172 12.81009 0.06367
0.26223 12.67864 0.06278
0.26273 12.70333 0.06196
0.26324 12.67121 0.06419
0.26375 12.68245 0.06377
0.26425 12.78859 0.06371
0.26476 12.69833 0.06330
0.26527 12.69052 0.06261
0.26577 12.61640 0.06293
0.26628 12.53226 0.06294
0.26679 12.72011 0.06330
0.26729 12.63169 0.06246
0.26780 12.65033 0.06271
0.26831 12.68474 0.06127
0.26881 12.62923 0.06195
0.26932 12.59373 0.06197
0.26983 12.56154 0.06223
0.27033 12.61655 0.06140
0.27084 12.60116 0.06202
0.27134 12.41493 0.06093
0.27185 12.47485 0.06151
0.27236 12.45778 0.06152
0.27286 12.58274 0.06327
0.27337 12.48501 0.05993
0.27388 12.40816 0.06202
0.27438 12.50712 0.06157
0.27489 12.40524 0.06038
0.27540 12.43536 0.06121
0.27590 12.35332 0.06077
0.27641 12.44518 0.06240
0.27692 12.36183 0.05911
0.27742 12.45041 0.06102
0.27793 12.35801 0.06038
0.27844 12.39568 0.06028
0.27894 12.44819 0.06081
0.27945 12.28868 0.06057
0.27996 12.29242 0.06043
0.28046 12.35086 0.05951
0.28097 12.32278 0.05933
0.28148 12.31737 0.05946
0.28198 12.37607 0.06009
0.28249 12.34787 0.06086
0.28300 12.35639 0.05829
0.28350 12.19598 0.05978
0.28401 12.31955 0.05882
0.28452 12.26195 0.05902
0.28502 12.27751 0.05852
0.28553 12.26150 0.05794
0.28604 12.16280 0.05860
0.28654 12.29931 0.05859
0.28705 12.10919 0.05974
0.28756 12.06543 0.05830
0.28806 12.17615 0.05786
0.28857 12.14179 0.05890
0.28908 12.15352 0.05918
0.28958 12.05070 0.05803
0.29009 12.03728 0.05828
0.29059 12.03711 0.05818
0.29110 12.12269 0.05932
0.29161 12.00778 0.05924
0.29211 12.17032 0.06043
0.29262 12.17182 0.05986
0.29313 12.03357 0.05963
0.29363 12.01264 0.05749
0.29414 12.05218 0.05822
0.29465 11.98585 0.05950
0.29515 11.95436 0.05978
0.29566 11.93530 0.05995
0.29617 12.00624 0.06013
0.29667 12.00953 0.05861
0.29718 11.97179 0.06030
0.29769 11.86348 0.06064
0.29819 11.93366 0.06026
0.29870 11.81536 0.05804
0.29921 11.93146 0.05744
0.29971 11.85562 0.05890
0.30022 11.78780 0.05704
0.30073 11.90719 0.05867
0.30123 11.78002 0.05804
0.30174 11.88245 0.05900
0.30225 11.84762 0.06000
0.30275 11.80063 0.05909
0.30326 11.73581 0.05762
0.30377 11.87502 0.05778
0.30427 11.78479 0.05741
0.30478 11.84973 0.05726
0.30529 11.81281 0.05700
0.30579 11.77717 0.05727
0.30630 11.77118 0.05704
0.30680 11.69422 0.05708
0.30731 11.63289 0.05701
0.30782 11.80511 0.05759
0.30832 11.75038 0.05685
0.30883 11.79889 0.05668
0.30934 11.66700 0.05790
0.30984 11.66990 0.05777
0.31035 11.65531 0.05917
0.31086 11.59147 0.05785
0.31136 11.58352 0.05780
0.31187 11.73462 0.06008
0.31238 11.60951 0.05858
0.31288 11.54102 0.06041
0.31339 11.59360 0.06005
0.31390 11.69106 0.06199
0.31440 11.72317 0.06097
0.31491 11.57561 0.05965
0.31542 11.68150 0.06201
0.31592 11.46410 0.06071
0.31643 11.51165 0.06204
0.31694 11.60100 0.06175
0.31744 11.50193 0.06083
0.31795 11.54940 0.06243
0.31845 11.45303 0.06198
0.31896 11.46830 0.06231
0.31947 11.54045 0.06216
0.31997 11.43097 0.06224
0.32048 11.49486 0.06186
0.32099 11.46971 0.06236
0.32149 11.48289 0.06313
0.32200 11.54393 0.06220
0.32251 11.36524 0.06319
0.32301 11.40174 0.06268
0.32352 11.55257 0.05994
0.32403 11.44961 0.06196
0.32453 11.38397 0.06193
0.32504 11.47493 0.06217
0.32555 11.45901 0.06154
0.32605 11.48882 0.06197
0.32656 11.41583 0.06159
0.32707 11.31431 0.06160
0.32757 11.39620 0.06156
0.32808 11.42719 0.06167
0.32859 11.26493 0.06191
0.32909 11.38840 0.06348
0.32960 11.41470 0.06271
0.33010 11.40368 0.06246
0.33061 11.30384 0.06210
0.33112 11.35613 0.06087
0.33162 11.34231 0.06309
0.33213 11.29282 0.06267
0.33264 11.25445 0.06273
0.33314 11.30283 0.06328
0.33365 11.25204 0.06177
0.33416 11.32000 0.06236
0.33466 11.27105 0.06046
0.33517 11.42308 0.06383
0.33568 11.38542 0.06376
0.33618 11.34773 0.06222
0.33669 11.36491 0.06278
0.33720 11.31355 0.06448
0.33770 11.26122 0.06293
0.33821 11.32385 0.06329
0.33872 11.24316 0.06410
0.33922 11.23571 0.06433
0.33973 11.25965 0.06310
0.34023 11.10870 0.06269
0.34074 11.27497 0.06264
0.34125 11.24420 0.06312
0.34175 11.22020 0.06484
0.34226 11.14395 0.06224
0.34277 11.10938 0.06306
0.34327 11.27183 0.06388
0.34378 11.26610 0.06318
0.34429 11.21856 0.06418
0.34479 11.16764 0.06323
0.34530 11.22857 0.06414
0.34581 11.09115 0.06490
0.34631 11.23479 0.06497
0.34682 11.05763 0.06460
0.34733 11.13318 0.06344
0.34783 11.21461 0.06439
0.34834 11.15623 0.06449
0.34884 11.17333 0.06466
0.34935 11.08977 0.06393
0.34986 11.05065 0.06475
0.35036 11.06976 0.06426
0.35087 11.11986 0.06380
0.35138 11.11120 0.06647
0.35188 11.07251 0.06440
0.35239 11.00377 0.06463
0.35290 11.11854 0.06367
0.35340 11.15032 0.06446
0.35391 11.05448 0.06154
0.35442 11.04588 0.06138
0.35492 11.02782 0.06207
0.35543 10.96610 0.06001
0.35594 11.01240 0.06046
0.35644 10.83939 0.06043
0.35695 11.02183 0.06112
0.35745 10.94440 0.06159
0.35796 11.02433 0.06023
0.35847 11.03538 0.06107
0.35897 10.84467 0.06050
0.35948 10.86078 0.06067
0.35999 10.90750 0.06109
0.36049 10.90546 0.06178
0.36100 10.88628 0.06242
0.36151 10.94925 0.06247
0.36201 10.93533 0.05981
0.36252 10.84998 0.06100
0.36303 10.93961 0.06075
0.36353 11.00984 0.06272
0.36404 11.04827 0.06270
0.36455 10.89283 0.06118
0.36505 10.90624 0.06251
0.36556 11.00115 0.06365
0.36606 10.87139 0.06380
0.36657 10.84553 0.06391
0.36708 10.78644 0.06172
0.36758 10.75500 0.06257
0.36809 10.78256 0.06434
0.36860 10.78362 0.06636
0.36910 10.82176 0.06554
0.36961 10.62590 0.06631
0.37012 10.72153 0.06655
0.37062 10.68466 0.06656
0.37113 10.68885 0.06494
0.37164 10.74045 0.06474
0.37214 10.75077 0.06517
0.37265 10.79691 0.06471
0.37315 10.91088 0.06455
0.37366 10.72604 0.06597
0.37417 10.83433 0.06717
0.37467 10.83310 0.06679
0.37518 10.62392 0.06592
0.37569 10.76060 0.06800
0.37619 10.86251 0.06827
0.37670 10.78890 0.06833
0.37721 10.67782 0.06777
0.37771 10.64567 0.06645
0.37822 10.71268 0.06885
0.37873 10.65357 0.06807
0.37923 10.69095 0.07132
0.37974 10.75911 0.06997
0.38024 10.82880 0.07028
0.38075 10.66111 0.07013
0.38126 10.69725 0.07264
0.38176 10.67569 0.06923
0.38227 10.57441 0.06964
0.38278 10.56583 0.07291
0.38328 10.66198 0.07033
0.38379 10.70583 0.07275
0.38430 10.52034 0.07138
0.38480 10.61721 0.07327
0.38531 10.72734 0.07256
0.38582 10.58786 0.07238
0.38632 10.67189 0.07432
0.38683 10.60164 0.07306
0.38733 10.70325 0.07324
0.38784 10.70119 0.07566
0.38835 10.58260 0.07275
0.38885 10.54031 0.07442
0.38936 10.67032 0.07645
0.38987 10.65704 0.07521
0.39037 10.71282 0.07419
0.39088 10.54358 0.07467
0.39139 10.50420 0.07592
0.39189 10.66896 0.07704
0.39240 10.41968 0.07553
0.39290 10.46537 0.07760
0.39341 10.53188 0.07739
0.39392 10.53312 0.08411
0.39442 10.66335 0.07801
0.39493 10.60754 0.07753
0.39544 10.53918 0.07818
0.39594 10.59857 0.07889
0.39645 10.46485 0.07895
0.39696 10.38383 0.08030
0.39746 10.47930 0.08019
0.39797 10.45228 0.07901
0.39847 10.47274 0.08077
0.39898 10.37947 0.07919
0.39949 10.32502 0.08254
0.39999 10.24468 0.08072
0.40050 10.43885 0.08448
0.40101 10.37411 0.08432
0.40151 10.45357 0.08282
0.40202 10.33270 0.08242
0.40253 10.44369 0.08573
0.40303 10.31141 0.08169
0.40354 10.19314 0.08355
0.40405 10.29229 0.08320
0.40455 10.46637 0.08763
0.40506 10.36007 0.08360
0.40556 10.47215 0.08797
0.40607 10.41517 0.08633
0.40658 10.38766 0.08617
0.40708 10.31379 0.08706
0.40759 10.22914 0.08541
0.40810 10.23867 0.08751
0.40860 10.37857 0.08517
0.40911 10.34775 0.08705
0.40962 10.43227 0.08500
0.41012 10.37110 0.08907
0.41063 10.28327 0.08797
0.41113 10.26859 0.08660
0.41164 10.32091 0.08930
0.41215 10.24852 0.08657
0.41265 10.27385 0.08819
0.41316 10.20292 0.08531
0.41367 10.22982 0.08860
0.41417 10.31173 0.08928
0.41468 10.24857 0.08804
0.41518 10.29433 0.08849
0.41569 10.22424 0.08993
0.41620 10.23097 0.08906
0.41670 10.44194 0.09027
0.41721 10.08808 0.08646
0.41772 10.32920 0.08916
0.41822 10.18178 0.09141
0.41873 10.32784 0.08768
0.41924 10.14286 0.09063
0.41974 10.24770 0.09147
0.42025 10.16923 0.09118
0.42075 10.21083 0.09201
0.42126 10.26493 0.09293
0.42177 10.18536 0.09564
0.42227 10.16578 0.09157
0.42278 10.02257 0.09548
0.42329 10.27366 0.09605
0.42379 10.05002 0.09894
0.42430 10.23308 0.09819
0.42481 9.92574 0.09994
0.42531 9.92149 0.09249
0.42582 10.22322 0.09912
0.42632 10.20880 0.10187
0.42683 10.00557 0.10057
0.42734 10.17631 0.09848
0.42784 10.37943 0.09555
0.42835 10.32742 0.10455
0.42886 10.19218 0.10074
0.42936 10.17514 0.10146
0.42987 10.14436 0.10927
0.43037 10.17651 0.10558
0.43088 10.06472 0.10503
0.43139 10.02863 0.10633
0.43189 10.04987 0.11181
0.43240 10.04032 0.10867
0.43291 10.17531 0.10461
0.43341 10.03597 0.10599
0.43392 10.05530 0.10686
0.43443 10.18560 0.11451
0.43493 10.04999 0.11338
0.43544 10.11779 0.11492
0.43594 9.90620 0.12068
0.43645 10.13672 0.11591
0.43696 10.17959 0.11095
0.43746 10.08586 0.11484
0.43797 10.14266 0.12068
0.43848 9.88397 0.11137
0.43898 10.07828 0.11744
0.43949 9.87819 0.12161
0.43999 10.28633 0.12277
