0.01140 1591.15921 66.69849
0.01191 1112.16867 50.90539
0.01242 731.16785 53.98343
0.01292 437.35274 39.19139
0.01343 295.31572 26.52526
0.01394 220.49710 19.26160
0.01444 187.07959 15.72924
0.01495 152.55942 13.12478
0.01546 119.21440 8.56413
0.01596 110.89347 7.92458
0.01647 98.75101 6.32749
0.01698 86.04538 4.75716
0.01748 76.65473 4.16259
0.01799 71.21166 3.30861
0.01850 65.39689 2.71286
0.01900 59.72252 2.30532
0.01951 56.81778 1.93943
0.02002 53.45969 1.65817
0.02052 51.52082 1.38414
0.02103 50.41423 1.22922
0.02154 48.43836 0.99446
0.02204 45.63047 0.85810
0.02255 44.49073 0.69445
0.02306 43.49268 0.58548
0.02356 42.50894 0.57957
0.02407 41.27225 0.53098
0.02458 40.00092 0.49365
0.02509 39.82096 0.44793
0.02559 39.01199 0.39793
0.02610 38.11326 0.37023
0.02661 37.67439 0.32598
0.02711 37.21392 0.30491
0.02762 36.36726 0.31055
0.02813 35.93050 0.29312
0.02863 34.92119 0.28826
0.02914 35.18235 0.28891
0.02965 34.39848 0.27190
0.03015 33.64134 0.26553
0.03066 33.99474 0.26982
0.03117 33.67548 0.24680
0.03167 33.06807 0.27136
0.03218 33.19892 0.25335
0.03269 32.28870 0.25173
0.03319 32.39981 0.24206
0.03370 32.11189 0.24648
0.03421 31.89656 0.23134
0.03471 31.51418 0.23569
0.03522 31.79791 0.23822
0.03573 31.13486 0.22873
0.03623 31.17056 0.23060
0.03674 31.11813 0.23224
0.03725 31.15409 0.25075
0.03775 30.79764 0.23720
0.03826 30.99353 0.22242
0.03877 30.98739 0.22796
0.03927 30.70761 0.22625
0.03978 30.74800 0.21509
0.04029 30.21751 0.21800
0.04080 30.17551 0.21458
0.04130 30.13352 0.20160
0.04181 30.20321 0.21221
0.04232 29.71906 0.19678
0.04282 29.64380 0.20832
0.04333 29.09159 0.20517
0.04384 29.52533 0.19919
0.04434 29.53677 0.20862
0.04485 29.19541 0.19935
0.04536 29.20533 0.20344
0.04586 28.89019 0.20776
0.04637 28.87756 0.19606
0.04688 28.79307 0.19989
0.04738 28.92498 0.20108
0.04789 28.66877 0.19395
0.04840 28.48277 0.17338
0.04890 28.79193 0.18955
0.04941 28.93499 0.19502
0.04992 28.64622 0.17756
0.05042 28.58939 0.18357
0.05093 28.27975 0.17809
0.05144 28.18448 0.18703
0.05194 28.50812 0.17742
0.05245 28.18144 0.17396
0.05296 28.30900 0.17421
0.05346 28.02569 0.17415
0.05397 28.01207 0.16694
0.05448 27.73266 0.16679
0.05498 27.82684 0.17565
0.05549 27.79266 0.17288
0.05600 27.54329 0.16891
0.05650 27.80812 0.17332
0.05701 27.72913 0.16702
0.05752 27.24695 0.16737
0.05803 27.61818 0.16720
0.05853 27.41118 0.16813
0.05904 27.49065 0.15776
0.05955 27.37333 0.15894
0.06005 27.58011 0.16573
0.06056 27.01855 0.16305
0.06107 27.11447 0.16688
0.06157 27.22312 0.15994
0.06208 27.34417 0.16229
0.06259 26.84326 0.16163
0.06309 26.74708 0.16178
0.06360 27.19051 0.15825
0.06411 26.67729 0.15591
0.06461 26.75455 0.15685
0.06512 26.90196 0.15658
0.06563 26.81386 0.15856
0.06613 26.67803 0.15453
0.06664 26.44859 0.15651
0.06715 26.50770 0.14984
0.06765 26.49946 0.14986
0.06816 26.65813 0.15207
0.06867 26.47905 0.14743
0.06917 26.14830 0.15332
0.06968 26.54921 0.14819
0.07019 26.24093 0.14847
0.07069 26.23280 0.14507
0.07120 26.15897 0.14200
0.07171 26.13257 0.14558
0.07221 26.37724 0.14206
0.07272 26.33208 0.14474
0.07323 26.01265 0.14557
0.07373 25.73117 0.14517
0.07424 25.60992 0.14484
0.07475 26.04890 0.14310
0.07526 26.07797 0.14150
0.07576 25.82716 0.13558
0.07627 25.53086 0.13704
0.07678 25.71413 0.14134
0.07728 25.53094 0.13914
0.07779 25.54496 0.14257
0.07830 25.65829 0.13579
0.07880 25.56911 0.13571
0.07931 25.75571 0.13066
0.07982 25.19244 0.13154
0.08032 25.48765 0.13876
0.08083 25.32069 0.13445
0.08134 25.27524 0.13905
0.08184 25.37844 0.14083
0.08235 25.34914 0.13767
0.08286 25.11583 0.13251
0.08336 25.37793 0.13603
0.08387 25.35403 0.13447
0.08438 25.00995 0.13733
0.08488 25.20625 0.13996
0.08539 24.79716 0.13813
0.08590 24.92276 0.13680
0.08640 25.07687 0.13791
0.08691 24.87066 0.13939
0.08742 24.65490 0.13626
0.08792 24.79718 0.14129
0.08843 24.91511 0.13845
0.08894 24.64377 0.13922
0.08944 24.96141 0.13702
0.08995 24.89105 0.13796
0.09046 24.66814 0.13613
0.09096 24.67298 0.14055
0.09147 24.53176 0.13866
0.09198 24.88479 0.13885
0.09248 24.36895 0.14303
0.09299 24.64205 0.14218
0.09350 24.29418 0.14350
0.09401 24.34683 0.14595
0.09451 24.36614 0.13491
0.09502 24.53693 0.13932
0.09553 24.32567 0.13663
0.09603 24.26318 0.13842
0.09654 24.44361 0.13856
0.09705 24.18597 0.13396
0.09755 24.39604 0.13780
0.09806 24.32606 0.13839
0.09857 24.28103 0.13726
0.09907 24.03331 0.13332
0.09958 24.30301 0.13480
0.10009 24.07354 0.13182
0.10059 24.25725 0.13247
0.10110 24.01025 0.13224
0.10161 23.73175 0.13156
0.10211 23.64944 0.12763
0.10262 23.72546 0.12779
0.10313 23.80580 0.12960
0.10363 23.80411 0.13183
0.10414 23.76569 0.13592
0.10465 23.80623 0.13081
0.10515 23.84614 0.13191
0.10566 23.69906 0.13228
0.10617 23.68679 0.12973
0.10667 23.71276 0.13206
0.10718 23.59315 0.12788
0.10769 23.76437 0.12207
0.10819 23.41518 0.12401
0.10870 23.64381 0.12757
0.10921 23.57115 0.12168
0.10971 23.49634 0.12697
0.11022 23.37337 0.12583
0.11073 23.37538 0.12075
0.11123 23.39618 0.11998
0.11174 23.30206 0.12314
0.11225 23.07810 0.11714
0.11275 23.34073 0.11477
0.11326 23.39723 0.11797
0.11377 23.15901 0.11501
0.11428 23.29907 0.12229
0.11478 23.32197 0.11576
0.11529 23.13996 0.11702
0.11580 23.18019 0.11781
0.11630 22.93430 0.11560
0.11681 22.76132 0.11544
0.11732 23.12659 0.11422
0.11782 22.97165 0.11687
0.11833 22.91828 0.11178
0.11884 23.02663 0.11022
0.11934 22.96132 0.11401
0.11985 23.04547 0.11444
0.12036 22.99466 0.11394
0.12086 22.74787 0.11150
0.12137 22.91637 0.10885
0.12188 22.90975 0.11096
0.12238 22.94460 0.11012
0.12289 22.86058 0.10880
0.12340 22.81548 0.10414
0.12390 22.66251 0.10942
0.12441 22.68905 0.10563
0.12492 22.49464 0.10976
0.12542 22.91074 0.11117
0.12593 22.71144 0.11070
0.12644 22.58247 0.10783
0.12694 22.86718 0.10734
0.12745 22.39755 0.10595
0.12796 22.71708 0.11012
0.12846 22.61598 0.10676
0.12897 22.63748 0.10355
0.12948 22.53513 0.10677
0.12998 22.56033 0.10421
0.13049 22.57554 0.10256
0.13100 22.61026 0.10157
0.13150 22.70589 0.10398
0.13201 22.49742 0.10098
0.13252 22.20780 0.10398
0.13302 22.45089 0.10382
0.13353 22.50280 0.10373
0.13404 22.67696 0.10216
0.13454 22.46302 0.09951
0.13505 22.37059 0.10016
0.13556 22.60772 0.10252
0.13606 22.38923 0.09886
0.13657 22.49082 0.09952
0.13708 22.46087 0.10248
0.13758 22.33425 0.09905
0.13809 22.21168 0.10090
0.13860 22.29204 0.09745
0.13911 22.14940 0.09805
0.13961 22.16185 0.09926
0.14012 22.26830 0.09923
0.14063 22.14160 0.09972
0.14113 22.02943 0.09981
0.14164 22.03862 0.09747
0.14215 21.99003 0.10051
0.14265 21.97837 0.09474
0.14316 22.06634 0.09679
0.14367 21.73702 0.09532
0.14417 21.80913 0.09724
0.14468 21.78470 0.09848
0.14519 21.65505 0.09505
0.14569 21.70476 0.09771
0.14620 21.67146 0.09661
0.14671 21.47846 0.09488
0.14721 21.62741 0.09541
0.14772 21.45731 0.09488
0.14823 21.48294 0.09360
0.14873 21.57842 0.09386
0.14924 21.42368 0.09482
0.14975 21.21531 0.09295
0.15025 21.22506 0.09271
0.15076 21.19779 0.09163
0.15127 21.10646 0.09168
0.15177 21.24438 0.09462
0.15228 21.08836 0.09070
0.15279 20.99478 0.09212
0.15329 21.05935 0.09186
0.15380 21.05922 0.08897
0.15431 20.97323 0.09250
0.15481 20.92299 0.09202
0.15532 20.86757 0.09162
0.15583 20.89306 0.08877
0.15633 20.78101 0.09232
0.15684 20.77374 0.08895
0.15735 20.75057 0.08783
0.15785 20.71583 0.08865
0.15836 20.77639 0.08926
0.15887 20.73044 0.08942
0.15937 20.60698 0.08828
0.15988 20.51712 0.08873
0.16039 20.56307 0.08933
0.16089 20.55236 0.08904
0.16140 20.65318 0.08738
0.16191 20.35454 0.08710
0.16241 20.59219 0.08879
0.16292 20.35768 0.08502
0.16343 20.35505 0.08759
0.16393 20.22838 0.08592
0.16444 20.45072 0.08589
0.16495 20.11959 0.08538
0.16545 20.21795 0.08685
0.16596 20.19914 0.08609
0.16647 20.12567 0.08645
0.16697 20.03841 0.08443
0.16748 20.09641 0.08595
0.16799 20.13056 0.08574
0.16849 20.06814 0.08402
0.16900 20.11850 0.08556
0.16951 19.96005 0.08377
0.17001 20.09930 0.08638
0.17052 19.98541 0.08374
0.17103 19.95762 0.08480
0.17153 19.85788 0.08712
0.17204 19.98016 0.08491
0.17255 19.86580 0.08854
0.17305 19.82416 0.08664
0.17356 19.67778 0.08676
0.17407 19.69411 0.08732
0.17457 19.78516 0.08701
0.17508 19.88689 0.08810
0.17559 19.55583 0.08542
0.17610 19.54873 0.08659
0.17660 19.57504 0.08642
0.17711 19.76765 0.08710
0.17762 19.67860 0.08615
0.17812 19.60379 0.08581
0.17863 19.46321 0.08599
0.17914 19.51632 0.08691
0.17964 19.46814 0.08798
0.18015 19.62173 0.08791
0.18066 19.44670 0.08849
0.18116 19.44190 0.08570
0.18167 19.36967 0.08767
0.18218 19.43359 0.08648
0.18268 19.24071 0.08700
0.18319 19.24995 0.08841
0.18370 19.34274 0.08780
0.18420 19.19757 0.08824
0.18471 19.40867 0.09104
0.18522 19.18092 0.08521
0.18572 19.35390 0.09064
0.18623 19.21080 0.08914
0.18674 19.29415 0.08936
0.18724 19.17651 0.08933
0.18775 19.06336 0.09019
0.18826 19.09106 0.09015
0.18876 18.99944 0.08925
0.18927 19.12885 0.08676
0.18978 19.00425 0.09471
0.19028 19.00404 0.09205
0.19079 19.00580 0.09036
0.19130 19.08154 0.09201
0.19180 18.93509 0.09142
0.19231 19.04777 0.09046
0.19282 18.89355 0.09352
0.19332 18.91024 0.08984
0.19383 18.82977 0.09110
0.19434 19.00239 0.09012
0.19484 18.66151 0.08937
0.19535 18.91541 0.09374
0.19586 18.87733 0.09134
0.19636 18.60126 0.09112
0.19687 18.73498 0.09157
0.19738 18.99440 0.09359
0.19788 18.70583 0.09275
0.19839 18.68283 0.08871
0.19890 18.76052 0.09269
0.19940 18.65118 0.09284
0.19991 18.83862 0.09384
0.20042 18.61103 0.09364
0.20092 18.48940 0.08999
0.20143 18.54542 0.09278
0.20194 18.49391 0.09222
0.20244 18.67467 0.09584
0.20295 18.57673 0.09398
0.20346 18.55503 0.08986
0.20396 18.63416 0.09258
0.20447 18.67977 0.09345
0.20498 18.36699 0.09357
0.20548 18.49451 0.09407
0.20599 18.50208 0.09030
0.20650 18.47220 0.09163
0.20700 18.51502 0.09263
0.20751 18.29248 0.09152
0.20802 18.58210 0.09109
0.20852 18.43047 0.09134
0.20903 18.39650 0.09075
0.20954 18.44225 0.09177
0.21004 18.24817 0.08945
0.21055 18.27355 0.09086
0.21106 18.21590 0.08941
0.21156 18.34097 0.09255
0.21207 18.20609 0.09092
0.21258 18.32193 0.09106
0.21308 18.29180 0.09050
0.21359 18.29663 0.09040
0.21410 18.21309 0.09231
0.21460 18.07079 0.09019
0.21511 18.17922 0.09159
0.21562 18.07511 0.09158
0.21612 18.34433 0.09021
0.21663 18.15699 0.08984
0.21714 18.03068 0.08940
0.21764 18.08836 0.09245
0.21815 17.94220 0.08966
0.21866 18.00839 0.09481
0.21916 17.93877 0.08776
0.21967 17.78664 0.08642
0.22018 17.91843 0.08900
0.22068 17.93962 0.09202
0.22119 17.95816 0.08962
0.22170 17.81565 0.08716
0.22220 17.88498 0.09040
0.22271 17.59419 0.08991
0.22322 17.87559 0.08891
0.22372 17.69902 0.08907
0.22423 17.87146 0.08929
0.22474 17.65184 0.08801
0.22524 17.66805 0.08717
0.22575 17.62539 0.08926
0.22626 17.69926 0.08641
0.22676 17.69240 0.08785
0.22727 17.58796 0.08685
0.22778 17.68829 0.08634
0.22828 17.52233 0.08484
0.22879 17.49587 0.08466
0.22930 17.54124 0.08588
0.22980 17.60408 0.08411
0.23031 17.51543 0.08515
0.23082 17.57930 0.08290
0.23132 17.45635 0.08509
0.23183 17.29168 0.08296
0.23234 17.52113 0.08461
0.23284 17.47764 0.08183
0.23335 17.47162 0.08412
0.23386 17.51463 0.08359
0.23436 17.35885 0.08372
0.23487 17.41625 0.08042
0.23538 17.45126 0.08173
0.23588 17.30644 0.08349
0.23639 17.44675 0.08144
0.23690 17.24959 0.08316
0.23740 17.20596 0.08056
0.23791 17.25894 0.08051
0.23842 17.24572 0.07925
0.23892 17.27584 0.07999
0.23943 17.21522 0.07995
0.23994 17.23869 0.08112
0.24044 17.12776 0.08102
0.24095 17.17468 0.08134
0.24145 17.19181 0.07950
0.24196 17.16010 0.07946
0.24247 17.12128 0.07908
0.24297 17.25037 0.08059
0.24348 17.19150 0.07917
0.24399 16.87109 0.07957
0.24449 17.08498 0.07969
0.24500 17.17471 0.07600
0.24551 17.06183 0.08032
0.24601 17.00109 0.07827
0.24652 16.88959 0.07787
0.24703 16.99984 0.07549
0.24753 17.03323 0.07845
0.24804 17.05844 0.07913
0.24855 16.93652 0.07789
0.24905 16.88991 0.07721
0.24956 16.90873 0.07727
0.25007 16.77573 0.07799
0.25057 16.81736 0.07835
0.25108 16.71900 0.07747
0.25159 16.77013 0.07795
0.25209 16.69696 0.07560
0.25260 16.87884 0.07690
0.25311 16.72794 0.07661
0.25361 16.81676 0.07597
0.25412 16.74766 0.07716
0.25463 16.65372 0.07567
0.25513 16.74150 0.07494
0.25564 16.71595 0.07478
0.25615 16.71840 0.07438
0.25665 16.75890 0.07433
0.25716 16.53417 0.07438
0.25767 16.64952 0.07390
0.25817 16.60875 0.07245
0.25868 16.73151 0.07323
0.25919 16.65536 0.07189
0.25969 16.58662 0.07120
0.26020 16.54483 0.07263
0.26071 16.49656 0.07238
0.26121 16.72168 0.07266
0.26172 16.64819 0.07229
0.26223 16.61594 0.07334
0.26273 16.62374 0.07248
0.26324 16.65911 0.07517
0.26375 16.49105 0.07067
0.26425 16.43767 0.07237
0.26476 16.45921 0.07181
0.26527 16.40411 0.07177
0.26577 16.67193 0.07163
0.26628 16.46307 0.07135
0.26679 16.50129 0.07093
0.26729 16.35608 0.07069
0.26780 16.39046 0.07328
0.26831 16.33378 0.07024
0.26881 16.24572 0.07065
0.26932 16.29085 0.07120
0.26983 16.25441 0.07148
0.27033 16.28379 0.07084
0.27084 16.25295 0.07043
0.27134 16.36127 0.07179
0.27185 16.30919 0.07214
0.27236 16.13011 0.07041
0.27286 16.14521 0.07050
0.27337 16.16378 0.07038
0.27388 16.20950 0.07009
0.27438 16.37484 0.06990
0.27489 16.20975 0.07092
0.27540 16.07129 0.06913
0.27590 16.06975 0.06893
0.27641 16.13310 0.06947
0.27692 16.15937 0.06916
0.27742 16.11625 0.06957
0.27793 16.03431 0.06824
0.27844 16.06147 0.06733
0.27894 16.03866 0.06873
0.27945 16.11775 0.07068
0.27996 16.01991 0.06613
0.28046 15.90874 0.06740
0.28097 16.05900 0.06794
0.28148 16.10095 0.06879
0.28198 15.95818 0.06900
0.28249 15.81089 0.06768
0.28300 15.97122 0.06813
0.28350 15.93966 0.06619
0.28401 15.84977 0.06690
0.28452 15.88812 0.06654
0.28502 16.02189 0.06765
0.28553 16.03520 0.06755
0.28604 15.85444 0.06648
0.28654 15.77001 0.06818
0.28705 15.84765 0.06704
0.28756 15.90655 0.06612
0.28806 15.76614 0.06707
0.28857 15.75513 0.06688
0.28908 15.83115 0.06772
0.28958 15.74838 0.06708
0.29009 15.70572 0.06727
0.29059 15.74694 0.06846
0.29110 15.78495 0.06783
0.29161 15.78886 0.06822
0.29211 15.72403 0.06714
0.29262 15.70536 0.06718
0.29313 15.51437 0.06863
0.29363 15.77367 0.06858
0.29414 15.65777 0.06824
0.29465 15.62334 0.06662
0.29515 15.61046 0.06745
0.29566 15.59762 0.06714
0.29617 15.53218 0.06621
0.29667 15.53899 0.06869
0.29718 15.59078 0.06672
0.29769 15.62098 0.06834
0.29819 15.56189 0.06721
0.29870 15.55137 0.06725
0.29921 15.42739 0.06657
0.29971 15.36594 0.06723
0.30022 15.51758 0.06590
0.30073 15.36042 0.06746
0.30123 15.45245 0.06590
0.30174 15.42893 0.06780
0.30225 15.32791 0.06797
0.30275 15.41900 0.06766
0.30326 15.40138 0.06685
0.30377 15.35222 0.06701
0.30427 15.32425 0.06531
0.30478 15.26437 0.06528
0.30529 15.31845 0.06517
0.30579 15.30895 0.06714
0.30630 15.43596 0.06611
0.30680 15.24067 0.06582
0.30731 15.14735 0.06527
0.30782 15.17629 0.06451
0.30832 15.23900 0.06479
0.30883 15.16951 0.06408
0.30934 15.18347 0.06587
0.30984 15.20532 0.06621
0.31035 15.27124 0.06747
0.31086 15.13482 0.06753
0.31136 15.18692 0.06931
0.31187 15.12457 0.06807
0.31238 15.12598 0.06764
0.31288 15.21966 0.06853
0.31339 15.13860 0.06842
0.31390 15.21853 0.06762
0.31440 15.16986 0.06908
0.31491 15.07701 0.06839
0.31542 15.06117 0.07043
0.31592 15.04744 0.06893
0.31643 14.95767 0.07091
0.31694 14.94380 0.06852
0.31744 14.98565 0.07050
0.31795 14.96776 0.06974
0.31845 15.03416 0.07029
0.31896 14.95136 0.06973
0.31947 14.95713 0.07077
0.31997 15.03576 0.07132
0.32048 15.04014 0.07170
0.32099 14.93657 0.07088
0.32149 14.95795 0.07162
0.32200 14.91814 0.07049
0.32251 14.87303 0.07195
0.32301 14.88595 0.07271
0.32352 14.88152 0.07106
0.32403 14.94962 0.07174
0.32453 14.90346 0.07279
0.32504 14.93330 0.07107
0.32555 14.90971 0.06984
0.32605 14.91238 0.06940
0.32656 14.85022 0.07011
0.32707 14.96987 0.07145
0.32757 14.86712 0.07024
0.32808 14.86255 0.07168
0.32859 14.83021 0.07075
0.32909 14.78410 0.07287
0.32960 14.88426 0.07010
0.33010 14.82486 0.07066
0.33061 14.74066 0.07143
0.33112 14.88605 0.07197
0.33162 14.76921 0.07207
0.33213 14.80523 0.07161
0.33264 14.67830 0.07173
0.33314 14.75624 0.07272
0.33365 14.71306 0.07232
0.33416 14.71565 0.06970
0.33466 14.73193 0.07069
0.33517 14.73830 0.07311
0.33568 14.71806 0.07151
0.33618 14.87861 0.07206
0.33669 14.70462 0.07028
0.33720 14.65600 0.07102
0.33770 14.54709 0.07118
0.33821 14.68704 0.07276
0.33872 14.78999 0.07211
0.33922 14.71920 0.07306
0.33973 14.60299 0.07110
0.34023 14.57978 0.07255
0.34074 14.64042 0.07097
0.34125 14.70833 0.07295
0.34175 14.68113 0.07257
0.34226 14.72493 0.07445
0.34277 14.62174 0.07260
0.34327 14.63237 0.07308
0.34378 14.52386 0.07076
0.34429 14.66565 0.07201
0.34479 14.43522 0.07298
0.34530 14.52899 0.07276
0.34581 14.58907 0.07450
0.34631 14.54414 0.07191
0.34682 14.54724 0.07248
0.34733 14.46575 0.07351
0.34783 14.49991 0.07283
0.34834 14.63625 0.07415
0.34884 14.55985 0.07446
0.34935 14.61101 0.07328
0.34986 14.45161 0.07442
0.35036 14.34585 0.07237
0.35087 14.44358 0.07627
0.35138 14.38337 0.07319
0.35188 14.45219 0.07343
0.35239 14.50470 0.07408
0.35290 14.41985 0.07310
0.35340 14.42707 0.07194
0.35391 14.32163 0.07079
0.35442 14.50290 0.07038
0.35492 14.34569 0.07226
0.35543 14.31518 0.07043
0.35594 14.24570 0.06982
0.35644 14.20692 0.06844
0.35695 14.26127 0.06901
0.35745 14.31247 0.07026
0.35796 14.33555 0.07030
0.35847 14.37659 0.06965
0.35897 14.22013 0.07070
0.35948 14.25481 0.07056
0.35999 14.26998 0.07090
0.36049 14.20935 0.07178
0.36100 14.13887 0.06937
0.36151 14.17192 0.06940
0.36201 14.29434 0.06930
0.36252 14.27580 0.07106
0.36303 14.23522 0.06923
0.36353 14.09247 0.07175
0.36404 14.22034 0.07050
0.36455 14.15636 0.07198
0.36505 14.09030 0.07217
0.36556 14.29467 0.07348
0.36606 14.20792 0.07190
0.36657 14.07823 0.07210
0.36708 14.14885 0.07301
0.36758 14.11750 0.07455
0.36809 14.00216 0.07558
0.36860 13.94822 0.07640
0.36910 14.11983 0.07826
0.36961 14.10438 0.07630
0.37012 13.99498 0.07733
0.37062 13.86252 0.07590
0.37113 13.98742 0.07531
0.37164 14.06171 0.07538
0.37214 13.92517 0.07524
0.37265 13.94718 0.07391
0.37315 14.07853 0.07668
0.37366 14.10738 0.07355
0.37417 14.05691 0.07988
0.37467 14.07632 0.07741
0.37518 14.00677 0.07583
0.37569 13.99915 0.07650
0.37619 13.97951 0.07553
0.37670 14.08489 0.07748
0.37721 13.86934 0.07801
0.37771 14.00227 0.07946
0.37822 14.07820 0.07837
0.37873 13.94508 0.07811
0.37923 13.88665 0.08023
0.37974 13.87634 0.07715
0.38024 13.90387 0.08043
0.38075 13.83911 0.08107
0.38126 13.96558 0.08126
0.38176 13.76346 0.07956
0.38227 13.90317 0.07828
0.38278 13.81118 0.08052
0.38328 13.83168 0.08121
0.38379 13.96351 0.08196
0.38430 13.81358 0.08112
0.38480 13.94012 0.08368
0.38531 13.86392 0.08371
0.38582 13.82994 0.08233
0.38632 13.79445 0.08539
0.38683 13.79938 0.08315
0.38733 13.82731 0.08366
0.38784 13.82580 0.08489
0.38835 13.74367 0.08509
0.38885 13.73917 0.08359
0.38936 13.85745 0.08610
0.38987 13.86479 0.08788
0.39037 13.68796 0.08897
0.39088 13.81035 0.08783
0.39139 13.60518 0.08753
0.39189 13.68081 0.08638
0.39240 13.71438 0.08820
0.39290 13.77123 0.08555
0.39341 13.63990 0.09021
0.39392 13.78492 0.09034
0.39442 13.61205 0.08958
0.39493 13.75949 0.09065
0.39544 13.52263 0.08953
0.39594 13.71823 0.09167
0.39645 13.54002 0.09299
0.39696 13.65462 0.09043
0.39746 13.64590 0.09228
0.39797 13.64357 0.09432
0.39847 13.75588 0.09102
0.39898 13.57684 0.09518
0.39949 13.60835 0.09303
0.39999 13.58008 0.09320
0.40050 13.62403 0.09626
0.40101 13.58415 0.09141
0.40151 13.66844 0.09634
0.40202 13.58387 0.10158
0.40253 13.43380 0.09604
0.40303 13.33809 0.09439
0.40354 13.60926 0.09868
0.40405 13.61750 0.09869
0.40455 13.63085 0.09935
0.40506 13.53519 0.09648
0.40556 13.45057 0.09759
0.40607 13.61240 0.09866
0.40658 13.62850 0.10090
0.40708 13.64359 0.10212
0.40759 13.51137 0.09847
0.40810 13.55396 0.09796
0.40860 13.42656 0.10342
0.40911 13.35389 0.09965
0.40962 13.34568 0.09835
0.41012 13.44209 0.09899
0.41063 13.46816 0.09912
0.41113 13.42694 0.10246
0.41164 13.24906 0.10055
0.41215 13.35459 0.10034
0.41265 13.06587 0.09676
0.41316 13.38577 0.10174
0.41367 13.32179 0.09840
0.41417 13.49264 0.10442
0.41468 13.37710 0.10189
0.41518 13.23523 0.10330
0.41569 13.30404 0.10584
0.41620 13.25208 0.10363
0.41670 13.23229 0.10350
0.41721 13.47482 0.10478
0.41772 13.21472 0.10268
0.41822 13.32632 0.10245
0.41873 13.43703 0.10509
0.41924 13.17583 0.10541
0.41974 13.13191 0.10023
0.42025 13.38698 0.10021
0.42075 13.24455 0.10676
0.42126 13.02929 0.10855
0.42177 13.35474 0.10821
0.42227 13.05593 0.10767
0.42278 13.14441 0.10580
0.42329 13.26871 0.10966
0.42379 13.10689 0.11019
0.42430 13.22054 0.11190
0.42481 13.07658 0.11288
0.42531 13.30375 0.11406
0.42582 13.01454 0.11211
0.42632 13.23402 0.11164
0.42683 13.31585 0.11679
0.42734 13.22871 0.11542
0.42784 13.17052 0.11750
0.42835 13.15020 0.11637
0.42886 13.33294 0.11674
0.42936 13.12558 0.11500
0.42987 13.10595 0.11501
0.43037 13.01826 0.12510
0.43088 12.97283 0.11377
0.43139 13.04254 0.11836
0.43189 13.01867 0.11945
0.43240 13.19578 0.13026
0.43291 13.04485 0.11802
0.43341 13.19466 0.13192
0.43392 12.98447 0.12665
0.43443 13.10348 0.13101
0.43493 13.07219 0.12752
0.43544 12.75503 0.12541
0.43594 12.84510 0.13082
0.43645 13.27424 0.12820
0.43696 13.06614 0.13626
0.43746 13.05463 0.13035
0.43797 13.21589 0.13688
0.43848 13.09348 0.13578
0.43898 13.06013 0.13987
0.43949 13.15163 0.13668
0.43999 13.08480 0.14402
