0.01140 1557.49238 63.83464
0.01191 1075.88940 50.06548
0.01242 696.98583 52.38877
0.01292 409.92756 38.45303
0.01343 272.69792 26.23221
0.01394 199.07352 19.31243
0.01444 164.58722 15.53166
0.01495 132.88484 13.08670
0.01546 97.72088 8.31095
0.01596 91.04518 7.79744
0.01647 80.00082 6.31045
0.01698 66.63406 4.82013
0.01748 58.83035 3.96989
0.01799 52.48340 3.32828
0.01850 49.54744 2.76719
0.01900 40.66093 2.20541
0.01951 39.31307 1.92923
0.02002 37.28074 1.65821
0.02052 34.31255 1.24067
0.02103 33.09075 1.12161
0.02154 30.76069 0.88865
0.02204 29.56351 0.82535
0.02255 27.65816 0.65450
0.02306 26.93169 0.60343
0.02356 26.16776 0.51720
0.02407 25.00973 0.47525
0.02458 24.48434 0.39267
0.02509 23.45771 0.35132
0.02559 22.98680 0.34332
0.02610 22.21207 0.30923
0.02661 21.59606 0.30135
0.02711 21.02534 0.25299
0.02762 20.12735 0.22040
0.02813 19.91119 0.23361
0.02863 18.66497 0.21266
0.02914 18.46369 0.20479
0.02965 18.28856 0.19293
0.03015 18.11988 0.19266
0.03066 17.32892 0.19110
0.03117 17.86252 0.18857
0.03167 17.27799 0.18654
0.03218 17.27214 0.18376
0.03269 16.63563 0.17164
0.03319 16.59250 0.17814
0.03370 16.48199 0.17344
0.03421 16.25167 0.16961
0.03471 15.96807 0.17101
0.03522 16.05121 0.17351
0.03573 15.65843 0.17314
0.03623 15.75689 0.15601
0.03674 15.41993 0.16059
0.03725 15.04770 0.16131
0.03775 15.25379 0.16410
0.03826 14.91710 0.16382
0.03877 14.85206 0.15491
0.03927 14.79348 0.16248
0.03978 14.75167 0.14845
0.04029 14.79467 0.15287
0.04080 14.67375 0.14836
0.04130 14.32381 0.14642
0.04181 14.45031 0.13658
0.04232 14.24145 0.14956
0.04282 13.85560 0.13928
0.04333 14.48116 0.14596
0.04384 14.11902 0.14105
0.04434 13.76762 0.14047
0.04485 13.88875 0.14226
0.04536 13.87901 0.13735
0.04586 13.65398 0.13726
0.04637 13.55624 0.13431
0.04688 13.61494 0.13160
0.04738 13.37583 0.12795
0.04789 13.33236 0.12740
0.04840 13.40344 0.12603
0.04890 13.24436 0.12652
0.04941 13.24509 0.12707
0.04992 13.34927 0.12856
0.05042 13.21837 0.12816
0.05093 13.22144 0.12283
0.05144 13.14757 0.12516
0.05194 13.15944 0.12517
0.05245 13.20186 0.12407
0.05296 12.89409 0.11444
0.05346 13.02177 0.11640
0.05397 12.99031 0.11495
0.05448 12.91057 0.12087
0.05498 12.76996 0.11228
0.05549 12.92707 0.11816
0.05600 12.79852 0.11344
0.05650 12.86711 0.11485
0.05701 12.78485 0.11577
0.05752 12.58050 0.11226
0.05803 12.48158 0.10965
0.05853 12.72896 0.11328
0.05904 12.75975 0.10870
0.05955 12.61301 0.11159
0.06005 12.31577 0.10905
0.06056 12.40607 0.10862
0.06107 12.53312 0.11104
0.06157 12.55591 0.10948
0.06208 12.46369 0.10966
0.06259 12.38627 0.10924
0.06309 12.37526 0.10869
0.06360 12.42715 0.10375
0.06411 12.27957 0.10774
0.06461 12.18445 0.10511
0.06512 12.25405 0.10599
0.06563 12.56990 0.10655
0.06613 12.21137 0.10070
0.06664 12.04025 0.10321
0.06715 12.13580 0.10389
0.06765 12.17811 0.09976
0.06816 12.16813 0.10014
0.06867 11.91798 0.10443
0.06917 12.15596 0.09976
0.06968 11.78486 0.09706
0.07019 12.04595 0.10180
0.07069 12.13344 0.10090
0.07120 11.98353 0.09663
0.07171 11.88987 0.10075
0.07221 11.86528 0.09998
0.07272 11.82792 0.09264
0.07323 11.76373 0.10032
0.07373 11.99855 0.09634
0.07424 11.84623 0.09258
0.07475 12.07735 0.09977
0.07526 11.79202 0.09494
0.07576 11.85123 0.09596
0.07627 11.71116 0.09653
0.07678 11.65656 0.09446
0.07728 11.87148 0.09202
0.07779 11.64466 0.09367
0.07830 11.77858 0.09155
0.07880 11.80432 0.09097
0.07931 11.69834 0.08971
0.07982 11.62388 0.09146
0.08032 11.61405 0.09231
0.08083 11.61686 0.09008
0.08134 11.77704 0.08989
0.08184 11.61319 0.09192
0.08235 11.60564 0.09346
0.08286 11.57330 0.09335
0.08336 11.72178 0.09236
0.08387 11.48129 0.09345
0.08438 11.43467 0.09198
0.08488 11.51717 0.09367
0.08539 11.73813 0.09238
0.08590 11.60147 0.09582
0.08640 11.35370 0.09200
0.08691 11.58512 0.09155
0.08742 11.44929 0.09145
0.08792 11.50727 0.09383
0.08843 11.34186 0.09556
0.08894 11.54920 0.08974
0.08944 11.54951 0.09263
0.08995 11.22471 0.09056
0.09046 11.16424 0.08955
0.09096 11.23566 0.09333
0.09147 11.38545 0.09267
0.09198 11.27167 0.09683
0.09248 11.28361 0.09740
0.09299 11.23243 0.09427
0.09350 11.22331 0.09662
0.09401 11.14982 0.09570
0.09451 11.25031 0.09556
0.09502 11.24960 0.09549
0.09553 11.31399 0.09588
0.09603 11.19567 0.09420
0.09654 11.12358 0.09013
0.09705 11.07689 0.08982
0.09755 11.15523 0.09240
0.09806 11.04853 0.09184
0.09857 11.12016 0.08968
0.09907 11.19081 0.09234
0.09958 11.35677 0.09493
0.10009 11.25739 0.09201
0.10059 11.15886 0.08850
0.10110 10.99547 0.09200
0.10161 11.07651 0.09017
0.10211 11.12782 0.08688
0.10262 10.94162 0.08681
0.10313 10.93507 0.08771
0.10363 11.02923 0.08814
0.10414 11.09370 0.08905
0.10465 11.06496 0.09069
0.10515 11.13855 0.09022
0.10566 11.02044 0.09011
0.10617 10.89166 0.08752
0.10667 10.95102 0.08691
0.10718 10.86916 0.08365
0.10769 10.97540 0.08695
0.10819 11.00432 0.08161
0.10870 10.99706 0.08303
0.10921 10.91775 0.08253
0.10971 10.95313 0.08385
0.11022 11.04334 0.08174
0.11073 10.87039 0.08321
0.11123 10.90093 0.08009
0.11174 10.83526 0.08124
0.11225 11.03943 0.08258
0.11275 10.85766 0.07747
0.11326 10.87606 0.07917
0.11377 10.72317 0.07967
0.11428 10.89824 0.08034
0.11478 10.80966 0.08104
0.11529 10.70540 0.07901
0.11580 10.78201 0.07971
0.11630 10.67149 0.07847
0.11681 10.77003 0.07717
0.11732 10.74665 0.07776
0.11782 10.61810 0.07852
0.11833 10.72221 0.07827
0.11884 10.66372 0.07765
0.11934 10.68762 0.07675
0.11985 10.61708 0.07738
0.12036 10.66196 0.07526
0.12086 10.64294 0.07489
0.12137 10.63996 0.07349
0.12188 10.52815 0.07444
0.12238 10.56241 0.07434
0.12289 10.68984 0.07599
0.12340 10.52024 0.07373
0.12390 10.60186 0.07504
0.12441 10.63237 0.07405
0.12492 10.61496 0.07593
0.12542 10.52258 0.07603
0.12593 10.57078 0.07296
0.12644 10.52694 0.07395
0.12694 10.58016 0.07421
0.12745 10.61918 0.07292
0.12796 10.56607 0.07321
0.12846 10.51605 0.07079
0.12897 10.57625 0.07185
0.12948 10.44335 0.07245
0.12998 10.50066 0.07142
0.13049 10.40353 0.07223
0.13100 10.45764 0.07165
0.13150 10.44085 0.06840
0.13201 10.49123 0.07098
0.13252 10.42280 0.07279
0.13302 10.43411 0.07067
0.13353 10.48457 0.06929
0.13404 10.38484 0.06913
0.13454 10.47910 0.06935
0.13505 10.35928 0.06829
0.13556 10.44241 0.07013
0.13606 10.27167 0.06886
0.13657 10.35229 0.06749
0.13708 10.31440 0.06858
0.13758 10.44164 0.06817
0.13809 10.33725 0.06727
0.13860 10.33128 0.06678
0.13911 10.30925 0.06764
0.13961 10.37013 0.06763
0.14012 10.21589 0.06692
0.14063 10.25177 0.06693
0.14113 10.24684 0.06681
0.14164 10.15733 0.06667
0.14215 10.12378 0.06517
0.14265 10.22577 0.06658
0.14316 10.24431 0.06627
0.14367 10.30860 0.06725
0.14417 10.34297 0.06639
0.14468 10.18355 0.06571
0.14519 10.26977 0.06452
0.14569 10.21228 0.06568
0.14620 10.08957 0.06484
0.14671 10.06698 0.06468
0.14721 10.19019 0.06477
0.14772 10.19851 0.06630
0.14823 10.17276 0.06600
0.14873 10.13432 0.06569
0.14924 10.01950 0.06254
0.14975 10.08901 0.06446
0.15025 10.08954 0.06442
0.15076 10.09005 0.06353
0.15127 10.11138 0.06399
0.15177 10.02202 0.06599
0.15228 10.03363 0.06331
0.15279 10.00381 0.06385
0.15329 10.06699 0.06297
0.15380 10.04232 0.06301
0.15431 9.94779 0.06387
0.15481 9.90997 0.06428
0.15532 10.03036 0.06302
0.15583 9.86694 0.06083
0.15633 9.89259 0.06232
0.15684 9.92340 0.06095
0.15735 9.87831 0.06208
0.15785 10.03729 0.06347
0.15836 9.92864 0.06140
0.15887 10.00244 0.06148
0.15937 9.83134 0.05975
0.15988 9.81788 0.06173
0.16039 9.88358 0.06109
0.16089 9.74811 0.05979
0.16140 9.90084 0.06032
0.16191 9.84761 0.06067
0.16241 9.81718 0.06033
0.16292 9.78961 0.06044
0.16343 9.85648 0.06090
0.16393 9.82786 0.05834
0.16444 9.86294 0.06060
0.16495 9.74104 0.05894
0.16545 9.86285 0.06082
0.16596 9.73491 0.06054
0.16647 9.76838 0.05992
0.16697 9.71488 0.06009
0.16748 9.65088 0.05909
0.16799 9.71468 0.05813
0.16849 9.75725 0.05884
0.16900 9.68560 0.05781
0.16951 9.66774 0.06007
0.17001 9.70240 0.05857
0.17052 9.70901 0.05904
0.17103 9.67839 0.05948
0.17153 9.69834 0.05968
0.17204 9.58383 0.06048
0.17255 9.64961 0.05941
0.17305 9.69149 0.05770
0.17356 9.68525 0.06066
0.17407 9.61993 0.06135
0.17457 9.68710 0.06029
0.17508 9.64561 0.06097
0.17559 9.70976 0.06048
0.17610 9.44221 0.05886
0.17660 9.57810 0.06138
0.17711 9.68702 0.06123
0.17762 9.60089 0.05926
0.17812 9.60711 0.06102
0.17863 9.62008 0.05960
0.17914 9.55642 0.06109
0.17964 9.49652 0.06074
0.18015 9.54468 0.06073
0.18066 9.58288 0.06251
0.18116 9.52460 0.06149
0.18167 9.49732 0.06213
0.18218 9.55691 0.06218
0.18268 9.50800 0.06247
0.18319 9.50373 0.06153
0.18370 9.57548 0.06286
0.18420 9.54607 0.06159
0.18471 9.50798 0.06204
0.18522 9.46434 0.06320
0.18572 9.44659 0.06121
0.18623 9.52743 0.06262
0.18674 9.49258 0.06328
0.18724 9.57986 0.06455
0.18775 9.42807 0.06374
0.18826 9.43198 0.06180
0.18876 9.40955 0.06297
0.18927 9.30106 0.06340
0.18978 9.38906 0.06260
0.19028 9.40380 0.06431
0.19079 9.50378 0.06394
0.19130 9.41021 0.06337
0.19180 9.37326 0.06243
0.19231 9.35935 0.06316
0.19282 9.33298 0.06454
0.19332 9.52228 0.06438
0.19383 9.38692 0.06402
0.19434 9.36925 0.06485
0.19484 9.42911 0.06498
0.19535 9.35485 0.06432
0.19586 9.44180 0.06646
0.19636 9.31030 0.06497
0.19687 9.37663 0.06558
0.19738 9.40673 0.06327
0.19788 9.36857 0.06516
0.19839 9.34459 0.06472
0.19890 9.47119 0.06534
0.19940 9.31055 0.06429
0.19991 9.28677 0.06489
0.20042 9.26661 0.06431
0.20092 9.33447 0.06410
0.20143 9.20162 0.06511
0.20194 9.29724 0.06628
0.20244 9.35341 0.06588
0.20295 9.26470 0.06358
0.20346 9.17744 0.06256
0.20396 9.25953 0.06369
0.20447 9.30246 0.06577
0.20498 9.23559 0.06609
0.20548 9.10124 0.06498
0.20599 9.27209 0.06566
0.20650 9.14767 0.06439
0.20700 9.20612 0.06440
0.20751 9.17662 0.06207
0.20802 9.22920 0.06324
0.20852 9.17826 0.06430
0.20903 9.22691 0.06371
0.20954 9.28570 0.06301
0.21004 9.18666 0.06496
0.21055 9.18868 0.06457
0.21106 9.12586 0.06507
0.21156 9.25805 0.06332
0.21207 9.15945 0.06354
0.21258 9.22430 0.06554
0.21308 9.21672 0.06442
0.21359 9.17987 0.06694
0.21410 9.07918 0.06358
0.21460 9.09984 0.06461
0.21511 9.10142 0.06494
0.21562 9.14863 0.06375
0.21612 9.04417 0.06440
0.21663 9.15121 0.06444
0.21714 8.98144 0.06355
0.21764 9.06250 0.06404
0.21815 8.93337 0.06339
0.21866 9.02510 0.06481
0.21916 9.01404 0.06341
0.21967 8.90135 0.06484
0.22018 9.05699 0.06237
0.22068 8.94493 0.06317
0.22119 9.04190 0.06255
0.22170 8.94927 0.06366
0.22220 8.87307 0.06422
0.22271 9.02361 0.06289
0.22322 8.95390 0.06434
0.22372 8.97224 0.06177
0.22423 8.90240 0.06114
0.22474 8.93619 0.06204
0.22524 8.93035 0.06205
0.22575 8.93239 0.06314
0.22626 8.94308 0.06184
0.22676 8.92026 0.06091
0.22727 8.96635 0.06291
0.22778 8.99477 0.06161
0.22828 8.86341 0.06222
0.22879 9.02172 0.06229
0.22930 8.90205 0.06137
0.22980 8.89808 0.06228
0.23031 8.92535 0.05974
0.23082 8.96047 0.06185
0.23132 8.80226 0.05931
0.23183 8.90626 0.05937
0.23234 8.84819 0.05907
0.23284 8.90570 0.05979
0.23335 8.85259 0.05810
0.23386 8.87652 0.05937
0.23436 8.89658 0.05793
0.23487 8.89100 0.05835
0.23538 8.79573 0.06004
0.23588 8.85524 0.05925
0.23639 8.75217 0.05672
0.23690 8.81629 0.06038
0.23740 8.85460 0.05776
0.23791 8.72907 0.05802
0.23842 8.79254 0.05902
0.23892 8.84425 0.05760
0.23943 8.76202 0.05720
0.23994 8.77829 0.05590
0.24044 8.79091 0.05731
0.24095 8.84683 0.05761
0.24145 8.66969 0.05653
0.24196 8.72296 0.05624
0.24247 8.74066 0.05755
0.24297 8.75702 0.05578
0.24348 8.77384 0.05667
0.24399 8.79646 0.05647
0.24449 8.74988 0.05621
0.24500 8.66902 0.05651
0.24551 8.68489 0.05653
0.24601 8.66222 0.05510
0.24652 8.71531 0.05556
0.24703 8.70467 0.05575
0.24753 8.71867 0.05541
0.24804 8.65511 0.05702
0.24855 8.66193 0.05472
0.24905 8.63794 0.05660
0.24956 8.61776 0.05620
0.25007 8.77522 0.05513
0.25057 8.64430 0.05467
0.25108 8.65059 0.05552
0.25159 8.67158 0.05407
0.25209 8.65424 0.05347
0.25260 8.66127 0.05546
0.25311 8.64258 0.05575
0.25361 8.61586 0.05492
0.25412 8.71979 0.05501
0.25463 8.67696 0.05380
0.25513 8.54564 0.05375
0.25564 8.57148 0.05404
0.25615 8.76111 0.05335
0.25665 8.60387 0.05416
0.25716 8.62214 0.05418
0.25767 8.63020 0.05355
0.25817 8.61969 0.05368
0.25868 8.58723 0.05245
0.25919 8.63377 0.05300
0.25969 8.61911 0.05341
0.26020 8.63815 0.05362
0.26071 8.55969 0.05217
0.26121 8.56605 0.05282
0.26172 8.58279 0.05276
0.26223 8.62349 0.05182
0.26273 8.46703 0.05155
0.26324 8.52212 0.05226
0.26375 8.55879 0.05093
0.26425 8.47424 0.05161
0.26476 8.55883 0.05127
0.26527 8.51217 0.05126
0.26577 8.52338 0.05114
0.26628 8.49383 0.05197
0.26679 8.49063 0.05119
0.26729 8.39619 0.05066
0.26780 8.50078 0.05133
0.26831 8.52320 0.05139
0.26881 8.48240 0.05212
0.26932 8.48581 0.04962
0.26983 8.44330 0.05077
0.27033 8.40628 0.05124
0.27084 8.45791 0.04969
0.27134 8.52562 0.05082
0.27185 8.46644 0.05059
0.27236 8.40120 0.05006
0.27286 8.50087 0.04986
0.27337 8.40630 0.05142
0.27388 8.53712 0.05043
0.27438 8.38620 0.05000
0.27489 8.42303 0.05056
0.27540 8.38522 0.05035
0.27590 8.45723 0.04998
0.27641 8.39647 0.05158
0.27692 8.38366 0.05161
0.27742 8.34868 0.04961
0.27793 8.37786 0.05007
0.27844 8.38479 0.04944
0.27894 8.39078 0.04898
0.27945 8.37804 0.04878
0.27996 8.33515 0.04838
0.28046 8.39347 0.04935
0.28097 8.40488 0.04939
0.28148 8.39452 0.04921
0.28198 8.35629 0.05008
0.28249 8.36240 0.04934
0.28300 8.36130 0.04882
0.28350 8.29449 0.04876
0.28401 8.26498 0.04990
0.28452 8.37285 0.04848
0.28502 8.45131 0.04831
0.28553 8.29507 0.04778
0.28604 8.23151 0.04862
0.28654 8.40304 0.04864
0.28705 8.35979 0.04807
0.28756 8.35087 0.04879
0.28806 8.31469 0.04932
0.28857 8.23020 0.04832
0.28908 8.29966 0.04879
0.28958 8.24258 0.04840
0.29009 8.18881 0.04859
0.29059 8.23251 0.04837
0.29110 8.32515 0.04906
0.29161 8.31939 0.04872
0.29211 8.20476 0.04869
0.29262 8.22688 0.04917
0.29313 8.31020 0.04872
0.29363 8.32780 0.04916
0.29414 8.18298 0.04902
0.29465 8.23947 0.04851
0.29515 8.12759 0.04874
0.29566 8.26728 0.05032
0.29617 8.11413 0.04834
0.29667 8.19184 0.05001
0.29718 8.21616 0.04969
0.29769 8.14786 0.04910
0.29819 8.19244 0.04854
0.29870 8.19228 0.05001
0.29921 8.15017 0.04855
0.29971 8.15563 0.04967
0.30022 8.15162 0.04862
0.30073 8.22730 0.04917
0.30123 8.12800 0.04853
0.30174 8.15667 0.04822
0.30225 8.08545 0.04828
0.30275 8.17115 0.04796
0.30326 8.14668 0.04838
0.30377 8.17118 0.04893
0.30427 8.20092 0.04832
0.30478 8.08936 0.04801
0.30529 8.06628 0.04740
0.30579 8.07578 0.04832
0.30630 8.12506 0.04744
0.30680 8.07054 0.04755
0.30731 8.07566 0.04763
0.30782 8.14022 0.04767
0.30832 8.12588 0.04650
0.30883 8.07935 0.04775
0.30934 8.05632 0.04760
0.30984 8.05725 0.04927
0.31035 8.01949 0.04873
0.31086 7.98839 0.04830
0.31136 8.03673 0.04974
0.31187 8.17418 0.05045
0.31238 8.04271 0.04967
0.31288 8.13838 0.05056
0.31339 8.07458 0.05042
0.31390 8.02364 0.05004
0.31440 8.00372 0.05037
0.31491 8.06109 0.05030
0.31542 8.07882 0.05102
0.31592 8.04570 0.05152
0.31643 7.97711 0.05228
0.31694 8.06494 0.05251
0.31744 8.07147 0.05097
0.31795 8.14021 0.05208
0.31845 8.03503 0.05164
0.31896 7.94598 0.05198
0.31947 7.96323 0.05299
0.31997 8.08090 0.05202
0.32048 8.03960 0.05105
0.32099 7.99665 0.05163
0.32149 7.93937 0.05172
0.32200 7.97274 0.05264
0.32251 8.02795 0.05266
0.32301 7.92300 0.05130
0.32352 7.93870 0.05144
0.32403 7.92607 0.05154
0.32453 7.95685 0.05160
0.32504 7.88703 0.05015
0.32555 8.01313 0.05129
0.32605 7.93755 0.05242
0.32656 7.93543 0.05164
0.32707 8.11017 0.05201
0.32757 7.88553 0.05170
0.32808 7.95773 0.05119
0.32859 7.98996 0.05246
0.32909 7.94744 0.05215
0.32960 8.00958 0.05255
0.33010 7.96535 0.05173
0.33061 7.94916 0.05246
0.33112 7.94343 0.05285
0.33162 8.01545 0.05302
0.33213 7.86828 0.05123
0.33264 7.99435 0.05281
0.33314 7.96464 0.05352
0.33365 7.92176 0.05360
0.33416 8.03556 0.05311
0.33466 7.91683 0.05319
0.33517 7.84454 0.05257
0.33568 7.89882 0.05209
0.33618 7.92283 0.05268
0.33669 7.98957 0.05363
0.33720 7.89768 0.05437
0.33770 7.89184 0.05419
0.33821 7.98821 0.05367
0.33872 7.90530 0.05356
0.33922 7.99455 0.05322
0.33973 7.82553 0.05334
0.34023 7.81396 0.05276
0.34074 7.84047 0.05228
0.34125 7.85313 0.05388
0.34175 7.94530 0.05397
0.34226 7.87438 0.05289
0.34277 7.79934 0.05262
0.34327 7.84113 0.05296
0.34378 7.77628 0.05247
0.34429 7.95259 0.05486
0.34479 7.89337 0.05338
0.34530 7.84562 0.05273
0.34581 7.85661 0.05315
0.34631 7.85263 0.05398
0.34682 7.89429 0.05370
0.34733 7.83754 0.05376
0.34783 7.83441 0.05408
0.34834 7.97955 0.05339
0.34884 7.80929 0.05349
0.34935 7.79168 0.05471
0.34986 7.83040 0.05310
0.35036 7.90253 0.05410
0.35087 7.76735 0.05300
0.35138 7.90835 0.05430
0.35188 7.85454 0.05363
0.35239 7.73773 0.05355
0.35290 7.88231 0.05326
0.35340 7.78341 0.05250
0.35391 7.98387 0.05210
0.35442 7.72138 0.05096
0.35492 7.78486 0.05102
0.35543 7.77883 0.05117
0.35594 7.74736 0.05064
0.35644 7.77047 0.05179
0.35695 7.83083 0.05097
0.35745 7.72956 0.05119
0.35796 7.77412 0.05175
0.35847 7.75812 0.05177
0.35897 7.79858 0.05261
0.35948 7.80607 0.05228
0.35999 7.74348 0.05219
0.36049 7.74167 0.05231
0.36100 7.74236 0.05144
0.36151 7.75056 0.05100
0.36201 7.79053 0.05266
0.36252 7.64364 0.05203
0.36303 7.71369 0.05129
0.36353 7.82951 0.05133
0.36404 7.77471 0.05180
0.36455 7.70260 0.05313
0.36505 7.75312 0.05280
0.36556 7.65177 0.05298
0.36606 7.75459 0.05323
0.36657 7.72739 0.05278
0.36708 7.78109 0.05459
0.36758 7.64371 0.05442
0.36809 7.65942 0.05570
0.36860 7.66393 0.05594
0.36910 7.53779 0.05515
0.36961 7.68571 0.05561
0.37012 7.60591 0.05564
0.37062 7.63224 0.05544
0.37113 7.71391 0.05587
0.37164 7.69593 0.05495
0.37214 7.64198 0.05575
0.37265 7.71933 0.05451
0.37315 7.66152 0.05371
0.37366 7.66105 0.05535
0.37417 7.61341 0.05471
0.37467 7.66977 0.05657
0.37518 7.63918 0.05681
0.37569 7.62877 0.05609
0.37619 7.55539 0.05632
0.37670 7.73096 0.05739
0.37721 7.55911 0.05631
0.37771 7.66550 0.05725
0.37822 7.63218 0.05717
0.37873 7.62384 0.05808
0.37923 7.63381 0.05862
0.37974 7.63960 0.06074
0.38024 7.62989 0.05892
0.38075 7.60273 0.05821
0.38126 7.55693 0.05993
0.38176 7.60819 0.05810
0.38227 7.63045 0.05987
0.38278 7.58702 0.05963
0.38328 7.67002 0.05999
0.38379 7.53972 0.06047
0.38430 7.57373 0.06050
0.38480 7.59588 0.06162
0.38531 7.65915 0.06207
0.38582 7.69134 0.06071
0.38632 7.56259 0.06167
0.38683 7.48445 0.06151
0.38733 7.51915 0.06423
0.38784 7.49162 0.06223
0.38835 7.58909 0.06393
0.38885 7.71230 0.06383
0.38936 7.63044 0.06398
0.38987 7.61303 0.06315
0.39037 7.53342 0.06257
0.39088 7.55554 0.06327
0.39139 7.64951 0.06346
0.39189 7.57323 0.06566
0.39240 7.58627 0.06544
0.39290 7.53829 0.06537
0.39341 7.68248 0.06561
0.39392 7.54311 0.07157
0.39442 7.54172 0.06453
0.39493 7.50989 0.06645
0.39544 7.48538 0.06563
0.39594 7.57838 0.06583
0.39645 7.59571 0.06733
0.39696 7.46467 0.06994
0.39746 7.57479 0.06732
0.39797 7.52104 0.06807
0.39847 7.61234 0.06931
0.39898 7.61658 0.06857
0.39949 7.52651 0.06769
0.39999 7.49091 0.06901
0.40050 7.35991 0.06844
0.40101 7.49614 0.07295
0.40151 7.55809 0.07059
0.40202 7.44438 0.07103
0.40253 7.43639 0.07054
0.40303 7.43544 0.07059
0.40354 7.46138 0.07163
0.40405 7.38317 0.07144
0.40455 7.53835 0.07196
0.40506 7.45937 0.07216
0.40556 7.41774 0.07117
0.40607 7.42488 0.07255
0.40658 7.49034 0.07432
0.40708 7.42738 0.07299
0.40759 7.49140 0.07381
0.40810 7.41732 0.07534
0.40860 7.38442 0.07209
0.40911 7.48839 0.07526
0.40962 7.42981 0.07391
0.41012 7.25412 0.07412
0.41063 7.45588 0.07466
0.41113 7.43774 0.07360
0.41164 7.37533 0.07223
0.41215 7.48253 0.07179
0.41265 7.44129 0.07324
0.41316 7.36400 0.07568
0.41367 7.37346 0.07418
0.41417 7.44853 0.07586
0.41468 7.51352 0.07507
0.41518 7.50027 0.07797
0.41569 7.46252 0.07416
0.41620 7.27708 0.07581
0.41670 7.39611 0.07721
0.41721 7.19192 0.07448
0.41772 7.43480 0.07763
0.41822 7.49335 0.07629
0.41873 7.49601 0.07927
0.41924 7.29363 0.07588
0.41974 7.43332 0.08146
0.42025 7.61941 0.07822
0.42075 7.41028 0.07841
0.42126 7.34790 0.07773
0.42177 7.41911 0.08165
0.42227 7.28186 0.07881
0.42278 7.31316 0.07480
0.42329 7.38869 0.08106
0.42379 7.56138 0.08527
0.42430 7.44666 0.08360
0.42481 7.40432 0.08386
0.42531 7.14867 0.08385
0.42582 7.37077 0.08132
0.42632 7.33009 0.08308
0.42683 7.30745 0.08752
0.42734 7.54205 0.08653
0.42784 7.53533 0.08902
0.42835 7.19928 0.08492
0.42886 7.26939 0.08866
0.42936 7.23958 0.08509
0.42987 7.23848 0.08775
0.43037 7.48981 0.09167
0.43088 7.22189 0.08487
0.43139 7.34973 0.09478
0.43189 7.25644 0.09324
0.43240 7.36860 0.09115
0.43291 7.21313 0.09486
0.43341 7.19654 0.08910
0.43392 7.27038 0.09266
0.43443 7.35689 0.09247
0.43493 7.34466 0.09714
0.43544 7.39456 0.09777
0.43594 7.28767 0.09900
0.43645 7.32751 0.09933
0.43696 7.38854 0.10019
0.43746 7.26710 0.09789
0.43797 7.39070 0.09190
0.43848 7.23673 0.09789
0.43898 7.41967 0.10281
0.43949 7.34966 0.10662
0.43999 7.19240 0.09999
