0.01140 1527.12860 64.49264
0.01191 1055.67999 51.49089
0.01242 695.38582 52.69186
0.01292 409.35256 38.36634
0.01343 275.73716 26.90574
0.01394 201.85732 19.54542
0.01444 163.76691 15.56244
0.01495 131.48948 12.71667
0.01546 99.80756 8.23622
0.01596 90.46922 7.71792
0.01647 80.46424 6.43435
0.01698 64.90015 4.79813
0.01748 59.00068 4.01045
0.01799 51.92182 3.35977
0.01850 47.48081 2.78333
0.01900 41.37023 2.20617
0.01951 38.77288 1.79830
0.02002 36.74734 1.58395
0.02052 33.40616 1.40644
0.02103 33.44370 1.12295
0.02154 30.49869 0.93148
0.02204 29.28202 0.83839
0.02255 27.28093 0.61268
0.02306 26.82620 0.53943
0.02356 25.85264 0.52100
0.02407 25.06153 0.47551
0.02458 23.62185 0.39042
0.02509 22.85155 0.37156
0.02559 22.61765 0.34441
0.02610 22.28256 0.30779
0.02661 20.87494 0.27609
0.02711 20.61692 0.26507
0.02762 20.32454 0.24361
0.02813 19.76530 0.22653
0.02863 19.23348 0.20983
0.02914 18.82612 0.19898
0.02965 18.43812 0.20344
0.03015 17.74539 0.18900
0.03066 17.77386 0.19828
0.03117 17.16146 0.18789
0.03167 17.05734 0.18545
0.03218 16.87293 0.17728
0.03269 16.72884 0.17136
0.03319 16.48702 0.18550
0.03370 16.48386 0.17300
0.03421 16.20672 0.18218
0.03471 16.33469 0.17121
0.03522 15.77733 0.16450
0.03573 15.90889 0.16846
0.03623 15.57744 0.16813
0.03674 15.56776 0.15643
0.03725 15.34420 0.16031
0.03775 15.00588 0.15843
0.03826 15.11087 0.15872
0.03877 14.54644 0.15106
0.03927 14.93015 0.15715
0.03978 14.84765 0.14990
0.04029 14.46028 0.14399
0.04080 14.50170 0.14939
0.04130 14.29989 0.14346
0.04181 14.20947 0.14072
0.04232 14.19306 0.14363
0.04282 14.12581 0.14814
0.04333 13.92146 0.13670
0.04384 13.79204 0.13691
0.04434 13.70546 0.14041
0.04485 13.64489 0.13473
0.04536 13.78298 0.13528
0.04586 13.77281 0.12666
0.04637 13.75546 0.13300
0.04688 13.40686 0.13361
0.04738 13.47274 0.12676
0.04789 13.50960 0.12979
0.04840 13.39477 0.12749
0.04890 13.26681 0.13111
0.04941 13.14409 0.12395
0.04992 13.15877 0.12133
0.05042 13.18788 0.12343
0.05093 13.24274 0.12477
0.05144 13.06501 0.12332
0.05194 12.91200 0.11904
0.05245 13.13697 0.12045
0.05296 12.91007 0.12256
0.05346 12.68614 0.11355
0.05397 12.91672 0.11587
0.05448 12.90281 0.11870
0.05498 12.84273 0.12308
0.05549 12.76535 0.11770
0.05600 12.71428 0.11573
0.05650 12.84363 0.11618
0.05701 12.64661 0.11459
0.05752 12.76234 0.11218
0.05803 12.39935 0.10971
0.05853 12.60126 0.10955
0.05904 12.60109 0.10726
0.05955 12.64624 0.10765
0.06005 12.47133 0.11294
0.06056 12.54348 0.10705
0.06107 12.43232 0.11157
0.06157 12.44584 0.10905
0.06208 12.34000 0.10824
0.06259 12.19214 0.10835
0.06309 12.25798 0.10483
0.06360 12.19099 0.10372
0.06411 12.32798 0.10573
0.06461 12.27018 0.10540
0.06512 12.24498 0.10159
0.06563 12.07428 0.10380
0.06613 12.10670 0.10410
0.06664 12.14596 0.10178
0.06715 12.18066 0.10179
0.06765 12.23300 0.10427
0.06816 12.14553 0.10101
0.06867 12.12678 0.10641
0.06917 12.16792 0.09765
0.06968 11.93906 0.10111
0.07019 11.94686 0.10128
0.07069 11.86364 0.09908
0.07120 12.00153 0.09724
0.07171 12.00073 0.09812
0.07221 12.02213 0.09746
0.07272 11.92674 0.09784
0.07323 11.77341 0.09637
0.07373 11.81821 0.09740
0.07424 11.82230 0.09895
0.07475 11.73582 0.09450
0.07526 11.65756 0.09885
0.07576 11.64700 0.09328
0.07627 11.76977 0.09466
0.07678 11.85492 0.09344
0.07728 11.75765 0.09432
0.07779 11.48641 0.09302
0.07830 11.76363 0.09142
0.07880 11.60353 0.09031
0.07931 11.85507 0.09178
0.07982 11.72100 0.09141
0.08032 11.70285 0.08979
0.08083 11.59048 0.09136
0.08134 11.66365 0.09218
0.08184 11.60635 0.08970
0.08235 11.64379 0.09482
0.08286 11.53436 0.09569
0.08336 11.46620 0.09280
0.08387 11.60393 0.09182
0.08438 11.51962 0.09239
0.08488 11.37604 0.09102
0.08539 11.57667 0.09472
0.08590 11.43348 0.09483
0.08640 11.24273 0.09414
0.08691 11.53983 0.09583
0.08742 11.38358 0.08905
0.08792 11.33137 0.09211
0.08843 11.32581 0.09033
0.08894 11.49239 0.09431
0.08944 11.22443 0.08925
0.08995 11.32075 0.09053
0.09046 11.29756 0.09171
0.09096 11.34813 0.09440
0.09147 11.10368 0.09109
0.09198 11.33214 0.09298
0.09248 11.18619 0.09482
0.09299 11.20176 0.09566
0.09350 11.19891 0.09753
0.09401 11.32525 0.09597
0.09451 11.31631 0.09602
0.09502 11.24882 0.09207
0.09553 11.26519 0.09463
0.09603 11.15324 0.09515
0.09654 11.23387 0.09532
0.09705 11.15591 0.09305
0.09755 11.22465 0.09549
0.09806 11.15193 0.09351
0.09857 11.03872 0.09135
0.09907 11.15466 0.08888
0.09958 11.02155 0.09109
0.10009 11.17276 0.09049
0.10059 10.94254 0.09412
0.10110 11.05619 0.09103
0.10161 11.18610 0.08886
0.10211 10.96990 0.08660
0.10262 10.99122 0.08661
0.10313 11.12985 0.09027
0.10363 11.04808 0.09087
0.10414 11.03333 0.08935
0.10465 11.00169 0.08990
0.10515 10.90489 0.08927
0.10566 10.98460 0.09043
0.10617 10.83437 0.08864
0.10667 10.80420 0.08344
0.10718 10.95805 0.08800
0.10769 10.80821 0.08364
0.10819 10.90850 0.08341
0.10870 10.87000 0.08621
0.10921 10.80956 0.08361
0.10971 10.87772 0.08334
0.11022 10.83027 0.07911
0.11073 10.88629 0.08540
0.11123 10.72069 0.07949
0.11174 10.82030 0.08027
0.11225 10.70616 0.08081
0.11275 10.64032 0.07892
0.11326 10.73505 0.08275
0.11377 10.71718 0.07797
0.11428 10.86914 0.08137
0.11478 10.68534 0.07910
0.11529 10.74175 0.08028
0.11580 10.68166 0.08210
0.11630 10.64247 0.07871
0.11681 10.66575 0.07992
0.11732 10.61155 0.07710
0.11782 10.70129 0.07887
0.11833 10.73073 0.07568
0.11884 10.63903 0.07626
0.11934 10.57412 0.07763
0.11985 10.68737 0.07660
0.12036 10.72892 0.07872
0.12086 10.52883 0.07716
0.12137 10.70010 0.07590
0.12188 10.73193 0.07395
0.12238 10.56187 0.07565
0.12289 10.55207 0.07537
0.12340 10.53507 0.07409
0.12390 10.55737 0.07331
0.12441 10.52105 0.07344
0.12492 10.64923 0.07625
0.12542 10.51789 0.07486
0.12593 10.48399 0.07352
0.12644 10.42196 0.07342
0.12694 10.41758 0.07424
0.12745 10.55007 0.07048
0.12796 10.48619 0.07433
0.12846 10.42279 0.07207
0.12897 10.50278 0.07042
0.12948 10.41636 0.07081
0.12998 10.48671 0.07034
0.13049 10.34213 0.06994
0.13100 10.36872 0.06936
0.13150 10.37126 0.06902
0.13201 10.42483 0.06976
0.13252 10.32350 0.07008
0.13302 10.44313 0.07025
0.13353 10.45619 0.07117
0.13404 10.38862 0.06836
0.13454 10.29855 0.06905
0.13505 10.33908 0.06821
0.13556 10.32344 0.06778
0.13606 10.41338 0.06804
0.13657 10.34311 0.06753
0.13708 10.27722 0.06903
0.13758 10.44118 0.06822
0.13809 10.29019 0.06658
0.13860 10.28354 0.06716
0.13911 10.25725 0.06676
0.13961 10.28274 0.06784
0.14012 10.39473 0.06770
0.14063 10.36893 0.06872
0.14113 10.22155 0.06568
0.14164 10.34284 0.06589
0.14215 10.18350 0.06706
0.14265 10.21612 0.06640
0.14316 10.18726 0.06580
0.14367 10.14832 0.06648
0.14417 10.20201 0.06550
0.14468 10.15258 0.06548
0.14519 10.16110 0.06481
0.14569 10.17225 0.06534
0.14620 10.07340 0.06522
0.14671 10.12135 0.06574
0.14721 10.05036 0.06461
0.14772 10.02229 0.06391
0.14823 10.00308 0.06379
0.14873 10.09852 0.06480
0.14924 10.07916 0.06481
0.14975 10.04472 0.06273
0.15025 10.09528 0.06415
0.15076 10.11876 0.06374
0.15127 9.98806 0.06495
0.15177 9.95255 0.06399
0.15228 10.06593 0.06379
0.15279 9.87971 0.06230
0.15329 10.02560 0.06331
0.15380 9.81715 0.06094
0.15431 9.98434 0.06389
0.15481 9.98189 0.06387
0.15532 9.96540 0.06253
0.15583 9.86143 0.06114
0.15633 10.03035 0.06180
0.15684 9.83607 0.05965
0.15735 9.94143 0.06190
0.15785 9.86113 0.06156
0.15836 9.87381 0.06183
0.15887 9.81379 0.06010
0.15937 9.88609 0.05955
0.15988 9.93334 0.06186
0.16039 9.92826 0.05946
0.16089 9.74763 0.06078
0.16140 9.84695 0.06041
0.16191 9.91987 0.06125
0.16241 9.75445 0.05969
0.16292 9.93337 0.06048
0.16343 9.76497 0.05946
0.16393 9.79774 0.06045
0.16444 9.78731 0.06091
0.16495 9.72297 0.06089
0.16545 9.70403 0.05897
0.16596 9.81497 0.05917
0.16647 9.74235 0.05882
0.16697 9.68175 0.05990
0.16748 9.78163 0.05986
0.16799 9.73308 0.05786
0.16849 9.77200 0.05983
0.16900 9.65229 0.05912
0.16951 9.62670 0.05774
0.17001 9.62372 0.05883
0.17052 9.49398 0.05837
0.17103 9.60366 0.05873
0.17153 9.61060 0.05968
0.17204 9.79834 0.05965
0.17255 9.63713 0.05967
0.17305 9.66833 0.06076
0.17356 9.54497 0.06051
0.17407 9.57378 0.05997
0.17457 9.55379 0.05938
0.17508 9.47435 0.05862
0.17559 9.53473 0.06017
0.17610 9.53971 0.06118
0.17660 9.60276 0.05991
0.17711 9.62236 0.05967
0.17762 9.45704 0.06181
0.17812 9.50790 0.05797
0.17863 9.63637 0.05840
0.17914 9.48175 0.05971
0.17964 9.58616 0.06070
0.18015 9.61951 0.06178
0.18066 9.51965 0.06339
0.18116 9.47547 0.06111
0.18167 9.56125 0.06114
0.18218 9.44435 0.06075
0.18268 9.46355 0.06175
0.18319 9.56518 0.06149
0.18370 9.54761 0.06217
0.18420 9.44148 0.06297
0.18471 9.50462 0.06265
0.18522 9.44526 0.06296
0.18572 9.46899 0.06296
0.18623 9.56514 0.06297
0.18674 9.35111 0.06352
0.18724 9.44732 0.06367
0.18775 9.35427 0.06447
0.18826 9.43890 0.06456
0.18876 9.42386 0.06319
0.18927 9.30670 0.06266
0.18978 9.43683 0.06482
0.19028 9.36102 0.06327
0.19079 9.45786 0.06491
0.19130 9.36009 0.06522
0.19180 9.39326 0.06520
0.19231 9.30243 0.06453
0.19282 9.41429 0.06612
0.19332 9.32949 0.06435
0.19383 9.43752 0.06383
0.19434 9.29143 0.06371
0.19484 9.37937 0.06497
0.19535 9.29485 0.06353
0.19586 9.35980 0.06346
0.19636 9.31300 0.06602
0.19687 9.28346 0.06326
0.19738 9.36964 0.06443
0.19788 9.39035 0.06516
0.19839 9.34641 0.06723
0.19890 9.32507 0.06426
0.19940 9.23765 0.06491
0.19991 9.32069 0.06430
0.20042 9.13373 0.06447
0.20092 9.19138 0.06444
0.20143 9.34379 0.06605
0.20194 9.22638 0.06436
0.20244 9.22201 0.06486
0.20295 9.33615 0.06514
0.20346 9.32112 0.06470
0.20396 9.34735 0.06600
0.20447 9.28029 0.06614
0.20498 9.15965 0.06639
0.20548 9.23829 0.06372
0.20599 9.18789 0.06596
0.20650 9.28135 0.06450
0.20700 9.16009 0.06228
0.20751 9.28111 0.06430
0.20802 9.23754 0.06315
0.20852 9.16127 0.06251
0.20903 9.31221 0.06372
0.20954 9.09036 0.06442
0.21004 9.24389 0.06493
0.21055 9.13096 0.06311
0.21106 9.17658 0.06371
0.21156 9.12542 0.06554
0.21207 9.20345 0.06436
0.21258 9.17148 0.06580
0.21308 9.18395 0.06514
0.21359 9.11252 0.06542
0.21410 9.10631 0.06188
0.21460 9.11108 0.06349
0.21511 9.09077 0.06473
0.21562 9.12104 0.06519
0.21612 9.02767 0.06418
0.21663 9.22624 0.06612
0.21714 9.11889 0.06497
0.21764 9.04209 0.06332
0.21815 9.15334 0.06402
0.21866 8.94657 0.06490
0.21916 9.03163 0.06377
0.21967 8.97150 0.06479
0.22018 9.01424 0.06440
0.22068 8.84908 0.06281
0.22119 8.94058 0.06189
0.22170 8.96874 0.06452
0.22220 8.94876 0.06165
0.22271 9.00577 0.06338
0.22322 8.94137 0.06325
0.22372 8.97224 0.06273
0.22423 8.94919 0.06189
0.22474 8.92529 0.06081
0.22524 8.93905 0.06311
0.22575 8.92977 0.06005
0.22626 9.07417 0.06485
0.22676 8.89744 0.06183
0.22727 8.88791 0.06049
0.22778 8.89818 0.06083
0.22828 8.77305 0.06114
0.22879 8.83468 0.06089
0.22930 8.85552 0.06079
0.22980 8.90350 0.05896
0.23031 8.89776 0.05849
0.23082 8.94260 0.06129
0.23132 8.85359 0.06113
0.23183 8.94092 0.06110
0.23234 8.91154 0.05899
0.23284 8.76318 0.05800
0.23335 8.85219 0.05926
0.23386 8.82313 0.05723
0.23436 8.83827 0.05735
0.23487 8.76149 0.05899
0.23538 8.79053 0.05784
0.23588 8.87871 0.05837
0.23639 8.79831 0.05825
0.23690 8.82895 0.05847
0.23740 8.75184 0.05784
0.23791 8.81594 0.05681
0.23842 8.80437 0.05909
0.23892 8.72541 0.05727
0.23943 8.75395 0.05807
0.23994 8.67837 0.05752
0.24044 8.77401 0.05622
0.24095 8.82994 0.05788
0.24145 8.67612 0.05644
0.24196 8.69801 0.05650
0.24247 8.80435 0.05692
0.24297 8.69718 0.05650
0.24348 8.76785 0.05724
0.24399 8.71418 0.05617
0.24449 8.73536 0.05563
0.24500 8.82498 0.05561
0.24551 8.72469 0.05534
0.24601 8.70877 0.05646
0.24652 8.67601 0.05630
0.24703 8.77444 0.05592
0.24753 8.67259 0.05579
0.24804 8.65330 0.05613
0.24855 8.64973 0.05378
0.24905 8.73533 0.05601
0.24956 8.75973 0.05536
0.25007 8.59046 0.05473
0.25057 8.65501 0.05440
0.25108 8.61318 0.05437
0.25159 8.66312 0.05312
0.25209 8.72939 0.05603
0.25260 8.62157 0.05423
0.25311 8.64048 0.05594
0.25361 8.56814 0.05517
0.25412 8.62803 0.05372
0.25463 8.53344 0.05359
0.25513 8.68748 0.05478
0.25564 8.81586 0.05496
0.25615 8.57268 0.05429
0.25665 8.53168 0.05478
0.25716 8.58652 0.05328
0.25767 8.50904 0.05363
0.25817 8.60485 0.05438
0.25868 8.59362 0.05261
0.25919 8.63431 0.05226
0.25969 8.61543 0.05242
0.26020 8.51907 0.05316
0.26071 8.72299 0.05284
0.26121 8.58529 0.05357
0.26172 8.53509 0.05293
0.26223 8.51223 0.05156
0.26273 8.47456 0.05217
0.26324 8.52343 0.05255
0.26375 8.49702 0.05293
0.26425 8.55089 0.05250
0.26476 8.56077 0.05259
0.26527 8.52120 0.05258
0.26577 8.50672 0.05257
0.26628 8.44968 0.05108
0.26679 8.51397 0.05119
0.26729 8.56645 0.05156
0.26780 8.45234 0.05200
0.26831 8.49687 0.05247
0.26881 8.48303 0.05128
0.26932 8.51359 0.05225
0.26983 8.56411 0.05180
0.27033 8.49149 0.05092
0.27084 8.48142 0.05044
0.27134 8.40720 0.05127
0.27185 8.47668 0.04981
0.27236 8.49310 0.05102
0.27286 8.45765 0.05041
0.27337 8.45737 0.05133
0.27388 8.50887 0.05165
0.27438 8.38152 0.05044
0.27489 8.40743 0.05189
0.27540 8.47858 0.05088
0.27590 8.40779 0.05136
0.27641 8.33441 0.04906
0.27692 8.47111 0.04932
0.27742 8.35553 0.04930
0.27793 8.33815 0.04932
0.27844 8.47622 0.04990
0.27894 8.43309 0.04937
0.27945 8.39858 0.04982
0.27996 8.40220 0.04856
0.28046 8.34483 0.04948
0.28097 8.31760 0.04928
0.28148 8.34799 0.04990
0.28198 8.30927 0.04817
0.28249 8.35529 0.04873
0.28300 8.35275 0.04870
0.28350 8.31847 0.04854
0.28401 8.36908 0.04801
0.28452 8.30933 0.04924
0.28502 8.29657 0.04886
0.28553 8.35430 0.04807
0.28604 8.34721 0.04750
0.28654 8.30354 0.04923
0.28705 8.35713 0.04873
0.28756 8.34636 0.04974
0.28806 8.34410 0.04946
0.28857 8.41175 0.04824
0.28908 8.21876 0.04864
0.28958 8.42751 0.04964
0.29009 8.26538 0.04964
0.29059 8.22152 0.04956
0.29110 8.17920 0.04873
0.29161 8.22285 0.04866
0.29211 8.23103 0.04954
0.29262 8.21290 0.04791
0.29313 8.17840 0.04855
0.29363 8.26559 0.04789
0.29414 8.22206 0.04834
0.29465 8.25024 0.04884
0.29515 8.24446 0.04978
0.29566 8.21464 0.04927
0.29617 8.21638 0.04837
0.29667 8.17305 0.04858
0.29718 8.19715 0.04963
0.29769 8.25374 0.04951
0.29819 8.13773 0.04826
0.29870 8.16334 0.05023
0.29921 8.11613 0.04854
0.29971 8.09509 0.04828
0.30022 8.20754 0.04921
0.30073 8.20010 0.04899
0.30123 8.18569 0.04868
0.30174 8.11833 0.04933
0.30225 8.10938 0.04766
0.30275 8.14530 0.04906
0.30326 8.21440 0.04854
0.30377 8.09311 0.04877
0.30427 8.08690 0.04690
0.30478 8.08877 0.04927
0.30529 8.17594 0.04848
0.30579 8.17703 0.04787
0.30630 8.11414 0.04665
0.30680 8.14720 0.04793
0.30731 8.09220 0.04812
0.30782 8.12575 0.04812
0.30832 7.92690 0.04696
0.30883 8.12809 0.04759
0.30934 8.07100 0.04795
0.30984 8.07839 0.04725
0.31035 8.03999 0.05003
0.31086 8.07463 0.04910
0.31136 8.06643 0.04978
0.31187 8.06105 0.04968
0.31238 8.00180 0.04987
0.31288 7.95363 0.04950
0.31339 8.03897 0.05023
0.31390 7.91654 0.05023
0.31440 8.02691 0.05044
0.31491 8.09453 0.05161
0.31542 8.03269 0.05147
0.31592 7.99006 0.05132
0.31643 8.08669 0.05062
0.31694 8.05318 0.05115
0.31744 8.00191 0.05130
0.31795 8.03934 0.05223
0.31845 8.06053 0.05089
0.31896 8.00039 0.05117
0.31947 8.02600 0.05191
0.31997 8.04883 0.05205
0.32048 8.00661 0.05183
0.32099 8.00837 0.05325
0.32149 7.86542 0.05126
0.32200 8.06831 0.05306
0.32251 7.98991 0.05412
0.32301 7.94996 0.05131
0.32352 7.92845 0.05152
0.32403 7.93323 0.05156
0.32453 8.00934 0.05158
0.32504 8.00220 0.05123
0.32555 8.00247 0.05210
0.32605 7.98242 0.05281
0.32656 7.89149 0.05151
0.32707 7.92995 0.05102
0.32757 7.90973 0.05157
0.32808 7.99078 0.05198
0.32859 7.88818 0.05149
0.32909 8.00628 0.05202
0.32960 7.95077 0.05166
0.33010 7.92016 0.05164
0.33061 7.93863 0.05299
0.33112 7.95579 0.05125
0.33162 8.01616 0.05326
0.33213 7.92071 0.05130
0.33264 7.99258 0.05196
0.33314 7.94884 0.05399
0.33365 7.93668 0.05124
0.33416 7.87109 0.05123
0.33466 7.99843 0.05300
0.33517 7.83729 0.05120
0.33568 7.90637 0.05263
0.33618 7.99468 0.05273
0.33669 7.90741 0.05262
0.33720 7.90708 0.05395
0.33770 7.92273 0.05221
0.33821 7.93094 0.05291
0.33872 7.90786 0.05471
0.33922 7.90925 0.05319
0.33973 7.89581 0.05415
0.34023 7.85575 0.05242
0.34074 7.85333 0.05243
0.34125 7.92106 0.05384
0.34175 7.94826 0.05351
0.34226 7.98435 0.05489
0.34277 7.78792 0.05321
0.34327 7.87788 0.05188
0.34378 7.85116 0.05271
0.34429 7.87454 0.05396
0.34479 7.90415 0.05288
0.34530 7.87924 0.05477
0.34581 7.82242 0.05290
0.34631 7.96165 0.05379
0.34682 7.89016 0.05453
0.34733 7.87184 0.05237
0.34783 7.83554 0.05426
0.34834 7.77883 0.05479
0.34884 7.82991 0.05408
0.34935 7.75963 0.05287
0.34986 7.81911 0.05258
0.35036 7.75118 0.05314
0.35087 7.64658 0.05397
0.35138 7.85780 0.05338
0.35188 7.82417 0.05352
0.35239 7.71411 0.05410
0.35290 7.86186 0.05274
0.35340 7.80813 0.05373
0.35391 7.85405 0.05307
0.35442 7.78047 0.05197
0.35492 7.79326 0.05042
0.35543 7.76368 0.05097
0.35594 7.70469 0.05152
0.35644 7.84025 0.05095
0.35695 7.75057 0.05160
0.35745 7.82943 0.05265
0.35796 7.68773 0.05066
0.35847 7.73303 0.05239
0.35897 7.68726 0.05152
0.35948 7.80642 0.05195
0.35999 7.72257 0.05202
0.36049 7.79460 0.05126
0.36100 7.63494 0.05240
0.36151 7.68638 0.05143
0.36201 7.72137 0.05181
0.36252 7.72748 0.05130
0.36303 7.78658 0.05180
0.36353 7.81814 0.05285
0.36404 7.77399 0.05170
0.36455 7.81832 0.05171
0.36505 7.81888 0.05332
0.36556 7.68280 0.05226
0.36606 7.66151 0.05131
0.36657 7.69092 0.05312
0.36708 7.64072 0.05375
0.36758 7.65999 0.05304
0.36809 7.54805 0.05568
0.36860 7.77714 0.05464
0.36910 7.71392 0.05554
0.36961 7.71771 0.05697
0.37012 7.60938 0.05493
0.37062 7.55097 0.05531
0.37113 7.65899 0.05534
0.37164 7.74239 0.05529
0.37214 7.74904 0.05575
0.37265 7.63609 0.05555
0.37315 7.65307 0.05552
0.37366 7.64961 0.05495
0.37417 7.59922 0.05534
0.37467 7.66408 0.05562
0.37518 7.66216 0.05620
0.37569 7.72949 0.05617
0.37619 7.66440 0.05857
0.37670 7.71890 0.05823
0.37721 7.57394 0.05662
0.37771 7.70468 0.05657
0.37822 7.72734 0.05796
0.37873 7.65996 0.05698
0.37923 7.67773 0.05836
0.37974 7.57393 0.05894
0.38024 7.65144 0.05851
0.38075 7.57742 0.05709
0.38126 7.73340 0.06025
0.38176 7.69067 0.05905
0.38227 7.54304 0.05979
0.38278 7.60140 0.05922
0.38328 7.59183 0.06029
0.38379 7.64940 0.05921
0.38430 7.55179 0.05937
0.38480 7.58443 0.05992
0.38531 7.61440 0.06368
0.38582 7.70146 0.06083
0.38632 7.67021 0.06098
0.38683 7.67085 0.06260
0.38733 7.65226 0.06356
0.38784 7.73129 0.06349
0.38835 7.57753 0.06407
0.38885 7.51856 0.06131
0.38936 7.60347 0.06235
0.38987 7.61849 0.06157
0.39037 7.54766 0.06280
0.39088 7.55223 0.06434
0.39139 7.52776 0.06585
0.39189 7.59952 0.06466
0.39240 7.68915 0.06540
0.39290 7.48138 0.06496
0.39341 7.54100 0.06515
0.39392 7.57305 0.07531
0.39442 7.60174 0.06811
0.39493 7.62864 0.06671
0.39544 7.53168 0.06712
0.39594 7.55776 0.06714
0.39645 7.53587 0.07133
0.39696 7.51088 0.06905
0.39746 7.56178 0.06826
0.39797 7.52169 0.06872
0.39847 7.49020 0.06632
0.39898 7.45600 0.06942
0.39949 7.54677 0.06923
0.39999 7.57835 0.06872
0.40050 7.49555 0.06745
0.40101 7.61689 0.06956
0.40151 7.50181 0.06967
0.40202 7.55566 0.06981
0.40253 7.49693 0.07331
0.40303 7.49864 0.07119
0.40354 7.34532 0.07096
0.40405 7.49742 0.07336
0.40455 7.56826 0.07273
0.40506 7.47445 0.07157
0.40556 7.39982 0.07248
0.40607 7.40019 0.06997
0.40658 7.48742 0.07207
0.40708 7.29658 0.07462
0.40759 7.45344 0.07172
0.40810 7.43594 0.07330
0.40860 7.40835 0.07445
0.40911 7.48690 0.07373
0.40962 7.41709 0.07214
0.41012 7.33705 0.07344
0.41063 7.49072 0.07774
0.41113 7.45054 0.07319
0.41164 7.43218 0.07478
0.41215 7.24523 0.07237
0.41265 7.36098 0.07534
0.41316 7.30769 0.07174
0.41367 7.42012 0.07758
0.41417 7.44154 0.07394
0.41468 7.39056 0.07418
0.41518 7.41625 0.07578
0.41569 7.29564 0.07641
0.41620 7.37152 0.07665
0.41670 7.37621 0.07873
0.41721 7.43720 0.07719
0.41772 7.38147 0.07358
0.41822 7.39218 0.07604
0.41873 7.39919 0.07623
0.41924 7.13873 0.07636
0.41974 7.36265 0.07858
0.42025 7.34556 0.07952
0.42075 7.40078 0.07768
0.42126 7.40365 0.07832
0.42177 7.34750 0.08178
0.42227 7.23560 0.08027
0.42278 7.41761 0.08033
0.42329 7.38593 0.08437
0.42379 7.27956 0.07957
0.42430 7.32043 0.08042
0.42481 7.38066 0.08208
0.42531 7.48180 0.08647
0.42582 7.38241 0.08235
0.42632 7.43657 0.08604
0.42683 7.33169 0.08516
0.42734 7.38869 0.08623
0.42784 7.39669 0.08328
0.42835 7.24482 0.08446
0.42886 7.29194 0.08247
0.42936 7.37238 0.08716
0.42987 7.28545 0.08855
0.43037 7.45511 0.08980
0.43088 7.38395 0.09040
0.43139 7.45725 0.08985
0.43189 7.38221 0.09095
0.43240 7.32526 0.08704
0.43291 7.33509 0.09180
0.43341 7.24249 0.09345
0.43392 7.28749 0.09096
0.43443 7.43100 0.09438
0.43493 7.57190 0.09615
0.43544 7.36889 0.09900
0.43594 7.38034 0.10126
0.43645 7.27456 0.09571
0.43696 7.45849 0.09286
0.43746 7.37583 0.10373
0.43797 7.28783 0.10488
0.43848 7.19963 0.10032
0.43898 7.35124 0.10483
0.43949 7.27250 0.10280
0.43999 7.32119 0.10155
