0.01140 1536.18925 62.68922
0.01191 1065.12191 50.56283
0.01242 691.13125 53.18052
0.01292 412.20258 38.60420
0.01343 274.36460 26.47222
0.01394 197.00143 19.05373
0.01444 164.37629 15.69563
0.01495 132.10189 12.94320
0.01546 98.04755 8.19229
0.01596 91.82999 7.85069
0.01647 80.03131 6.32452
0.01698 65.46738 4.58306
0.01748 58.80837 3.92429
0.01799 53.57701 3.39992
0.01850 47.15982 2.83640
0.01900 41.60906 2.32747
0.01951 40.89392 1.87405
0.02002 37.27095 1.60516
0.02052 33.59893 1.23972
0.02103 32.38547 1.17980
0.02154 31.75880 0.92970
0.02204 29.69059 0.76363
0.02255 27.81473 0.68070
0.02306 26.42159 0.58941
0.02356 26.57291 0.56613
0.02407 25.10759 0.47938
0.02458 24.33389 0.42801
0.02509 23.43323 0.38536
0.02559 22.98952 0.35877
0.02610 22.82305 0.30746
0.02661 21.59857 0.27643
0.02711 20.72583 0.25617
0.02762 20.59215 0.23358
0.02813 19.97002 0.22021
0.02863 19.63760 0.22700
0.02914 19.06102 0.21532
0.02965 18.98278 0.21732
0.03015 18.16590 0.20036
0.03066 17.78682 0.18886
0.03117 17.79654 0.18793
0.03167 17.67477 0.19504
0.03218 16.96075 0.18733
0.03269 17.15604 0.18403
0.03319 16.42257 0.16835
0.03370 16.85654 0.17184
0.03421 16.47078 0.18137
0.03471 16.18768 0.17289
0.03522 16.22239 0.17516
0.03573 15.90709 0.16186
0.03623 15.84575 0.17128
0.03674 15.73299 0.16297
0.03725 15.44136 0.15358
0.03775 15.55060 0.15950
0.03826 15.27015 0.15474
0.03877 15.12887 0.15972
0.03927 15.12951 0.15949
0.03978 14.99782 0.14087
0.04029 14.79467 0.15354
0.04080 14.45868 0.14124
0.04130 14.79918 0.15914
0.04181 14.63388 0.13544
0.04232 14.28691 0.14726
0.04282 14.00833 0.14307
0.04333 14.27518 0.14282
0.04384 14.13990 0.14094
0.04434 14.23036 0.13571
0.04485 14.17644 0.13553
0.04536 13.94898 0.14371
0.04586 13.77148 0.13489
0.04637 13.93874 0.13361
0.04688 13.77620 0.13624
0.04738 13.78801 0.13279
0.04789 13.76836 0.12562
0.04840 13.33289 0.12986
0.04890 13.40772 0.12657
0.04941 13.73898 0.12556
0.04992 13.69973 0.12935
0.05042 13.36594 0.12946
0.05093 13.15753 0.12418
0.05144 13.45420 0.12047
0.05194 13.39315 0.11950
0.05245 13.31775 0.12227
0.05296 13.30509 0.12644
0.05346 13.06585 0.11499
0.05397 13.05609 0.11258
0.05448 13.11015 0.11735
0.05498 12.93315 0.12084
0.05549 12.89621 0.11477
0.05600 13.08798 0.11568
0.05650 13.02935 0.11859
0.05701 13.01001 0.11463
0.05752 12.73830 0.11505
0.05803 12.94721 0.11385
0.05853 13.05995 0.10877
0.05904 12.71858 0.11442
0.05955 12.86380 0.11326
0.06005 12.59896 0.11510
0.06056 12.70445 0.11236
0.06107 12.65642 0.11451
0.06157 12.64874 0.10892
0.06208 12.61347 0.10910
0.06259 12.72695 0.10823
0.06309 12.52819 0.10789
0.06360 12.38293 0.10860
0.06411 12.52984 0.10464
0.06461 12.56793 0.10603
0.06512 12.51520 0.10681
0.06563 12.46097 0.10334
0.06613 12.57994 0.10074
0.06664 12.42576 0.10505
0.06715 12.40498 0.10618
0.06765 12.28266 0.10523
0.06816 12.38711 0.09996
0.06867 12.30121 0.10380
0.06917 12.08080 0.10054
0.06968 12.21881 0.09829
0.07019 12.11902 0.10023
0.07069 12.11158 0.10133
0.07120 12.01463 0.09896
0.07171 11.99577 0.09743
0.07221 12.12231 0.09909
0.07272 12.14830 0.09619
0.07323 11.97103 0.09672
0.07373 11.84522 0.10106
0.07424 12.04084 0.09946
0.07475 12.01676 0.09902
0.07526 12.04848 0.09807
0.07576 12.13002 0.09570
0.07627 12.01564 0.09500
0.07678 11.80208 0.09058
0.07728 12.01112 0.09384
0.07779 11.84683 0.09085
0.07830 12.00584 0.09424
0.07880 11.72282 0.09025
0.07931 11.81810 0.09056
0.07982 11.76739 0.09255
0.08032 11.84448 0.09043
0.08083 11.78759 0.09146
0.08134 11.75676 0.09153
0.08184 11.65728 0.09445
0.08235 11.72848 0.09335
0.08286 11.66111 0.09343
0.08336 11.78568 0.09258
0.08387 11.86070 0.09179
0.08438 11.69029 0.09525
0.08488 11.50011 0.09786
0.08539 11.73736 0.09304
0.08590 11.79018 0.09799
0.08640 11.64835 0.09181
0.08691 11.71486 0.09733
0.08742 11.40909 0.09404
0.08792 11.62657 0.09409
0.08843 11.58181 0.09340
0.08894 11.62213 0.09378
0.08944 11.39305 0.09235
0.08995 11.60348 0.09796
0.09046 11.41184 0.09226
0.09096 11.56670 0.09537
0.09147 11.55499 0.09951
0.09198 11.36892 0.09806
0.09248 11.30162 0.09857
0.09299 11.41807 0.09405
0.09350 11.45215 0.09704
0.09401 11.35299 0.09592
0.09451 11.23680 0.09258
0.09502 11.37799 0.09122
0.09553 11.28093 0.09363
0.09603 11.26247 0.09417
0.09654 11.41017 0.09323
0.09705 11.09300 0.09118
0.09755 11.41978 0.09303
0.09806 11.16189 0.09219
0.09857 11.25078 0.09415
0.09907 11.30415 0.09374
0.09958 11.33417 0.09165
0.10009 11.16974 0.09015
0.10059 11.11580 0.08898
0.10110 11.09470 0.09032
0.10161 11.20448 0.08891
0.10211 11.10174 0.08766
0.10262 11.10020 0.08615
0.10313 11.20791 0.09207
0.10363 11.17276 0.09088
0.10414 11.15333 0.09006
0.10465 11.19895 0.09039
0.10515 11.22136 0.08886
0.10566 10.91666 0.08888
0.10617 11.01340 0.08773
0.10667 11.21808 0.09031
0.10718 11.18818 0.08753
0.10769 10.96332 0.08668
0.10819 11.05994 0.08803
0.10870 10.92122 0.08654
0.10921 11.08460 0.08096
0.10971 10.95703 0.08197
0.11022 10.75840 0.08424
0.11073 11.01350 0.08525
0.11123 10.95279 0.08382
0.11174 11.07510 0.08328
0.11225 10.94470 0.08346
0.11275 10.99619 0.08127
0.11326 11.00303 0.08277
0.11377 10.90241 0.08109
0.11428 10.80789 0.08071
0.11478 10.80078 0.08112
0.11529 10.81411 0.08168
0.11580 10.83218 0.07708
0.11630 10.80613 0.07965
0.11681 10.80363 0.07830
0.11732 10.73394 0.07925
0.11782 10.83381 0.07893
0.11833 10.84934 0.07734
0.11884 10.68280 0.07704
0.11934 10.80337 0.07856
0.11985 10.75101 0.07811
0.12036 10.71952 0.07939
0.12086 10.76477 0.07906
0.12137 10.85811 0.07700
0.12188 10.72978 0.07379
0.12238 10.81526 0.07496
0.12289 10.71956 0.07620
0.12340 10.76019 0.07443
0.12390 10.65960 0.07513
0.12441 10.80712 0.07682
0.12492 10.62392 0.07553
0.12542 10.70084 0.07607
0.12593 10.53358 0.07501
0.12644 10.66346 0.07435
0.12694 10.73864 0.07459
0.12745 10.55363 0.07419
0.12796 10.66952 0.07376
0.12846 10.64207 0.07366
0.12897 10.58875 0.07299
0.12948 10.50133 0.07309
0.12998 10.53602 0.06976
0.13049 10.56515 0.07109
0.13100 10.54462 0.06912
0.13150 10.54890 0.06898
0.13201 10.56435 0.07020
0.13252 10.49582 0.06888
0.13302 10.41179 0.06931
0.13353 10.56071 0.07168
0.13404 10.47800 0.06918
0.13454 10.55877 0.07003
0.13505 10.56167 0.06826
0.13556 10.49979 0.06826
0.13606 10.32106 0.06912
0.13657 10.39083 0.06817
0.13708 10.33506 0.06991
0.13758 10.41885 0.07026
0.13809 10.48245 0.06794
0.13860 10.48801 0.06777
0.13911 10.21326 0.06657
0.13961 10.28677 0.06818
0.14012 10.43620 0.06833
0.14063 10.29482 0.06865
0.14113 10.40964 0.06821
0.14164 10.35512 0.06570
0.14215 10.29328 0.06554
0.14265 10.40155 0.06729
0.14316 10.30187 0.06707
0.14367 10.27819 0.06614
0.14417 10.26162 0.06554
0.14468 10.18096 0.06593
0.14519 10.26290 0.06691
0.14569 10.21831 0.06618
0.14620 10.24532 0.06411
0.14671 10.30742 0.06546
0.14721 10.23257 0.06357
0.14772 10.26172 0.06388
0.14823 10.22102 0.06450
0.14873 10.16180 0.06492
0.14924 10.19180 0.06555
0.14975 10.21153 0.06418
0.15025 10.20763 0.06278
0.15076 10.10317 0.06250
0.15127 10.14324 0.06519
0.15177 10.02897 0.06306
0.15228 10.12973 0.06421
0.15279 10.14535 0.06408
0.15329 10.04408 0.06439
0.15380 10.05270 0.06130
0.15431 10.06148 0.06346
0.15481 10.03832 0.06289
0.15532 10.03592 0.06340
0.15583 10.05115 0.06210
0.15633 10.04807 0.06156
0.15684 10.13135 0.06228
0.15735 10.06845 0.06320
0.15785 9.93424 0.06029
0.15836 10.07616 0.06122
0.15887 9.98346 0.06178
0.15937 9.93468 0.06233
0.15988 9.85942 0.06109
0.16039 9.91142 0.06139
0.16089 9.91691 0.06126
0.16140 9.96724 0.06171
0.16191 9.88750 0.06117
0.16241 9.86714 0.05927
0.16292 9.78698 0.06058
0.16343 9.81278 0.06097
0.16393 9.84459 0.06038
0.16444 9.80622 0.06076
0.16495 9.69532 0.05928
0.16545 9.73601 0.05917
0.16596 9.83186 0.05938
0.16647 9.80762 0.06009
0.16697 9.77567 0.05936
0.16748 9.79612 0.05902
0.16799 9.77278 0.05760
0.16849 9.78604 0.05865
0.16900 9.71167 0.05978
0.16951 9.73038 0.05869
0.17001 9.65755 0.05971
0.17052 9.75614 0.05989
0.17103 9.70651 0.05977
0.17153 9.67847 0.05938
0.17204 9.72100 0.06036
0.17255 9.75551 0.05917
0.17305 9.72660 0.05967
0.17356 9.77326 0.05991
0.17407 9.73377 0.06068
0.17457 9.64798 0.05917
0.17508 9.67051 0.06062
0.17559 9.69268 0.06247
0.17610 9.69412 0.06005
0.17660 9.58872 0.06134
0.17711 9.68967 0.06097
0.17762 9.65264 0.06028
0.17812 9.57276 0.05925
0.17863 9.60872 0.05994
0.17914 9.64253 0.05964
0.17964 9.61383 0.06188
0.18015 9.63369 0.06018
0.18066 9.53086 0.06065
0.18116 9.47788 0.06078
0.18167 9.43910 0.06227
0.18218 9.64420 0.06174
0.18268 9.57755 0.06162
0.18319 9.57879 0.06165
0.18370 9.47939 0.06122
0.18420 9.54232 0.06102
0.18471 9.49748 0.06268
0.18522 9.51267 0.06313
0.18572 9.51168 0.06172
0.18623 9.49988 0.06275
0.18674 9.46394 0.06179
0.18724 9.51381 0.06418
0.18775 9.49500 0.06262
0.18826 9.47654 0.06114
0.18876 9.36202 0.06338
0.18927 9.49067 0.06310
0.18978 9.44252 0.06268
0.19028 9.43567 0.06460
0.19079 9.43834 0.06333
0.19130 9.41636 0.06309
0.19180 9.47063 0.06436
0.19231 9.34512 0.06400
0.19282 9.45981 0.06478
0.19332 9.38170 0.06475
0.19383 9.44596 0.06478
0.19434 9.49807 0.06476
0.19484 9.38923 0.06547
0.19535 9.34899 0.06587
0.19586 9.42343 0.06608
0.19636 9.36651 0.06469
0.19687 9.31315 0.06443
0.19738 9.36195 0.06518
0.19788 9.28053 0.06242
0.19839 9.50932 0.06618
0.19890 9.40107 0.06464
0.19940 9.25815 0.06243
0.19991 9.34422 0.06449
0.20042 9.37036 0.06411
0.20092 9.24242 0.06389
0.20143 9.33465 0.06539
0.20194 9.28124 0.06596
0.20244 9.36077 0.06434
0.20295 9.25833 0.06592
0.20346 9.25318 0.06441
0.20396 9.27756 0.06473
0.20447 9.32464 0.06439
0.20498 9.28514 0.06654
0.20548 9.25576 0.06271
0.20599 9.21888 0.06458
0.20650 9.33380 0.06422
0.20700 9.21682 0.06573
0.20751 9.37225 0.06356
0.20802 9.14163 0.06366
0.20852 9.36290 0.06466
0.20903 9.24649 0.06408
0.20954 9.28477 0.06472
0.21004 9.16945 0.06466
0.21055 9.13282 0.06419
0.21106 9.35431 0.06475
0.21156 9.26178 0.06450
0.21207 9.40802 0.06588
0.21258 9.19485 0.06537
0.21308 9.13633 0.06596
0.21359 9.10452 0.06442
0.21410 9.13624 0.06453
0.21460 9.09698 0.06457
0.21511 9.22925 0.06555
0.21562 9.00271 0.06622
0.21612 9.14553 0.06404
0.21663 9.11879 0.06333
0.21714 9.10159 0.06459
0.21764 9.00360 0.06271
0.21815 9.08109 0.06326
0.21866 9.07436 0.06363
0.21916 8.99784 0.06259
0.21967 9.09714 0.06415
0.22018 9.06654 0.06397
0.22068 9.06178 0.06186
0.22119 9.12610 0.06286
0.22170 9.12139 0.06302
0.22220 9.05760 0.06211
0.22271 9.12483 0.06458
0.22322 9.10739 0.06166
0.22372 9.19866 0.06437
0.22423 9.06528 0.06148
0.22474 8.99807 0.06189
0.22524 9.05604 0.06412
0.22575 9.09023 0.06255
0.22626 9.05124 0.06102
0.22676 8.99045 0.06140
0.22727 8.98756 0.06096
0.22778 9.00923 0.06315
0.22828 9.04922 0.06172
0.22879 8.95147 0.06105
0.22930 8.99037 0.06001
0.22980 9.02808 0.06122
0.23031 8.94082 0.06066
0.23082 8.92971 0.06052
0.23132 8.91361 0.05948
0.23183 8.99068 0.06063
0.23234 8.94527 0.05905
0.23284 8.91991 0.05718
0.23335 8.99079 0.05882
0.23386 8.91686 0.05754
0.23436 8.90016 0.05935
0.23487 8.94697 0.05848
0.23538 8.99025 0.05929
0.23588 8.89302 0.06010
0.23639 8.86102 0.05851
0.23690 8.83331 0.05889
0.23740 8.88442 0.05870
0.23791 8.85586 0.05821
0.23842 8.85561 0.05842
0.23892 8.91819 0.05894
0.23943 8.94009 0.05882
0.23994 8.83847 0.05870
0.24044 8.84585 0.05789
0.24095 8.88368 0.05689
0.24145 8.66817 0.05593
0.24196 8.75775 0.05612
0.24247 8.83333 0.05773
0.24297 8.79816 0.05673
0.24348 8.77795 0.05717
0.24399 8.79571 0.05782
0.24449 8.81020 0.05573
0.24500 8.65945 0.05534
0.24551 8.77602 0.05362
0.24601 8.71697 0.05641
0.24652 8.76988 0.05741
0.24703 8.81316 0.05545
0.24753 8.69380 0.05751
0.24804 8.72239 0.05553
0.24855 8.69277 0.05429
0.24905 8.63974 0.05556
0.24956 8.66422 0.05429
0.25007 8.67127 0.05508
0.25057 8.75532 0.05501
0.25108 8.72234 0.05526
0.25159 8.73994 0.05532
0.25209 8.73328 0.05542
0.25260 8.65213 0.05444
0.25311 8.68595 0.05523
0.25361 8.59927 0.05387
0.25412 8.78566 0.05494
0.25463 8.62379 0.05548
0.25513 8.79318 0.05497
0.25564 8.70075 0.05410
0.25615 8.68114 0.05345
0.25665 8.66347 0.05471
0.25716 8.65505 0.05485
0.25767 8.67852 0.05233
0.25817 8.68747 0.05352
0.25868 8.66526 0.05283
0.25919 8.63377 0.05296
0.25969 8.57364 0.05266
0.26020 8.53508 0.05176
0.26071 8.56828 0.05177
0.26121 8.58496 0.05279
0.26172 8.58478 0.05204
0.26223 8.54580 0.05072
0.26273 8.54331 0.05207
0.26324 8.47275 0.05096
0.26375 8.61536 0.05081
0.26425 8.49076 0.05223
0.26476 8.55689 0.05213
0.26527 8.57603 0.05178
0.26577 8.64993 0.05122
0.26628 8.55602 0.05309
0.26679 8.52260 0.05144
0.26729 8.49867 0.05137
0.26780 8.49192 0.05113
0.26831 8.45628 0.05160
0.26881 8.51449 0.05120
0.26932 8.49338 0.05144
0.26983 8.50054 0.05100
0.27033 8.55876 0.05173
0.27084 8.45884 0.05170
0.27134 8.50225 0.05214
0.27185 8.45372 0.05136
0.27236 8.45918 0.04943
0.27286 8.44375 0.05043
0.27337 8.43276 0.05125
0.27388 8.48307 0.05000
0.27438 8.44181 0.05066
0.27489 8.54277 0.05121
0.27540 8.34873 0.05030
0.27590 8.43522 0.05052
0.27641 8.48682 0.05080
0.27692 8.38155 0.04984
0.27742 8.51221 0.04988
0.27793 8.40043 0.04997
0.27844 8.42692 0.04910
0.27894 8.40567 0.04864
0.27945 8.41853 0.05059
0.27996 8.43498 0.04967
0.28046 8.46198 0.05037
0.28097 8.37578 0.04971
0.28148 8.31777 0.04908
0.28198 8.45979 0.04928
0.28249 8.41693 0.04982
0.28300 8.41731 0.05039
0.28350 8.44312 0.04956
0.28401 8.40368 0.04920
0.28452 8.39608 0.04800
0.28502 8.34014 0.04922
0.28553 8.31069 0.04919
0.28604 8.30530 0.04837
0.28654 8.31029 0.04893
0.28705 8.39350 0.04950
0.28756 8.37871 0.04923
0.28806 8.25822 0.04926
0.28857 8.30624 0.04878
0.28908 8.31055 0.04892
0.28958 8.36537 0.04817
0.29009 8.27424 0.04828
0.29059 8.32401 0.04910
0.29110 8.34177 0.04916
0.29161 8.24298 0.04862
0.29211 8.25848 0.04871
0.29262 8.28221 0.04958
0.29313 8.29519 0.04926
0.29363 8.39030 0.04876
0.29414 8.25753 0.05036
0.29465 8.31546 0.04857
0.29515 8.22862 0.04975
0.29566 8.17794 0.04930
0.29617 8.21787 0.04890
0.29667 8.15186 0.04887
0.29718 8.29191 0.04940
0.29769 8.22892 0.04933
0.29819 8.16211 0.04867
0.29870 8.16662 0.04911
0.29921 8.20819 0.04859
0.29971 8.23963 0.04917
0.30022 8.18238 0.04827
0.30073 8.17042 0.04855
0.30123 8.20699 0.04871
0.30174 8.24190 0.04848
0.30225 8.20175 0.04907
0.30275 8.18695 0.04814
0.30326 8.21352 0.04869
0.30377 8.18639 0.04973
0.30427 8.17162 0.04845
0.30478 8.07360 0.04775
0.30529 8.11474 0.04823
0.30579 8.23195 0.04818
0.30630 8.08632 0.04740
0.30680 8.09571 0.04770
0.30731 8.09676 0.04764
0.30782 8.08687 0.04718
0.30832 8.09192 0.04636
0.30883 8.03544 0.04613
0.30934 8.08309 0.04798
0.30984 8.12861 0.04840
0.31035 8.05837 0.04957
0.31086 8.15233 0.04967
0.31136 8.04292 0.04922
0.31187 8.06355 0.04929
0.31238 8.12704 0.05001
0.31288 8.06499 0.05137
0.31339 8.13939 0.05156
0.31390 8.07523 0.04897
0.31440 8.08636 0.05113
0.31491 8.07158 0.05021
0.31542 8.03767 0.05035
0.31592 8.08744 0.04980
0.31643 8.14014 0.05105
0.31694 8.11334 0.05189
0.31744 8.00497 0.05176
0.31795 8.09878 0.05166
0.31845 8.00071 0.05090
0.31896 8.11439 0.05221
0.31947 8.09118 0.05166
0.31997 7.97335 0.05306
0.32048 8.09973 0.05043
0.32099 8.05419 0.05238
0.32149 8.03155 0.05196
0.32200 7.99877 0.05231
0.32251 7.96258 0.05208
0.32301 8.04961 0.05165
0.32352 7.99848 0.05150
0.32403 7.99288 0.05145
0.32453 7.95344 0.05245
0.32504 7.98204 0.05149
0.32555 7.97701 0.05046
0.32605 7.98519 0.05081
0.32656 7.93299 0.05075
0.32707 7.93856 0.05211
0.32757 8.05007 0.05271
0.32808 7.98348 0.05303
0.32859 8.03054 0.05309
0.32909 8.04494 0.05269
0.32960 7.96133 0.05266
0.33010 7.97515 0.05218
0.33061 7.92494 0.05201
0.33112 7.92753 0.05260
0.33162 7.92751 0.05288
0.33213 7.97136 0.05280
0.33264 7.97551 0.05325
0.33314 7.99621 0.05347
0.33365 7.98500 0.05249
0.33416 7.94188 0.05232
0.33466 7.92077 0.05183
0.33517 7.89090 0.05369
0.33568 7.90026 0.05192
0.33618 7.93935 0.05254
0.33669 7.99212 0.05331
0.33720 7.98338 0.05841
0.33770 7.91439 0.05250
0.33821 7.94217 0.05215
0.33872 7.98118 0.05349
0.33922 7.94037 0.05385
0.33973 7.77684 0.05140
0.34023 7.92064 0.05398
0.34074 7.98482 0.05331
0.34125 7.99375 0.05238
0.34175 7.84895 0.05315
0.34226 7.85253 0.05395
0.34277 7.83767 0.05283
0.34327 7.87009 0.05322
0.34378 7.86711 0.05267
0.34429 7.91487 0.05480
0.34479 7.86181 0.05303
0.34530 7.85907 0.05227
0.34581 7.90094 0.05378
0.34631 7.87018 0.05354
0.34682 7.90704 0.05373
0.34733 7.84546 0.05402
0.34783 7.90483 0.05369
0.34834 7.83716 0.05251
0.34884 7.91052 0.05305
0.34935 7.89467 0.05515
0.34986 7.85261 0.05545
0.35036 7.92756 0.05409
0.35087 7.90208 0.05532
0.35138 7.87350 0.05505
0.35188 7.85758 0.05532
0.35239 7.92064 0.05556
0.35290 7.82347 0.05428
0.35340 7.76232 0.05229
0.35391 7.91537 0.05207
0.35442 7.85215 0.05248
0.35492 7.81181 0.05067
0.35543 7.83976 0.05098
0.35594 7.82894 0.05032
0.35644 7.72908 0.05098
0.35695 7.78101 0.05062
0.35745 7.84844 0.05255
0.35796 7.78964 0.05339
0.35847 7.74045 0.05133
0.35897 7.83451 0.05199
0.35948 7.74479 0.05148
0.35999 7.74915 0.05172
0.36049 7.75473 0.05062
0.36100 7.71046 0.05098
0.36151 7.74895 0.05283
0.36201 7.64370 0.05004
0.36252 7.82226 0.05205
0.36303 7.76027 0.05194
0.36353 7.70053 0.05202
0.36404 7.69697 0.05104
0.36455 7.81509 0.05275
0.36505 7.64179 0.05134
0.36556 7.72541 0.05241
0.36606 7.61990 0.05118
0.36657 7.72002 0.05180
0.36708 7.81637 0.05267
0.36758 7.72104 0.05357
0.36809 7.69406 0.05439
0.36860 7.72507 0.05630
0.36910 7.67313 0.05526
0.36961 7.75809 0.05547
0.37012 7.71397 0.05667
0.37062 7.74594 0.05561
0.37113 7.65963 0.05542
0.37164 7.75369 0.05571
0.37214 7.74743 0.05520
0.37265 7.72096 0.05599
0.37315 7.72149 0.05449
0.37366 7.75505 0.05635
0.37417 7.67936 0.05525
0.37467 7.65616 0.05512
0.37518 7.65422 0.05574
0.37569 7.62920 0.05692
0.37619 7.65839 0.05615
0.37670 7.76711 0.05813
0.37721 7.71391 0.05806
0.37771 7.74607 0.05778
0.37822 7.63838 0.05684
0.37873 7.56051 0.05826
0.37923 7.67456 0.05779
0.37974 7.59764 0.05952
0.38024 7.62623 0.05731
0.38075 7.73752 0.05954
0.38126 7.66705 0.05935
0.38176 7.60584 0.05884
0.38227 7.71216 0.06094
0.38278 7.61681 0.06150
0.38328 7.68750 0.06070
0.38379 7.60631 0.06113
0.38430 7.68293 0.05991
0.38480 7.66953 0.06161
0.38531 7.78840 0.06235
0.38582 7.72422 0.06264
0.38632 7.68755 0.06276
0.38683 7.60889 0.06247
0.38733 7.63764 0.06177
0.38784 7.54983 0.06367
0.38835 7.53026 0.06350
0.38885 7.58690 0.06163
0.38936 7.55924 0.06431
0.38987 7.67525 0.06547
0.39037 7.66320 0.06332
0.39088 7.56218 0.06397
0.39139 7.58275 0.06382
0.39189 7.61797 0.06376
0.39240 7.71659 0.06739
0.39290 7.62179 0.06573
0.39341 7.64189 0.06621
0.39392 7.58420 0.06579
0.39442 7.60411 0.06616
0.39493 7.56599 0.06618
0.39544 7.60746 0.06754
0.39594 7.57292 0.06694
0.39645 7.57074 0.06646
0.39696 7.62018 0.06723
0.39746 7.55806 0.06770
0.39797 7.62057 0.06797
0.39847 7.47312 0.06755
0.39898 7.56931 0.06771
0.39949 7.53239 0.06821
0.39999 7.43394 0.07043
0.40050 7.68130 0.07227
0.40101 7.49211 0.06882
0.40151 7.48689 0.07193
0.40202 7.49276 0.07187
0.40253 7.47216 0.06991
0.40303 7.55976 0.07314
0.40354 7.52295 0.07481
0.40405 7.61660 0.07360
0.40455 7.39163 0.07180
0.40506 7.68637 0.07291
0.40556 7.41774 0.07224
0.40607 7.50548 0.06991
0.40658 7.57366 0.07347
0.40708 7.58182 0.07539
0.40759 7.50526 0.07256
0.40810 7.47319 0.07153
0.40860 7.37395 0.07394
0.40911 7.38504 0.07201
0.40962 7.45526 0.07416
0.41012 7.68087 0.07474
0.41063 7.36272 0.07174
0.41113 7.37902 0.07291
0.41164 7.44203 0.07588
0.41215 7.41905 0.07481
0.41265 7.44665 0.07311
0.41316 7.32443 0.07319
0.41367 7.46863 0.07623
0.41417 7.39027 0.07555
0.41468 7.53350 0.07361
0.41518 7.41703 0.07489
0.41569 7.54243 0.07645
0.41620 7.47955 0.07801
0.41670 7.34278 0.07247
0.41721 7.54061 0.07694
0.41772 7.47762 0.07737
0.41822 7.51783 0.07855
0.41873 7.43447 0.07710
0.41924 7.37108 0.07428
0.41974 7.26264 0.07768
0.42025 7.56096 0.08006
0.42075 7.47505 0.07867
0.42126 7.20724 0.07950
0.42177 7.33335 0.07791
0.42227 7.21158 0.07695
0.42278 7.43189 0.07722
0.42329 7.30309 0.08301
0.42379 7.37257 0.07955
0.42430 7.27461 0.08015
0.42481 7.42514 0.08266
0.42531 7.30753 0.08364
0.42582 7.31546 0.08327
0.42632 7.52448 0.08492
0.42683 7.26200 0.08519
0.42734 7.51458 0.08333
0.42784 7.27845 0.08543
0.42835 7.43425 0.08642
0.42886 7.40898 0.08686
0.42936 7.36282 0.08635
0.42987 7.32259 0.08790
0.43037 7.36079 0.08534
0.43088 7.49199 0.08932
0.43139 7.35652 0.09029
0.43189 7.39605 0.09119
0.43240 7.34752 0.09082
0.43291 7.33392 0.09115
0.43341 7.43114 0.09345
0.43392 7.34373 0.09320
0.43443 7.46366 0.09802
0.43493 7.42798 0.09488
0.43544 7.41124 0.10207
0.43594 7.43594 0.10146
0.43645 7.35134 0.10003
0.43696 7.36568 0.09576
0.43746 7.36207 0.10279
0.43797 7.23288 0.09798
0.43848 7.32093 0.10147
0.43898 7.21583 0.10250
0.43949 7.32443 0.09730
0.43999 7.28028 0.10236
