0.01140 1547.18930 63.46109
0.01191 1071.61031 51.70498
0.01242 695.53128 53.05688
0.01292 412.69008 38.45300
0.01343 272.40380 26.49612
0.01394 199.64109 19.26258
0.01444 166.54037 15.77990
0.01495 133.84609 12.96917
0.01546 99.23422 8.50821
0.01596 93.46292 7.92675
0.01647 80.76302 6.43454
0.01698 66.58961 4.67609
0.01748 59.25343 3.93275
0.01799 52.22724 3.21259
0.01850 48.43132 2.84707
0.01900 42.03344 2.18610
0.01951 40.80503 1.86502
0.02002 36.97039 1.64484
0.02052 34.60698 1.35440
0.02103 33.87116 1.17289
0.02154 30.84304 0.89730
0.02204 29.72749 0.80212
0.02255 28.09514 0.62406
0.02306 27.43662 0.60749
0.02356 25.53109 0.49870
0.02407 25.24215 0.45107
0.02458 24.04185 0.38945
0.02509 23.54628 0.35856
0.02559 22.94256 0.36299
0.02610 22.44823 0.31146
0.02661 21.57489 0.27853
0.02711 20.88673 0.25483
0.02762 21.00765 0.24691
0.02813 19.73236 0.21947
0.02863 19.38189 0.21234
0.02914 19.42121 0.20272
0.02965 18.87340 0.21162
0.03015 18.24541 0.19971
0.03066 18.23608 0.17987
0.03117 17.73880 0.19301
0.03167 17.39743 0.18602
0.03218 17.43183 0.18254
0.03269 17.38906 0.17819
0.03319 16.78977 0.17072
0.03370 16.49885 0.18635
0.03421 16.43894 0.18792
0.03471 16.28387 0.16549
0.03522 16.06743 0.17437
0.03573 15.79357 0.17706
0.03623 15.85097 0.16592
0.03674 15.83734 0.16960
0.03725 15.50334 0.16199
0.03775 15.62649 0.15886
0.03826 15.14535 0.16381
0.03877 15.18328 0.15781
0.03927 14.87226 0.15280
0.03978 14.89719 0.13905
0.04029 14.79311 0.15101
0.04080 15.12232 0.14638
0.04130 14.56598 0.13979
0.04181 14.36514 0.14806
0.04232 14.23705 0.14107
0.04282 14.32113 0.13728
0.04333 14.33626 0.14089
0.04384 14.27455 0.13522
0.04434 14.09361 0.13944
0.04485 14.04903 0.13526
0.04536 13.90782 0.13810
0.04586 14.02784 0.13090
0.04637 13.86303 0.13168
0.04688 13.81131 0.13369
0.04738 13.80998 0.13074
0.04789 13.52642 0.12401
0.04840 13.43933 0.12684
0.04890 13.82048 0.12550
0.04941 13.65030 0.13035
0.04992 13.61425 0.12406
0.05042 13.31472 0.13030
0.05093 13.43448 0.12306
0.05144 13.46835 0.12264
0.05194 13.25797 0.12049
0.05245 13.23547 0.12132
0.05296 13.19663 0.11772
0.05346 13.18337 0.12048
0.05397 13.34598 0.12195
0.05448 13.20329 0.11499
0.05498 13.04452 0.11831
0.05549 13.17603 0.11798
0.05600 12.89249 0.11711
0.05650 13.16171 0.12207
0.05701 13.08541 0.11382
0.05752 12.67037 0.11590
0.05803 13.09009 0.11187
0.05853 12.91386 0.11467
0.05904 12.71657 0.10914
0.05955 12.67142 0.11095
0.06005 12.65779 0.10855
0.06056 12.71525 0.10875
0.06107 12.71905 0.11042
0.06157 12.52432 0.11021
0.06208 12.49461 0.10873
0.06259 12.59467 0.10827
0.06309 12.61263 0.10710
0.06360 12.61909 0.10847
0.06411 12.42480 0.10737
0.06461 12.69514 0.10380
0.06512 12.29304 0.10689
0.06563 12.51066 0.10646
0.06613 12.31246 0.10567
0.06664 12.43553 0.10292
0.06715 12.51493 0.10255
0.06765 12.25914 0.10411
0.06816 12.31064 0.10436
0.06867 12.26426 0.10170
0.06917 12.32423 0.10038
0.06968 12.43030 0.10159
0.07019 12.23659 0.10035
0.07069 11.94937 0.09833
0.07120 12.23971 0.09952
0.07171 12.06030 0.09787
0.07221 12.05415 0.09702
0.07272 12.25111 0.10173
0.07323 12.07024 0.10119
0.07373 12.00014 0.09857
0.07424 12.08152 0.10002
0.07475 11.97898 0.09892
0.07526 12.07801 0.09644
0.07576 11.90171 0.09909
0.07627 12.18539 0.09519
0.07678 12.17812 0.09268
0.07728 11.82291 0.09572
0.07779 11.67571 0.09225
0.07830 11.91164 0.09336
0.07880 11.97991 0.09047
0.07931 11.86246 0.09278
0.07982 11.68911 0.09001
0.08032 11.95530 0.09271
0.08083 11.77074 0.09166
0.08134 11.70570 0.09376
0.08184 11.75533 0.09407
0.08235 11.89328 0.09186
0.08286 11.92225 0.09498
0.08336 11.69060 0.09471
0.08387 11.93045 0.09678
0.08438 11.75458 0.09400
0.08488 11.78391 0.09598
0.08539 11.57975 0.09300
0.08590 11.55315 0.09265
0.08640 11.66902 0.09164
0.08691 11.52524 0.09560
0.08742 11.59075 0.09005
0.08792 11.63116 0.09719
0.08843 11.50921 0.09330
0.08894 11.46399 0.09169
0.08944 11.58901 0.09171
0.08995 11.32075 0.09496
0.09046 11.48422 0.09431
0.09096 11.48693 0.09698
0.09147 11.56145 0.09404
0.09198 11.40161 0.09487
0.09248 11.32454 0.09201
0.09299 11.36835 0.09776
0.09350 11.45720 0.09893
0.09401 11.38155 0.09643
0.09451 11.41015 0.09810
0.09502 11.34176 0.09480
0.09553 11.47770 0.09406
0.09603 11.45342 0.09364
0.09654 11.22377 0.09353
0.09705 11.26945 0.09462
0.09755 11.32569 0.09490
0.09806 11.31739 0.09631
0.09857 11.23080 0.09019
0.09907 11.23086 0.09469
0.09958 11.17686 0.09403
0.10009 11.20979 0.09153
0.10059 11.19415 0.08930
0.10110 11.40348 0.09276
0.10161 11.30629 0.08824
0.10211 11.06931 0.08751
0.10262 11.18683 0.08786
0.10313 11.08116 0.08823
0.10363 11.12129 0.09151
0.10414 11.15038 0.08921
0.10465 11.22500 0.08830
0.10515 11.20953 0.08963
0.10566 11.09584 0.08692
0.10617 11.03059 0.08971
0.10667 11.21669 0.08829
0.10718 11.15097 0.08384
0.10769 11.20772 0.08828
0.10819 10.98489 0.08334
0.10870 11.04362 0.08685
0.10921 11.14065 0.08544
0.10971 11.08834 0.08617
0.11022 10.91169 0.08491
0.11073 10.88248 0.08401
0.11123 10.87563 0.08324
0.11174 11.00533 0.08154
0.11225 10.98309 0.08262
0.11275 10.91676 0.08301
0.11326 10.86874 0.08286
0.11377 10.83887 0.07862
0.11428 10.88005 0.07991
0.11478 10.92274 0.08111
0.11529 10.76785 0.08119
0.11580 10.95378 0.08338
0.11630 10.79278 0.07665
0.11681 10.76771 0.07778
0.11732 10.69295 0.07917
0.11782 10.77185 0.07786
0.11833 10.84593 0.07716
0.11884 10.72937 0.07842
0.11934 10.71472 0.08007
0.11985 10.76318 0.07693
0.12036 10.72339 0.07859
0.12086 10.63302 0.07717
0.12137 10.74603 0.07623
0.12188 10.70336 0.07756
0.12238 10.68532 0.07477
0.12289 10.69579 0.07526
0.12340 10.69716 0.07295
0.12390 10.63100 0.07480
0.12441 10.65447 0.07519
0.12492 10.67453 0.07374
0.12542 10.74430 0.07551
0.12593 10.53151 0.07202
0.12644 10.55538 0.07369
0.12694 10.60683 0.07424
0.12745 10.53940 0.07262
0.12796 10.54713 0.07422
0.12846 10.57906 0.07065
0.12897 10.63923 0.07227
0.12948 10.52282 0.07157
0.12998 10.61323 0.07244
0.13049 10.69238 0.07339
0.13100 10.57931 0.07017
0.13150 10.44962 0.06909
0.13201 10.47535 0.07040
0.13252 10.45606 0.07271
0.13302 10.53664 0.06803
0.13353 10.60280 0.06982
0.13404 10.58157 0.07165
0.13454 10.33312 0.06793
0.13505 10.56637 0.07087
0.13556 10.57350 0.07001
0.13606 10.54078 0.06754
0.13657 10.35045 0.06995
0.13708 10.43788 0.06723
0.13758 10.39168 0.06852
0.13809 10.56939 0.06829
0.13860 10.31867 0.06859
0.13911 10.35813 0.06726
0.13961 10.29708 0.06667
0.14012 10.47857 0.06737
0.14063 10.40399 0.06656
0.14113 10.33156 0.06745
0.14164 10.40863 0.06694
0.14215 10.28362 0.06471
0.14265 10.32615 0.06785
0.14316 10.31714 0.06762
0.14367 10.32728 0.06566
0.14417 10.43569 0.06676
0.14468 10.31630 0.06772
0.14519 10.24443 0.06555
0.14569 10.34788 0.06698
0.14620 10.25680 0.06722
0.14671 10.11923 0.06418
0.14721 10.17918 0.06548
0.14772 10.12652 0.06514
0.14823 10.16647 0.06616
0.14873 10.16430 0.06494
0.14924 10.35075 0.06610
0.14975 10.14075 0.06328
0.15025 10.14367 0.06405
0.15076 10.26438 0.06373
0.15127 10.13834 0.06315
0.15177 10.15771 0.06525
0.15228 10.05301 0.06236
0.15279 10.20270 0.06323
0.15329 10.12927 0.06498
0.15380 10.01957 0.06302
0.15431 10.03937 0.06357
0.15481 10.06136 0.06328
0.15532 10.09057 0.06434
0.15583 9.97597 0.06189
0.15633 9.95478 0.06084
0.15684 9.95081 0.06177
0.15735 10.02325 0.06109
0.15785 9.93229 0.06161
0.15836 10.01515 0.06175
0.15887 9.98230 0.06202
0.15937 9.91116 0.06107
0.15988 9.82970 0.05946
0.16039 9.87250 0.06135
0.16089 9.85342 0.06181
0.16140 9.94447 0.06089
0.16191 9.87729 0.06094
0.16241 9.90357 0.06069
0.16292 9.85079 0.05916
0.16343 9.89795 0.06107
0.16393 9.79216 0.06035
0.16444 9.91337 0.06041
0.16495 9.83359 0.05879
0.16545 9.79704 0.06014
0.16596 9.80505 0.05899
0.16647 9.77938 0.05982
0.16697 9.81608 0.05838
0.16748 9.77729 0.06001
0.16799 9.69266 0.05972
0.16849 9.66833 0.05885
0.16900 9.75729 0.05831
0.16951 9.76745 0.06120
0.17001 9.74027 0.05992
0.17052 9.68323 0.05956
0.17103 9.81565 0.06034
0.17153 9.69272 0.05892
0.17204 9.73716 0.06061
0.17255 9.71429 0.06107
0.17305 9.71166 0.06001
0.17356 9.75257 0.06055
0.17407 9.57946 0.05936
0.17457 9.78539 0.06032
0.17508 9.77831 0.05855
0.17559 9.70065 0.06182
0.17610 9.66377 0.05953
0.17660 9.66118 0.06141
0.17711 9.60800 0.05939
0.17762 9.53962 0.06024
0.17812 9.55979 0.05882
0.17863 9.60948 0.05996
0.17914 9.61624 0.06044
0.17964 9.54233 0.05996
0.18015 9.61400 0.06234
0.18066 9.46563 0.06085
0.18116 9.63939 0.06245
0.18167 9.64676 0.06154
0.18218 9.47167 0.06175
0.18268 9.51397 0.06256
0.18319 9.58250 0.06280
0.18370 9.58672 0.06086
0.18420 9.49482 0.06059
0.18471 9.46682 0.06366
0.18522 9.53344 0.06226
0.18572 9.48421 0.06234
0.18623 9.52107 0.06245
0.18674 9.46993 0.06227
0.18724 9.55533 0.06404
0.18775 9.34355 0.06243
0.18826 9.46616 0.06165
0.18876 9.46721 0.06279
0.18927 9.49891 0.06388
0.18978 9.47408 0.06345
0.19028 9.45837 0.06357
0.19079 9.39002 0.06346
0.19130 9.44494 0.06578
0.19180 9.46446 0.06616
0.19231 9.51988 0.06340
0.19282 9.58002 0.06373
0.19332 9.49417 0.06359
0.19383 9.48058 0.06424
0.19434 9.45264 0.06543
0.19484 9.46406 0.06542
0.19535 9.31696 0.06350
0.19586 9.51081 0.06380
0.19636 9.27477 0.06419
0.19687 9.38348 0.06503
0.19738 9.30540 0.06251
0.19788 9.36040 0.06561
0.19839 9.30375 0.06539
0.19890 9.38524 0.06453
0.19940 9.29096 0.06584
0.19991 9.30531 0.06587
0.20042 9.32030 0.06508
0.20092 9.36955 0.06528
0.20143 9.32016 0.06682
0.20194 9.20353 0.06512
0.20244 9.22799 0.06546
0.20295 9.35177 0.06468
0.20346 9.20728 0.06501
0.20396 9.28865 0.06411
0.20447 9.21422 0.06372
0.20498 9.24208 0.06499
0.20548 9.30313 0.06500
0.20599 9.26145 0.06607
0.20650 9.27671 0.06441
0.20700 9.28750 0.06410
0.20751 9.25982 0.06408
0.20802 9.21761 0.06538
0.20852 9.16173 0.06212
0.20903 9.36442 0.06434
0.20954 9.32551 0.06436
0.21004 9.21178 0.06510
0.21055 9.19240 0.06474
0.21106 9.16402 0.06290
0.21156 9.25291 0.06576
0.21207 9.24512 0.06416
0.21258 9.22440 0.06398
0.21308 9.19048 0.06554
0.21359 9.18411 0.06664
0.21410 9.12174 0.06368
0.21460 9.17314 0.06308
0.21511 9.18803 0.06336
0.21562 9.06913 0.06444
0.21612 9.14600 0.06591
0.21663 9.09285 0.06402
0.21714 9.11889 0.06603
0.21764 9.20118 0.06349
0.21815 9.05716 0.06481
0.21866 9.16730 0.06549
0.21916 9.14870 0.06532
0.21967 9.06412 0.06312
0.22018 9.14295 0.06443
0.22068 9.02207 0.06372
0.22119 9.12340 0.06291
0.22170 8.93115 0.06285
0.22220 9.00072 0.06402
0.22271 9.05259 0.06347
0.22322 8.91810 0.06253
0.22372 9.02368 0.06327
0.22423 9.07631 0.06416
0.22474 9.04253 0.06340
0.22524 9.01820 0.06288
0.22575 9.01349 0.06176
0.22626 9.06422 0.06104
0.22676 8.88452 0.06222
0.22727 9.04226 0.06171
0.22778 9.01987 0.06277
0.22828 8.92619 0.05965
0.22879 8.99675 0.06107
0.22930 8.81206 0.06151
0.22980 8.97725 0.06005
0.23031 8.93706 0.06007
0.23082 8.94797 0.06056
0.23132 8.92230 0.06013
0.23183 8.88464 0.05924
0.23234 8.87040 0.05932
0.23284 8.82693 0.05847
0.23335 9.00695 0.05869
0.23386 8.90627 0.05914
0.23436 8.85195 0.05796
0.23487 8.81705 0.05822
0.23538 8.92873 0.05949
0.23588 8.80235 0.05724
0.23639 8.87917 0.05763
0.23690 8.90492 0.05857
0.23740 9.00915 0.05843
0.23791 8.83512 0.05885
0.23842 8.78989 0.05814
0.23892 8.85199 0.05764
0.23943 8.85702 0.05695
0.23994 8.84657 0.05894
0.24044 8.82241 0.05736
0.24095 8.76046 0.05721
0.24145 8.77108 0.05672
0.24196 8.86020 0.05792
0.24247 8.85431 0.05789
0.24297 8.72261 0.05608
0.24348 8.81911 0.05663
0.24399 8.73886 0.05844
0.24449 8.79084 0.05628
0.24500 8.80548 0.05655
0.24551 8.72320 0.05631
0.24601 8.84410 0.05716
0.24652 8.68875 0.05566
0.24703 8.65133 0.05488
0.24753 8.70075 0.05705
0.24804 8.77476 0.05535
0.24855 8.73222 0.05531
0.24905 8.75841 0.05427
0.24956 8.77409 0.05587
0.25007 8.74603 0.05578
0.25057 8.78067 0.05571
0.25108 8.68805 0.05517
0.25159 8.61978 0.05555
0.25209 8.75057 0.05646
0.25260 8.72801 0.05473
0.25311 8.68840 0.05378
0.25361 8.74727 0.05379
0.25412 8.73938 0.05367
0.25463 8.70407 0.05468
0.25513 8.56182 0.05410
0.25564 8.54157 0.05312
0.25615 8.58950 0.05393
0.25665 8.61170 0.05281
0.25716 8.60518 0.05300
0.25767 8.66797 0.05422
0.25817 8.51110 0.05282
0.25868 8.59664 0.05202
0.25919 8.63142 0.05342
0.25969 8.59470 0.05251
0.26020 8.59212 0.05377
0.26071 8.70382 0.05254
0.26121 8.64800 0.05282
0.26172 8.63115 0.05267
0.26223 8.59255 0.05374
0.26273 8.55509 0.05183
0.26324 8.62641 0.05197
0.26375 8.52985 0.05237
0.26425 8.53128 0.05316
0.26476 8.60612 0.05222
0.26527 8.62118 0.05250
0.26577 8.61180 0.05218
0.26628 8.71616 0.05274
0.26679 8.53155 0.05171
0.26729 8.52763 0.05096
0.26780 8.47545 0.05040
0.26831 8.53081 0.05110
0.26881 8.49058 0.05199
0.26932 8.45739 0.05150
0.26983 8.50687 0.05021
0.27033 8.39868 0.05039
0.27084 8.51525 0.05106
0.27134 8.45550 0.05124
0.27185 8.51950 0.05142
0.27236 8.41323 0.04997
0.27286 8.45579 0.04979
0.27337 8.49029 0.05096
0.27388 8.48584 0.05162
0.27438 8.48139 0.05016
0.27489 8.45217 0.04976
0.27540 8.44604 0.04943
0.27590 8.48345 0.04986
0.27641 8.41867 0.04989
0.27692 8.42648 0.04950
0.27742 8.42351 0.04916
0.27793 8.46270 0.04880
0.27844 8.49863 0.05034
0.27894 8.35859 0.04854
0.27945 8.41644 0.04894
0.27996 8.43085 0.04961
0.28046 8.40663 0.04975
0.28097 8.29266 0.04826
0.28148 8.36696 0.04890
0.28198 8.41957 0.04888
0.28249 8.31795 0.04847
0.28300 8.38134 0.04901
0.28350 8.40493 0.04866
0.28401 8.37618 0.04975
0.28452 8.25168 0.04773
0.28502 8.32443 0.04796
0.28553 8.43152 0.04803
0.28604 8.29054 0.04809
0.28654 8.41889 0.04818
0.28705 8.40030 0.04875
0.28756 8.38136 0.04875
0.28806 8.41616 0.04865
0.28857 8.34809 0.04922
0.28908 8.33741 0.04955
0.28958 8.25524 0.04790
0.29009 8.33159 0.04866
0.29059 8.33411 0.04886
0.29110 8.29460 0.04870
0.29161 8.29688 0.04888
0.29211 8.28206 0.04841
0.29262 8.32624 0.04997
0.29313 8.27207 0.04895
0.29363 8.27898 0.04908
0.29414 8.15683 0.04962
0.29465 8.15929 0.04811
0.29515 8.22503 0.04894
0.29566 8.18937 0.04872
0.29617 8.23421 0.04888
0.29667 8.16380 0.04820
0.29718 8.30944 0.05015
0.29769 8.14009 0.04949
0.29819 8.22812 0.04874
0.29870 8.26521 0.04878
0.29921 8.17770 0.04758
0.29971 8.19600 0.04775
0.30022 8.18504 0.04921
0.30073 8.21101 0.04845
0.30123 8.17918 0.04830
0.30174 8.21683 0.04887
0.30225 8.13799 0.04730
0.30275 8.20425 0.04772
0.30326 8.13828 0.04867
0.30377 8.13054 0.04763
0.30427 8.18729 0.04840
0.30478 8.09286 0.04706
0.30529 8.10236 0.04795
0.30579 8.09895 0.04788
0.30630 8.16002 0.04758
0.30680 8.19010 0.04951
0.30731 8.16037 0.04731
0.30782 8.14816 0.04879
0.30832 8.03276 0.04708
0.30883 8.06965 0.04832
0.30934 8.10612 0.04690
0.30984 8.07487 0.04777
0.31035 8.06108 0.04844
0.31086 8.11394 0.04881
0.31136 8.09025 0.04926
0.31187 8.04350 0.05048
0.31238 8.14529 0.05125
0.31288 8.09658 0.05041
0.31339 7.96198 0.05098
0.31390 8.04783 0.05117
0.31440 8.05272 0.05055
0.31491 8.08044 0.05115
0.31542 8.01310 0.05084
0.31592 8.05266 0.04993
0.31643 8.00551 0.05123
0.31694 8.02226 0.05161
0.31744 8.03279 0.05055
0.31795 8.02916 0.05096
0.31845 8.05576 0.05272
0.31896 7.99350 0.05202
0.31947 8.04624 0.05334
0.31997 8.08122 0.05224
0.32048 8.02276 0.05141
0.32099 7.97805 0.05230
0.32149 8.01780 0.05175
0.32200 8.02378 0.05032
0.32251 8.10300 0.05276
0.32301 8.03426 0.05235
0.32352 8.07228 0.05158
0.32403 8.01503 0.05120
0.32453 7.91663 0.05278
0.32504 7.90924 0.05100
0.32555 7.93681 0.05101
0.32605 8.00210 0.05144
0.32656 8.06142 0.05188
0.32707 8.02992 0.05306
0.32757 7.98439 0.05138
0.32808 7.97339 0.05106
0.32859 8.01515 0.05228
0.32909 7.86317 0.05130
0.32960 7.94020 0.05281
0.33010 7.96359 0.05303
0.33061 7.95583 0.05243
0.33112 7.95332 0.05191
0.33162 7.93780 0.05245
0.33213 8.00289 0.05293
0.33264 7.98404 0.05313
0.33314 8.01884 0.05397
0.33365 7.99033 0.05265
0.33416 7.98765 0.05238
0.33466 7.99951 0.05237
0.33517 7.89018 0.05297
0.33568 7.94951 0.05343
0.33618 8.01623 0.05311
0.33669 7.92305 0.05286
0.33720 7.84878 0.05361
0.33770 8.05990 0.05320
0.33821 7.80624 0.05280
0.33872 7.85141 0.05425
0.33922 7.84775 0.05294
0.33973 7.94300 0.05279
0.34023 7.93458 0.05337
0.34074 7.91613 0.05263
0.34125 7.82413 0.05456
0.34175 7.80708 0.05293
0.34226 7.95473 0.05533
0.34277 7.87157 0.05225
0.34327 7.99408 0.05277
0.34378 7.90566 0.05232
0.34429 7.90698 0.05414
0.34479 7.91009 0.05301
0.34530 7.92928 0.05435
0.34581 7.89305 0.05372
0.34631 7.87802 0.05419
0.34682 7.93929 0.05374
0.34733 7.75162 0.05446
0.34783 7.85023 0.05387
0.34834 7.88109 0.05333
0.34884 7.81379 0.05427
0.34935 7.92175 0.05369
0.34986 7.88311 0.05331
0.35036 7.89115 0.05491
0.35087 7.78439 0.05349
0.35138 7.83903 0.05529
0.35188 7.97792 0.05413
0.35239 7.76784 0.05468
0.35290 7.95111 0.05445
0.35340 7.81359 0.05212
0.35391 7.78447 0.05189
0.35442 7.76054 0.05307
0.35492 7.88812 0.05223
0.35543 7.77332 0.05004
0.35594 7.87673 0.05233
0.35644 7.83409 0.05171
0.35695 7.83290 0.05149
0.35745 7.81758 0.05162
0.35796 7.74274 0.05198
0.35847 7.74929 0.05214
0.35897 7.85705 0.05280
0.35948 7.73253 0.05170
0.35999 7.74348 0.05309
0.36049 7.78049 0.05214
0.36100 7.73570 0.05161
0.36151 7.69308 0.05074
0.36201 7.73733 0.05156
0.36252 7.80253 0.05229
0.36303 7.64934 0.05235
0.36353 7.74423 0.05139
0.36404 7.69085 0.05184
0.36455 7.71626 0.05120
0.36505 7.67562 0.05316
0.36556 7.84675 0.05264
0.36606 7.79802 0.05267
0.36657 7.71781 0.05301
0.36708 7.72040 0.05433
0.36758 7.72955 0.05412
0.36809 7.72907 0.05388
0.36860 7.56770 0.05510
0.36910 7.69448 0.05684
0.36961 7.63390 0.05466
0.37012 7.68348 0.05607
0.37062 7.66193 0.05605
0.37113 7.63624 0.05514
0.37164 7.66602 0.05513
0.37214 7.71483 0.05578
0.37265 7.71690 0.05563
0.37315 7.76054 0.05553
0.37366 7.73503 0.05646
0.37417 7.64597 0.05636
0.37467 7.66117 0.05566
0.37518 7.66007 0.05722
0.37569 7.79925 0.05768
0.37619 7.65496 0.05613
0.37670 7.68231 0.05532
0.37721 7.70170 0.05876
0.37771 7.69147 0.05673
0.37822 7.72513 0.05790
0.37873 7.69831 0.05820
0.37923 7.61751 0.05719
0.37974 7.76137 0.05971
0.38024 7.69956 0.05843
0.38075 7.65793 0.05938
0.38126 7.62516 0.05885
0.38176 7.67606 0.06089
0.38227 7.61430 0.05894
0.38278 7.63975 0.06179
0.38328 7.71955 0.06059
0.38379 7.57987 0.06174
0.38430 7.67123 0.06130
0.38480 7.61429 0.05968
0.38531 7.59026 0.06089
0.38582 7.61140 0.06198
0.38632 7.66970 0.06393
0.38683 7.65330 0.06157
0.38733 7.70289 0.06379
0.38784 7.60909 0.06196
0.38835 7.53499 0.06213
0.38885 7.71766 0.06434
0.38936 7.59808 0.06307
0.38987 7.53170 0.06285
0.39037 7.55423 0.06577
0.39088 7.68440 0.06419
0.39139 7.66074 0.06366
0.39189 7.50669 0.06577
0.39240 7.51996 0.06610
0.39290 7.67380 0.06603
0.39341 7.68596 0.06536
0.39392 7.55397 0.06605
0.39442 7.55717 0.06460
0.39493 7.68533 0.06744
0.39544 7.51966 0.06611
0.39594 7.57656 0.06734
0.39645 7.45753 0.06766
0.39696 7.50464 0.06847
0.39746 7.62126 0.06981
0.39797 7.52297 0.06737
0.39847 7.65790 0.06966
0.39898 7.44434 0.06868
0.39949 7.55853 0.07055
0.39999 7.55450 0.07093
0.40050 7.53163 0.07165
0.40101 7.39819 0.06865
0.40151 7.42925 0.07033
0.40202 7.53008 0.07264
0.40253 7.45909 0.07054
0.40303 7.42433 0.07126
0.40354 7.45218 0.07115
0.40405 7.45369 0.07139
0.40455 7.39305 0.07254
0.40506 7.43279 0.07082
0.40556 7.65358 0.07420
0.40607 7.47716 0.07358
0.40658 7.57147 0.07483
0.40708 7.53896 0.07371
0.40759 7.62569 0.07203
0.40810 7.55515 0.07153
0.40860 7.52052 0.07546
0.40911 7.48540 0.07254
0.40962 7.52411 0.07307
0.41012 7.31142 0.07512
0.41063 7.51117 0.07356
0.41113 7.58983 0.07633
0.41164 7.50116 0.07649
0.41215 7.49009 0.07654
0.41265 7.38392 0.07408
0.41316 7.44237 0.06969
0.41367 7.24418 0.07074
0.41417 7.36774 0.07470
0.41468 7.40209 0.07612
0.41518 7.37620 0.07432
0.41569 7.27057 0.07686
0.41620 7.35631 0.07902
0.41670 7.38258 0.07491
0.41721 7.34742 0.07506
0.41772 7.44045 0.07528
0.41822 7.51212 0.07547
0.41873 7.47960 0.07930
0.41924 7.25243 0.07630
0.41974 7.38723 0.07807
0.42025 7.47163 0.07884
0.42075 7.50614 0.07883
0.42126 7.61807 0.08179
0.42177 7.27854 0.08129
0.42227 7.40017 0.07971
0.42278 7.41404 0.08119
0.42329 7.45589 0.08326
0.42379 7.48152 0.08369
0.42430 7.26339 0.08273
0.42481 7.37687 0.08165
0.42531 7.26036 0.08488
0.42582 7.37174 0.08490
0.42632 7.52839 0.08675
0.42683 7.39331 0.08313
0.42734 7.50160 0.08610
0.42784 7.30903 0.08726
0.42835 7.36179 0.08570
0.42886 7.44012 0.08881
0.42936 7.30120 0.08623
0.42987 7.41873 0.08575
0.43037 7.28923 0.08695
0.43088 7.25565 0.08686
0.43139 7.57495 0.09301
0.43189 7.29683 0.09152
0.43240 7.46933 0.09823
0.43291 7.33509 0.09117
0.43341 7.37914 0.09566
0.43392 7.45620 0.09490
0.43443 7.22877 0.09637
0.43493 7.53781 0.09525
0.43544 7.33167 0.09550
0.43594 7.50345 0.09524
0.43645 7.38576 0.09957
0.43696 7.13970 0.09492
0.43746 7.38134 0.10229
0.43797 7.24697 0.10050
0.43848 7.45365 0.10284
0.43898 7.44879 0.10579
0.43949 7.26508 0.10390
0.43999 7.37573 0.10353
