0.01140 1548.43173 62.87828
0.01191 1072.79636 52.25851
0.01242 698.33129 52.87845
0.01292 409.51506 38.49315
0.01343 273.28616 25.81999
0.01394 202.75823 19.27052
0.01444 166.69662 15.49317
0.01495 136.95464 13.03189
0.01546 103.70760 8.35731
0.01596 95.03256 7.76776
0.01647 84.11671 6.33424
0.01698 70.99522 4.77784
0.01748 61.74105 4.08503
0.01799 57.73962 3.38105
0.01850 52.83732 2.88119
0.01900 46.66261 2.22557
0.01951 44.55421 1.86039
0.02002 40.99631 1.56109
0.02052 38.39821 1.33299
0.02103 36.38401 1.20657
0.02154 35.21386 0.87807
0.02204 34.14823 0.81997
0.02255 32.16224 0.63140
0.02306 31.02030 0.61844
0.02356 30.24903 0.56535
0.02407 28.58905 0.47074
0.02458 28.34385 0.42504
0.02509 27.80638 0.37590
0.02559 26.68937 0.36090
0.02610 26.53594 0.33290
0.02661 25.38511 0.27541
0.02711 24.47098 0.29310
0.02762 24.51245 0.24570
0.02813 23.38424 0.22582
0.02863 22.98702 0.22747
0.02914 22.97390 0.23748
0.02965 22.88023 0.23732
0.03015 22.62631 0.21874
0.03066 22.24486 0.20440
0.03117 21.78432 0.21265
0.03167 21.14049 0.20743
0.03218 20.79524 0.20657
0.03269 21.25330 0.19975
0.03319 20.89932 0.20928
0.03370 20.54209 0.19416
0.03421 20.24810 0.20277
0.03471 20.26591 0.18712
0.03522 20.35232 0.18914
0.03573 19.72709 0.19318
0.03623 19.81633 0.18101
0.03674 19.70189 0.18132
0.03725 19.59903 0.18207
0.03775 19.26918 0.17474
0.03826 19.25231 0.18700
0.03877 18.94349 0.17895
0.03927 19.40630 0.17561
0.03978 18.73179 0.16687
0.04029 18.94181 0.17530
0.04080 18.36369 0.16614
0.04130 18.58567 0.16877
0.04181 18.10548 0.16263
0.04232 18.44995 0.16172
0.04282 18.48735 0.16143
0.04333 18.26410 0.16177
0.04384 18.11494 0.15553
0.04434 17.90743 0.15624
0.04485 18.11921 0.16109
0.04536 17.79428 0.15108
0.04586 18.00279 0.14979
0.04637 17.77305 0.14867
0.04688 17.75573 0.15217
0.04738 17.64881 0.15575
0.04789 17.58241 0.15637
0.04840 17.25527 0.14663
0.04890 17.30708 0.14703
0.04941 17.31936 0.13919
0.04992 17.47176 0.14022
0.05042 17.58099 0.14340
0.05093 17.28338 0.13655
0.05144 17.86385 0.14298
0.05194 17.28702 0.12948
0.05245 17.02730 0.13946
0.05296 17.08290 0.13662
0.05346 17.16799 0.13263
0.05397 17.11675 0.13281
0.05448 16.96092 0.14025
0.05498 16.93141 0.13082
0.05549 17.01372 0.12771
0.05600 16.91889 0.13453
0.05650 16.91350 0.13356
0.05701 16.93930 0.13192
0.05752 16.63849 0.13192
0.05803 16.62292 0.12797
0.05853 16.84799 0.12747
0.05904 16.45904 0.13056
0.05955 16.50578 0.12973
0.06005 16.48285 0.13018
0.06056 16.35757 0.12569
0.06107 16.05221 0.12118
0.06157 16.72302 0.12709
0.06208 16.72809 0.12426
0.06259 16.42018 0.12136
0.06309 16.47908 0.12036
0.06360 16.19162 0.12349
0.06411 16.44188 0.12486
0.06461 16.39066 0.11983
0.06512 16.32996 0.11695
0.06563 16.32702 0.11892
0.06613 16.28093 0.12102
0.06664 15.95123 0.12129
0.06715 16.12770 0.12033
0.06765 16.36265 0.12141
0.06816 16.28007 0.11906
0.06867 16.04158 0.11325
0.06917 16.02858 0.11234
0.06968 16.03418 0.11720
0.07019 16.09375 0.12020
0.07069 16.04175 0.12095
0.07120 15.99904 0.11723
0.07171 15.91797 0.11051
0.07221 16.12805 0.11882
0.07272 15.93473 0.11306
0.07323 15.93556 0.11184
0.07373 16.16067 0.11504
0.07424 15.78167 0.11258
0.07475 15.76816 0.11088
0.07526 15.79911 0.11028
0.07576 15.87309 0.11028
0.07627 15.78666 0.10656
0.07678 15.71875 0.10748
0.07728 15.71987 0.10734
0.07779 15.52369 0.10506
0.07830 15.61133 0.10689
0.07880 15.87492 0.10882
0.07931 15.71262 0.10538
0.07982 15.70532 0.10332
0.08032 15.44479 0.10318
0.08083 15.61787 0.10823
0.08134 15.64815 0.10689
0.08184 15.62259 0.10946
0.08235 15.67765 0.10878
0.08286 15.63316 0.11011
0.08336 15.49846 0.10567
0.08387 15.47624 0.10593
0.08438 15.53909 0.10625
0.08488 15.53146 0.10631
0.08539 15.35022 0.10793
0.08590 15.44766 0.11124
0.08640 15.30970 0.10916
0.08691 15.28689 0.10925
0.08742 15.29355 0.10797
0.08792 15.39604 0.10478
0.08843 15.44853 0.10692
0.08894 15.51051 0.10935
0.08944 15.31986 0.10616
0.08995 15.37578 0.10606
0.09046 15.34759 0.10357
0.09096 15.22577 0.11044
0.09147 15.05895 0.11132
0.09198 14.99593 0.10989
0.09248 15.16951 0.11117
0.09299 15.15918 0.10421
0.09350 15.11361 0.11155
0.09401 14.97984 0.11064
0.09451 15.31531 0.11414
0.09502 15.14309 0.10919
0.09553 15.07850 0.10896
0.09603 14.93851 0.10742
0.09654 15.06677 0.10806
0.09705 15.07682 0.10436
0.09755 14.96697 0.10777
0.09806 14.99946 0.10769
0.09857 14.91575 0.10642
0.09907 15.05557 0.10870
0.09958 14.83326 0.10497
0.10009 15.10178 0.10896
0.10059 14.96972 0.10834
0.10110 14.99780 0.10474
0.10161 14.92328 0.10106
0.10211 14.99760 0.10243
0.10262 14.74484 0.10013
0.10313 14.82787 0.10199
0.10363 14.94897 0.10286
0.10414 14.71774 0.10330
0.10465 14.75477 0.10493
0.10515 14.81122 0.10600
0.10566 14.68919 0.10237
0.10617 14.75448 0.10048
0.10667 14.54590 0.10057
0.10718 14.79102 0.09704
0.10769 14.59045 0.09642
0.10819 14.65434 0.09947
0.10870 14.51596 0.09695
0.10921 14.68366 0.09466
0.10971 14.50124 0.09758
0.11022 14.37549 0.09506
0.11073 14.69548 0.09673
0.11123 14.66443 0.09514
0.11174 14.63535 0.09418
0.11225 14.46870 0.09520
0.11275 14.58380 0.09412
0.11326 14.50019 0.09571
0.11377 14.70660 0.09200
0.11428 14.64256 0.09511
0.11478 14.40854 0.09201
0.11529 14.43364 0.09387
0.11580 14.53381 0.09368
0.11630 14.41127 0.09091
0.11681 14.39673 0.09258
0.11732 14.46242 0.08945
0.11782 14.47625 0.09019
0.11833 14.35322 0.09034
0.11884 14.37242 0.08893
0.11934 14.40920 0.09030
0.11985 14.26735 0.08608
0.12036 14.25247 0.08799
0.12086 14.21962 0.08850
0.12137 14.39073 0.08976
0.12188 14.30943 0.08828
0.12238 14.25124 0.08869
0.12289 14.28914 0.08962
0.12340 14.29219 0.08648
0.12390 14.45328 0.08771
0.12441 14.20000 0.08482
0.12492 14.06278 0.08508
0.12542 14.20679 0.08660
0.12593 14.23178 0.08585
0.12644 14.27190 0.08528
0.12694 14.25391 0.08596
0.12745 14.23751 0.08600
0.12796 14.25368 0.08663
0.12846 14.13701 0.08329
0.12897 14.20197 0.08089
0.12948 14.07908 0.08459
0.12998 14.16209 0.08440
0.13049 14.09767 0.08240
0.13100 14.17056 0.08408
0.13150 14.16028 0.08048
0.13201 13.93875 0.08244
0.13252 14.18403 0.08003
0.13302 14.12070 0.08018
0.13353 14.08488 0.08095
0.13404 13.98422 0.08001
0.13454 13.95237 0.07998
0.13505 13.88969 0.08125
0.13556 13.98199 0.07823
0.13606 13.83650 0.07996
0.13657 13.92800 0.08016
0.13708 13.88168 0.07820
0.13758 13.85307 0.08173
0.13809 13.89967 0.07881
0.13860 13.87397 0.07845
0.13911 13.86609 0.07551
0.13961 13.84163 0.07571
0.14012 13.87509 0.07708
0.14063 13.76311 0.07704
0.14113 13.79346 0.07803
0.14164 13.68681 0.07632
0.14215 13.84755 0.07748
0.14265 13.84492 0.07665
0.14316 13.76301 0.07625
0.14367 13.59726 0.07694
0.14417 13.64631 0.07384
0.14468 13.65019 0.07476
0.14519 13.68115 0.07686
0.14569 13.54879 0.07628
0.14620 13.61631 0.07611
0.14671 13.53210 0.07533
0.14721 13.59229 0.07415
0.14772 13.38858 0.07494
0.14823 13.47277 0.07479
0.14873 13.35131 0.07508
0.14924 13.45014 0.07395
0.14975 13.53038 0.07292
0.15025 13.57436 0.07362
0.15076 13.37901 0.07440
0.15127 13.41501 0.07387
0.15177 13.30466 0.07411
0.15228 13.37347 0.07196
0.15279 13.30688 0.07358
0.15329 13.34336 0.07295
0.15380 13.39562 0.07341
0.15431 13.24025 0.07433
0.15481 13.32442 0.07287
0.15532 13.29460 0.07150
0.15583 13.31612 0.06981
0.15633 13.27921 0.07304
0.15684 13.33706 0.07262
0.15735 13.35460 0.07085
0.15785 13.12419 0.07163
0.15836 13.23278 0.07035
0.15887 13.11889 0.07064
0.15937 13.09846 0.07122
0.15988 13.08683 0.06904
0.16039 13.20624 0.06862
0.16089 13.04805 0.07050
0.16140 13.18733 0.06963
0.16191 13.13479 0.07109
0.16241 13.04112 0.07126
0.16292 13.04231 0.06799
0.16343 12.94028 0.07046
0.16393 13.04518 0.06906
0.16444 13.05741 0.06810
0.16495 13.04693 0.06994
0.16545 12.90427 0.07102
0.16596 12.93422 0.06871
0.16647 12.88822 0.06898
0.16697 12.90815 0.06844
0.16748 12.80301 0.06733
0.16799 12.85294 0.06824
0.16849 12.99058 0.06786
0.16900 12.97025 0.06782
0.16951 12.91300 0.06634
0.17001 12.84327 0.06902
0.17052 12.86078 0.06796
0.17103 12.76912 0.06814
0.17153 12.71115 0.06987
0.17204 12.79247 0.06901
0.17255 12.76768 0.06794
0.17305 12.74728 0.06872
0.17356 12.76323 0.06950
0.17407 12.74260 0.06915
0.17457 12.72294 0.06886
0.17508 12.56884 0.06765
0.17559 12.71412 0.06838
0.17610 12.73302 0.06861
0.17660 12.68796 0.06875
0.17711 12.61544 0.06844
0.17762 12.55395 0.06712
0.17812 12.65888 0.06847
0.17863 12.67606 0.06986
0.17914 12.54035 0.06829
0.17964 12.51431 0.06930
0.18015 12.60045 0.06966
0.18066 12.56068 0.07158
0.18116 12.49742 0.07145
0.18167 12.48651 0.07008
0.18218 12.44862 0.07084
0.18268 12.49008 0.07086
0.18319 12.55218 0.07017
0.18370 12.53823 0.06868
0.18420 12.44294 0.07094
0.18471 12.45357 0.07351
0.18522 12.55016 0.07140
0.18572 12.55543 0.07194
0.18623 12.40095 0.07335
0.18674 12.43425 0.07314
0.18724 12.40278 0.07181
0.18775 12.49396 0.07152
0.18826 12.44996 0.07229
0.18876 12.43495 0.07042
0.18927 12.37423 0.07263
0.18978 12.39693 0.07276
0.19028 12.55514 0.07403
0.19079 12.31697 0.07346
0.19130 12.34238 0.07265
0.19180 12.46655 0.07485
0.19231 12.23560 0.07234
0.19282 12.25997 0.07139
0.19332 12.31020 0.07194
0.19383 12.40551 0.07400
0.19434 12.16522 0.07264
0.19484 12.19874 0.07306
0.19535 12.22351 0.07325
0.19586 12.25404 0.07539
0.19636 12.20957 0.07209
0.19687 12.11627 0.07433
0.19738 12.18962 0.07308
0.19788 12.17127 0.07227
0.19839 12.18173 0.07437
0.19890 12.14829 0.07275
0.19940 12.12928 0.07480
0.19991 12.19326 0.07233
0.20042 12.09883 0.07394
0.20092 12.10724 0.07210
0.20143 12.14327 0.07415
0.20194 12.10908 0.07501
0.20244 12.02739 0.07276
0.20295 12.10068 0.07516
0.20346 11.99269 0.07351
0.20396 12.14329 0.07345
0.20447 12.05277 0.07393
0.20498 11.99229 0.07286
0.20548 12.08271 0.07375
0.20599 12.02212 0.07401
0.20650 11.93357 0.07259
0.20700 11.88049 0.07357
0.20751 11.94005 0.07186
0.20802 12.13695 0.07263
0.20852 11.93670 0.07447
0.20903 11.92297 0.07259
0.20954 12.03114 0.07299
0.21004 11.94754 0.07180
0.21055 11.94901 0.07385
0.21106 12.03382 0.07349
0.21156 11.84389 0.07283
0.21207 12.05846 0.07229
0.21258 11.91638 0.06956
0.21308 11.88862 0.07289
0.21359 11.81548 0.07293
0.21410 11.88343 0.07373
0.21460 11.78080 0.07163
0.21511 11.78585 0.07307
0.21562 11.88513 0.07372
0.21612 11.66775 0.07435
0.21663 11.77411 0.07363
0.21714 11.78967 0.07281
0.21764 11.81525 0.07123
0.21815 11.77877 0.07339
0.21866 11.78765 0.07346
0.21916 11.84843 0.07445
0.21967 11.75979 0.07436
0.22018 11.66472 0.07322
0.22068 11.68360 0.07611
0.22119 11.69728 0.07146
0.22170 11.61620 0.07296
0.22220 11.62085 0.07178
0.22271 11.60669 0.07146
0.22322 11.65453 0.07328
0.22372 11.61934 0.07176
0.22423 11.57281 0.07159
0.22474 11.53415 0.07063
0.22524 11.60489 0.07192
0.22575 11.63443 0.07097
0.22626 11.45628 0.07017
0.22676 11.51375 0.07005
0.22727 11.50085 0.06924
0.22778 11.54726 0.07012
0.22828 11.46605 0.06984
0.22879 11.39521 0.06989
0.22930 11.52520 0.07107
0.22980 11.46467 0.06944
0.23031 11.45915 0.06933
0.23082 11.37983 0.06833
0.23132 11.36273 0.06849
0.23183 11.35962 0.06757
0.23234 11.44600 0.06782
0.23284 11.38864 0.06630
0.23335 11.37769 0.06741
0.23386 11.30053 0.06710
0.23436 11.32391 0.06491
0.23487 11.26466 0.06612
0.23538 11.30851 0.06566
0.23588 11.45809 0.06705
0.23639 11.24913 0.06638
0.23690 11.33184 0.06672
0.23740 11.21162 0.06460
0.23791 11.21872 0.06685
0.23842 11.32566 0.06605
0.23892 11.15915 0.06476
0.23943 11.12530 0.06472
0.23994 11.18783 0.06606
0.24044 11.21106 0.06472
0.24095 11.16650 0.06543
0.24145 11.22360 0.06546
0.24196 11.28443 0.06627
0.24247 11.17963 0.06516
0.24297 11.13224 0.06455
0.24348 11.18813 0.06197
0.24399 11.15789 0.06376
0.24449 11.10788 0.06481
0.24500 11.19969 0.06324
0.24551 11.24748 0.06379
0.24601 11.21220 0.06420
0.24652 11.12499 0.06283
0.24703 11.10613 0.06399
0.24753 11.12351 0.06473
0.24804 11.09399 0.06408
0.24855 11.12078 0.06119
0.24905 10.93783 0.06211
0.24956 11.05360 0.06134
0.25007 11.05027 0.06006
0.25057 11.01225 0.06194
0.25108 11.01498 0.06306
0.25159 10.97425 0.06077
0.25209 11.02086 0.06155
0.25260 11.16502 0.06105
0.25311 11.00820 0.06162
0.25361 11.01164 0.06096
0.25412 10.97372 0.06233
0.25463 10.89329 0.06077
0.25513 10.94766 0.06039
0.25564 10.89631 0.06177
0.25615 10.91072 0.06187
0.25665 10.96181 0.05995
0.25716 10.98184 0.06046
0.25767 10.93349 0.05967
0.25817 10.86162 0.05964
0.25868 10.92507 0.05840
0.25919 10.80403 0.06057
0.25969 10.85303 0.05871
0.26020 10.73048 0.05978
0.26071 10.87407 0.05936
0.26121 10.78205 0.05922
0.26172 10.86041 0.05820
0.26223 10.95932 0.06058
0.26273 10.91172 0.05812
0.26324 10.79952 0.05836
0.26375 10.81196 0.05618
0.26425 10.69556 0.05851
0.26476 10.91829 0.05904
0.26527 10.82824 0.05959
0.26577 10.66248 0.05704
0.26628 10.73941 0.05797
0.26679 10.88084 0.05818
0.26729 10.70855 0.05744
0.26780 10.63398 0.05814
0.26831 10.74025 0.05750
0.26881 10.72992 0.05718
0.26932 10.68111 0.05758
0.26983 10.68142 0.05810
0.27033 10.54655 0.05684
0.27084 10.70545 0.05768
0.27134 10.67347 0.05584
0.27185 10.67234 0.05761
0.27236 10.72432 0.05720
0.27286 10.64223 0.05749
0.27337 10.64101 0.05722
0.27388 10.64645 0.05702
0.27438 10.59351 0.05547
0.27489 10.60935 0.05602
0.27540 10.64719 0.05709
0.27590 10.49360 0.05649
0.27641 10.60015 0.05650
0.27692 10.50829 0.05650
0.27742 10.46857 0.05504
0.27793 10.64640 0.05644
0.27844 10.58415 0.05557
0.27894 10.57653 0.05612
0.27945 10.45796 0.05506
0.27996 10.41332 0.05532
0.28046 10.44498 0.05544
0.28097 10.44220 0.05601
0.28148 10.46292 0.05630
0.28198 10.44884 0.05489
0.28249 10.54494 0.05579
0.28300 10.46216 0.05465
0.28350 10.39727 0.05499
0.28401 10.46882 0.05496
0.28452 10.37680 0.05493
0.28502 10.40576 0.05374
0.28553 10.39396 0.05396
0.28604 10.39195 0.05447
0.28654 10.29204 0.05489
0.28705 10.48241 0.05467
0.28756 10.34545 0.05389
0.28806 10.20615 0.05469
0.28857 10.37786 0.05606
0.28908 10.37267 0.05421
0.28958 10.34570 0.05484
0.29009 10.34879 0.05451
0.29059 10.34426 0.05459
0.29110 10.35816 0.05426
0.29161 10.21171 0.05406
0.29211 10.27886 0.05524
0.29262 10.20649 0.05444
0.29313 10.28087 0.05361
0.29363 10.21516 0.05329
0.29414 10.21106 0.05479
0.29465 10.30697 0.05385
0.29515 10.20402 0.05559
0.29566 10.16430 0.05477
0.29617 10.32338 0.05458
0.29667 10.19035 0.05448
0.29718 10.18770 0.05502
0.29769 10.14819 0.05504
0.29819 10.20026 0.05428
0.29870 10.14319 0.05443
0.29921 10.09824 0.05382
0.29971 10.26296 0.05452
0.30022 10.23589 0.05459
0.30073 10.05659 0.05367
0.30123 10.20312 0.05440
0.30174 10.10184 0.05487
0.30225 10.09966 0.05501
0.30275 10.13397 0.05318
0.30326 10.12827 0.05405
0.30377 10.08392 0.05477
0.30427 9.99053 0.05369
0.30478 10.09076 0.05327
0.30529 10.00690 0.05276
0.30579 10.09079 0.05302
0.30630 10.00703 0.05245
0.30680 9.87795 0.05250
0.30731 9.95752 0.05215
0.30782 9.95152 0.05167
0.30832 10.00026 0.05324
0.30883 9.94026 0.05203
0.30934 9.98664 0.05336
0.30984 9.92231 0.05250
0.31035 10.00319 0.05417
0.31086 9.89475 0.05432
0.31136 9.90695 0.05413
0.31187 10.00000 0.05542
0.31238 9.96158 0.05630
0.31288 9.95584 0.05711
0.31339 9.96835 0.05551
0.31390 9.92426 0.05626
0.31440 9.80693 0.05589
0.31491 9.90392 0.05661
0.31542 9.92828 0.05880
0.31592 9.95710 0.05685
0.31643 9.90340 0.05735
0.31694 9.86204 0.05667
0.31744 9.86117 0.05741
0.31795 9.78639 0.05762
0.31845 9.92331 0.05730
0.31896 9.86505 0.05683
0.31947 9.77499 0.05753
0.31997 9.80038 0.05701
0.32048 9.76895 0.05717
0.32099 9.71182 0.05779
0.32149 9.69152 0.05671
0.32200 9.78111 0.05816
0.32251 9.74415 0.05763
0.32301 9.81407 0.05826
0.32352 9.78185 0.05574
0.32403 9.73658 0.05742
0.32453 9.70023 0.05686
0.32504 9.74694 0.05770
0.32555 9.79038 0.05826
0.32605 9.76911 0.05815
0.32656 9.72781 0.05694
0.32707 9.70307 0.05510
0.32757 9.71761 0.05552
0.32808 9.75109 0.05674
0.32859 9.70632 0.05739
0.32909 9.67593 0.05740
0.32960 9.67463 0.05757
0.33010 9.73811 0.05724
0.33061 9.62878 0.05707
0.33112 9.71283 0.05736
0.33162 9.71679 0.05887
0.33213 9.75041 0.05986
0.33264 9.71858 0.05854
0.33314 9.72742 0.05909
0.33365 9.70521 0.05831
0.33416 9.59984 0.05810
0.33466 9.72047 0.05772
0.33517 9.69248 0.05828
0.33568 9.58924 0.05804
0.33618 9.59613 0.05665
0.33669 9.66470 0.05962
0.33720 9.62442 0.05759
0.33770 9.64242 0.05871
0.33821 9.65784 0.05753
0.33872 9.57405 0.05853
0.33922 9.55601 0.05785
0.33973 9.46700 0.05837
0.34023 9.54803 0.05819
0.34074 9.59684 0.05919
0.34125 9.64706 0.05995
0.34175 9.61795 0.05887
0.34226 9.55730 0.05831
0.34277 9.46616 0.05797
0.34327 9.51063 0.05815
0.34378 9.62647 0.05823
0.34429 9.59809 0.05917
0.34479 9.55873 0.05861
0.34530 9.61030 0.05795
0.34581 9.63412 0.06122
0.34631 9.65329 0.05954
0.34682 9.52190 0.05973
0.34733 9.49196 0.05801
0.34783 9.53355 0.06052
0.34834 9.51563 0.05824
0.34884 9.61259 0.05912
0.34935 9.49641 0.05889
0.34986 9.59300 0.05980
0.35036 9.55025 0.06093
0.35087 9.51232 0.06019
0.35138 9.44582 0.05886
0.35188 9.47907 0.06075
0.35239 9.43381 0.05853
0.35290 9.39295 0.05879
0.35340 9.41106 0.05792
0.35391 9.52850 0.05643
0.35442 9.43258 0.05792
0.35492 9.40582 0.05674
0.35543 9.39346 0.05673
0.35594 9.37800 0.05629
0.35644 9.41062 0.05504
0.35695 9.30179 0.05663
0.35745 9.38923 0.05735
0.35796 9.39623 0.05776
0.35847 9.33138 0.05733
0.35897 9.34963 0.05785
0.35948 9.30558 0.05743
0.35999 9.43465 0.05838
0.36049 9.36221 0.05558
0.36100 9.36059 0.05720
0.36151 9.38494 0.05775
0.36201 9.36240 0.05692
0.36252 9.36994 0.05740
0.36303 9.33216 0.05784
0.36353 9.31193 0.05721
0.36404 9.13437 0.05713
0.36455 9.23249 0.05721
0.36505 9.33968 0.05706
0.36556 9.30437 0.05828
0.36606 9.22447 0.05856
0.36657 9.27596 0.05897
0.36708 9.23573 0.05831
0.36758 9.19769 0.05981
0.36809 9.24315 0.06046
0.36860 9.17038 0.06060
0.36910 9.25297 0.06189
0.36961 9.24533 0.06039
0.37012 9.14770 0.06183
0.37062 9.04787 0.06140
0.37113 9.23237 0.05984
0.37164 9.13986 0.06010
0.37214 9.15492 0.06054
0.37265 9.29568 0.06032
0.37315 9.21395 0.06057
0.37366 9.18108 0.06092
0.37417 9.15563 0.06268
0.37467 9.11103 0.06160
0.37518 9.17019 0.06110
0.37569 9.18075 0.06253
0.37619 9.28878 0.06271
0.37670 9.12261 0.06336
0.37721 9.12849 0.06187
0.37771 9.18530 0.06238
0.37822 9.13127 0.06308
0.37873 9.20649 0.06388
0.37923 9.18094 0.06430
0.37974 9.10951 0.06354
0.38024 9.07236 0.06461
0.38075 9.16366 0.06543
0.38126 9.14333 0.06456
0.38176 9.15867 0.06559
0.38227 9.13735 0.06603
0.38278 9.10854 0.06501
0.38328 9.04338 0.06605
0.38379 9.12718 0.06610
0.38430 9.18013 0.06904
0.38480 9.06548 0.06568
0.38531 8.99435 0.06584
0.38582 9.06295 0.06603
0.38632 9.06980 0.06686
0.38683 9.09597 0.06818
0.38733 9.08040 0.06756
0.38784 9.13574 0.06915
0.38835 8.96582 0.06916
0.38885 8.98241 0.06753
0.38936 8.93248 0.06848
0.38987 9.01304 0.06898
0.39037 8.95117 0.07123
0.39088 9.00449 0.06838
0.39139 8.99270 0.06983
0.39189 8.98241 0.07253
0.39240 9.02098 0.07095
0.39290 8.97337 0.07115
0.39341 8.99701 0.07376
0.39392 8.90438 0.07007
0.39442 9.04162 0.07463
0.39493 8.99636 0.07383
0.39544 9.01649 0.07220
0.39594 9.06119 0.07227
0.39645 8.98000 0.07523
0.39696 8.85617 0.07372
0.39746 8.92544 0.07411
0.39797 8.90800 0.07442
0.39847 8.95015 0.07474
0.39898 9.02360 0.07418
0.39949 9.01626 0.07537
0.39999 8.86349 0.07677
0.40050 8.99226 0.07702
0.40101 8.94250 0.07743
0.40151 8.98346 0.07416
0.40202 8.89649 0.07869
0.40253 8.96893 0.07686
0.40303 8.92933 0.07586
0.40354 8.79825 0.07818
0.40405 8.85289 0.07934
0.40455 8.96781 0.08102
0.40506 8.79622 0.08151
0.40556 8.90086 0.08173
0.40607 8.84087 0.07845
0.40658 8.94412 0.07863
0.40708 8.82772 0.08220
0.40759 8.78035 0.08086
0.40810 8.80974 0.08175
0.40860 8.81345 0.07916
0.40911 8.81247 0.08071
0.40962 8.77688 0.07899
0.41012 8.79451 0.08084
0.41063 8.93206 0.08181
0.41113 8.87726 0.07989
0.41164 8.72078 0.08161
0.41215 8.74083 0.08251
0.41265 8.84954 0.08081
0.41316 8.89797 0.08319
0.41367 8.71137 0.08013
0.41417 8.81410 0.08143
0.41468 8.48950 0.07818
0.41518 8.94206 0.08163
0.41569 8.70980 0.07977
0.41620 8.66319 0.08221
0.41670 8.73159 0.08227
0.41721 8.64841 0.08404
0.41772 8.66706 0.08243
0.41822 8.63236 0.08333
0.41873 8.67519 0.08817
0.41924 8.72731 0.08550
0.41974 8.74500 0.08178
0.42025 8.67390 0.08554
0.42075 8.64432 0.08474
0.42126 8.61729 0.08837
0.42177 8.55690 0.09081
0.42227 8.72382 0.08812
0.42278 8.57100 0.08820
0.42329 8.62489 0.08926
0.42379 8.48303 0.08675
0.42430 8.69401 0.08835
0.42481 8.58742 0.08819
0.42531 8.38874 0.08966
0.42582 8.67863 0.08769
0.42632 8.56675 0.09300
0.42683 8.69237 0.09463
0.42734 8.73954 0.09125
0.42784 8.49152 0.09071
0.42835 8.62050 0.09445
0.42886 8.75226 0.09790
0.42936 8.48371 0.09595
0.42987 8.62259 0.09519
0.43037 8.53608 0.09736
0.43088 8.66356 0.09978
0.43139 8.71578 0.10102
0.43189 8.34220 0.09682
0.43240 8.68630 0.10322
0.43291 8.56640 0.10144
0.43341 8.63560 0.09984
0.43392 8.57481 0.10276
0.43443 8.66825 0.10543
0.43493 8.68534 0.10425
0.43544 8.65992 0.10130
0.43594 8.54133 0.10429
0.43645 8.64474 0.11142
0.43696 8.59912 0.10918
0.43746 8.41222 0.11185
0.43797 8.63634 0.10581
0.43848 8.49685 0.11092
0.43898 8.74752 0.11388
0.43949 8.53973 0.11438
0.43999 8.54694 0.12100
