0.01140 1506.21941 63.63604
0.01191 1055.98232 52.78501
0.01242 686.47668 51.07141
0.01292 410.74007 37.51258
0.01343 276.20775 25.39751
0.01394 207.44295 18.40973
0.01444 175.85294 15.31385
0.01495 141.01669 12.49513
0.01546 109.43432 7.99807
0.01596 103.77315 7.60152
0.01647 92.74485 6.16987
0.01698 79.86198 4.70891
0.01748 71.98984 4.06709
0.01799 67.47866 3.29202
0.01850 62.08001 2.77525
0.01900 55.33879 2.22857
0.01951 54.68968 1.92698
0.02002 49.20421 1.63675
0.02052 47.81201 1.39616
0.02103 46.31968 1.19853
0.02154 45.35374 0.98995
0.02204 43.95653 0.81918
0.02255 42.11193 0.64698
0.02306 41.55494 0.64097
0.02356 40.01049 0.55120
0.02407 39.43075 0.50829
0.02458 37.92713 0.44989
0.02509 37.86624 0.44410
0.02559 37.00368 0.39551
0.02610 36.61714 0.35953
0.02661 35.58639 0.32461
0.02711 35.64704 0.31067
0.02762 34.32260 0.28555
0.02813 34.49751 0.29229
0.02863 33.82754 0.28501
0.02914 33.65210 0.26854
0.02965 32.77342 0.27411
0.03015 32.63084 0.24514
0.03066 32.65344 0.27054
0.03117 31.99088 0.25620
0.03167 32.27452 0.25771
0.03218 31.36851 0.24398
0.03269 31.80324 0.24418
0.03319 30.96420 0.22987
0.03370 31.30848 0.24492
0.03421 30.96581 0.23564
0.03471 31.17204 0.23988
0.03522 30.53839 0.23213
0.03573 30.15103 0.23181
0.03623 29.80115 0.24421
0.03674 30.08678 0.22448
0.03725 30.00997 0.21375
0.03775 29.78915 0.22058
0.03826 29.78493 0.22701
0.03877 29.79052 0.22350
0.03927 29.51140 0.21577
0.03978 29.54669 0.20824
0.04029 29.13619 0.20610
0.04080 29.16469 0.20806
0.04130 29.17680 0.20230
0.04181 28.89181 0.20337
0.04232 29.00786 0.20032
0.04282 28.86254 0.20608
0.04333 28.83021 0.19651
0.04384 28.28119 0.20167
0.04434 28.49525 0.20165
0.04485 28.74469 0.20236
0.04536 28.45219 0.19696
0.04586 28.40417 0.20300
0.04637 28.11521 0.19231
0.04688 28.38342 0.19824
0.04738 28.17686 0.19349
0.04789 27.97401 0.19863
0.04840 27.87875 0.18255
0.04890 27.97141 0.19000
0.04941 27.96938 0.18343
0.04992 27.98193 0.18518
0.05042 27.91859 0.18010
0.05093 27.66075 0.18173
0.05144 27.88610 0.18045
0.05194 27.89523 0.17940
0.05245 27.88824 0.17168
0.05296 27.85689 0.17695
0.05346 27.75447 0.17182
0.05397 27.66978 0.16368
0.05448 27.37564 0.16795
0.05498 27.67357 0.16980
0.05549 27.39687 0.16543
0.05600 27.55301 0.17201
0.05650 27.17838 0.16569
0.05701 27.40030 0.16885
0.05752 27.34832 0.16047
0.05803 27.64799 0.17067
0.05853 27.33048 0.16823
0.05904 27.09802 0.16543
0.05955 27.16686 0.16831
0.06005 27.00775 0.16130
0.06056 26.65245 0.16529
0.06107 27.31998 0.15590
0.06157 26.98768 0.15922
0.06208 27.10645 0.16199
0.06259 26.88799 0.15861
0.06309 26.93472 0.15617
0.06360 27.09737 0.15708
0.06411 26.76041 0.15758
0.06461 26.94167 0.15863
0.06512 26.83667 0.15245
0.06563 26.72712 0.15315
0.06613 26.65030 0.15088
0.06664 26.54896 0.15535
0.06715 26.94929 0.15159
0.06765 26.56829 0.15683
0.06816 26.72243 0.15827
0.06867 26.67325 0.15787
0.06917 26.47543 0.15197
0.06968 26.49697 0.14986
0.07019 26.70282 0.15067
0.07069 26.95395 0.14761
0.07120 26.35868 0.13879
0.07171 26.51644 0.14993
0.07221 26.69668 0.14861
0.07272 26.12965 0.14092
0.07323 26.49985 0.14507
0.07373 26.44753 0.14887
0.07424 26.48013 0.14877
0.07475 26.44395 0.14461
0.07526 26.21631 0.14721
0.07576 26.47482 0.14180
0.07627 26.44126 0.14264
0.07678 26.10932 0.13680
0.07728 26.19422 0.14105
0.07779 26.29836 0.13674
0.07830 26.26258 0.13931
0.07880 26.16999 0.13967
0.07931 26.14531 0.14024
0.07982 26.22386 0.13717
0.08032 26.27215 0.13675
0.08083 26.30335 0.13264
0.08134 26.24921 0.13861
0.08184 26.19220 0.14414
0.08235 26.24945 0.13658
0.08286 26.37647 0.14271
0.08336 26.10436 0.13839
0.08387 25.94418 0.14067
0.08438 25.90385 0.14364
0.08488 26.00648 0.13726
0.08539 25.92892 0.13932
0.08590 26.02814 0.13637
0.08640 26.08175 0.14351
0.08691 25.99609 0.14545
0.08742 26.05021 0.14236
0.08792 25.91142 0.14006
0.08843 25.56160 0.14289
0.08894 25.85289 0.13753
0.08944 25.86071 0.14353
0.08995 25.86371 0.13856
0.09046 26.09661 0.14511
0.09096 25.65016 0.14450
0.09147 25.77268 0.14492
0.09198 25.82300 0.14331
0.09248 25.84326 0.14527
0.09299 25.55288 0.14341
0.09350 25.73621 0.15067
0.09401 25.87345 0.14665
0.09451 25.58675 0.14658
0.09502 25.66724 0.13876
0.09553 25.66446 0.14177
0.09603 25.48986 0.13736
0.09654 25.61794 0.14372
0.09705 25.63282 0.14184
0.09755 25.66328 0.14455
0.09806 25.68874 0.13964
0.09857 25.67633 0.14223
0.09907 25.88597 0.14218
0.09958 25.82619 0.14100
0.10009 25.89676 0.14213
0.10059 25.61320 0.14293
0.10110 25.50010 0.13856
0.10161 25.51409 0.13392
0.10211 25.45426 0.13244
0.10262 25.21769 0.13632
0.10313 25.13204 0.13437
0.10363 25.67880 0.13910
0.10414 25.26006 0.13683
0.10465 25.49594 0.13453
0.10515 25.47285 0.13351
0.10566 25.53642 0.13535
0.10617 25.50147 0.13750
0.10667 25.50950 0.13736
0.10718 25.29845 0.13302
0.10769 25.41478 0.12768
0.10819 25.39866 0.13184
0.10870 25.38197 0.12963
0.10921 25.27618 0.12981
0.10971 25.45047 0.12723
0.11022 25.36541 0.12567
0.11073 25.31082 0.12838
0.11123 25.51287 0.12707
0.11174 25.43884 0.12728
0.11225 25.12242 0.12783
0.11275 24.97723 0.12160
0.11326 25.38480 0.12451
0.11377 25.41659 0.12224
0.11428 25.15698 0.12267
0.11478 25.17380 0.12532
0.11529 25.26850 0.12101
0.11580 25.31463 0.12086
0.11630 24.98410 0.12385
0.11681 25.21948 0.12259
0.11732 25.30952 0.12310
0.11782 25.07829 0.11798
0.11833 25.19802 0.11956
0.11884 25.22188 0.11995
0.11934 25.06068 0.12043
0.11985 25.25577 0.11997
0.12036 25.08986 0.11801
0.12086 25.10347 0.11851
0.12137 25.04764 0.11535
0.12188 25.07856 0.11349
0.12238 24.97987 0.11956
0.12289 25.11460 0.11607
0.12340 25.02695 0.11732
0.12390 25.10017 0.11385
0.12441 25.06133 0.11349
0.12492 24.99879 0.11382
0.12542 24.99856 0.11471
0.12593 25.03656 0.11542
0.12644 24.88054 0.11238
0.12694 24.98127 0.11623
0.12745 25.09910 0.11322
0.12796 25.11369 0.11397
0.12846 25.01550 0.11206
0.12897 25.08711 0.10954
0.12948 25.00827 0.11147
0.12998 25.10007 0.11079
0.13049 24.86023 0.10954
0.13100 25.00394 0.11131
0.13150 24.90922 0.11020
0.13201 24.92935 0.10683
0.13252 24.99438 0.10682
0.13302 24.97397 0.10736
0.13353 24.97994 0.10769
0.13404 25.04297 0.10975
0.13454 24.84237 0.10325
0.13505 24.83596 0.10808
0.13556 25.00104 0.10547
0.13606 24.93211 0.10610
0.13657 24.90890 0.10613
0.13708 24.76897 0.10539
0.13758 24.78368 0.10566
0.13809 24.91095 0.10579
0.13860 24.78940 0.10443
0.13911 24.81836 0.10177
0.13961 24.74284 0.10519
0.14012 25.06989 0.10163
0.14063 24.80040 0.10652
0.14113 24.80729 0.10338
0.14164 24.74143 0.10331
0.14215 24.84527 0.10262
0.14265 24.77251 0.10420
0.14316 24.60213 0.10272
0.14367 24.90970 0.10279
0.14417 24.58305 0.10387
0.14468 24.63844 0.10333
0.14519 24.76918 0.10198
0.14569 24.63835 0.10022
0.14620 24.74033 0.10222
0.14671 24.63007 0.10312
0.14721 24.64265 0.10192
0.14772 24.55069 0.10175
0.14823 24.75279 0.10119
0.14873 24.61097 0.10014
0.14924 24.42336 0.10175
0.14975 24.39467 0.10175
0.15025 24.55654 0.10131
0.15076 24.51465 0.09965
0.15127 24.36476 0.09917
0.15177 24.23930 0.09852
0.15228 24.51621 0.10056
0.15279 24.51493 0.10048
0.15329 24.53783 0.10042
0.15380 24.45963 0.09929
0.15431 24.38890 0.10090
0.15481 24.40539 0.10144
0.15532 24.39640 0.09607
0.15583 24.41506 0.09970
0.15633 24.41639 0.09874
0.15684 24.26612 0.09521
0.15735 24.09285 0.09541
0.15785 24.16206 0.09695
0.15836 24.28366 0.09526
0.15887 24.12076 0.09574
0.15937 24.10465 0.09685
0.15988 24.27151 0.09455
0.16039 23.87924 0.09533
0.16089 24.11994 0.09536
0.16140 24.20643 0.09385
0.16191 24.20282 0.09506
0.16241 24.15982 0.09523
0.16292 23.98646 0.09474
0.16343 24.09027 0.09209
0.16393 23.88152 0.09229
0.16444 23.99888 0.09473
0.16495 23.99071 0.09524
0.16545 23.99832 0.09544
0.16596 24.05433 0.09329
0.16647 24.05004 0.09518
0.16697 23.91824 0.09395
0.16748 23.98559 0.09357
0.16799 23.77045 0.09264
0.16849 23.96924 0.09304
0.16900 23.90244 0.09098
0.16951 23.96344 0.09512
0.17001 24.09350 0.09360
0.17052 23.77564 0.09247
0.17103 23.87226 0.09396
0.17153 23.59736 0.09489
0.17204 23.77919 0.09258
0.17255 23.90144 0.09634
0.17305 23.92146 0.09702
0.17356 23.84155 0.09313
0.17407 23.89966 0.09576
0.17457 23.84953 0.09485
0.17508 23.71435 0.09449
0.17559 23.68553 0.09251
0.17610 23.87185 0.09608
0.17660 23.80411 0.09689
0.17711 23.74341 0.09328
0.17762 23.80490 0.09460
0.17812 23.76746 0.09644
0.17863 23.61472 0.09326
0.17914 23.68323 0.09221
0.17964 23.61814 0.09297
0.18015 23.80772 0.09840
0.18066 23.67388 0.09680
0.18116 23.54146 0.09765
0.18167 23.65983 0.09721
0.18218 23.53786 0.09617
0.18268 23.74346 0.09566
0.18319 23.52199 0.09704
0.18370 23.59801 0.09764
0.18420 23.63829 0.09570
0.18471 23.50302 0.09866
0.18522 23.41136 0.09766
0.18572 23.46004 0.09682
0.18623 23.47511 0.09898
0.18674 23.41283 0.10131
0.18724 23.49696 0.09900
0.18775 23.49788 0.09867
0.18826 23.40672 0.10145
0.18876 23.45452 0.09942
0.18927 23.54357 0.10150
0.18978 23.28200 0.10084
0.19028 23.55665 0.10089
0.19079 23.52798 0.10187
0.19130 23.42485 0.10024
0.19180 23.42104 0.10044
0.19231 23.43195 0.10409
0.19282 23.37001 0.10300
0.19332 23.37081 0.10431
0.19383 23.30971 0.10060
0.19434 23.30125 0.10632
0.19484 23.27592 0.10298
0.19535 23.36164 0.09983
0.19586 23.39547 0.10250
0.19636 23.28902 0.10129
0.19687 23.25935 0.10198
0.19738 23.12757 0.10074
0.19788 23.28960 0.10458
0.19839 23.25257 0.10304
0.19890 23.32263 0.10266
0.19940 23.25656 0.10191
0.19991 23.25921 0.10100
0.20042 23.33079 0.10798
0.20092 23.34277 0.10153
0.20143 23.23605 0.10550
0.20194 23.12698 0.10122
0.20244 23.20895 0.10634
0.20295 23.31170 0.10288
0.20346 23.06778 0.10265
0.20396 23.03767 0.10515
0.20447 23.10531 0.10363
0.20498 23.00655 0.10491
0.20548 23.07042 0.10427
0.20599 23.12956 0.10496
0.20650 23.22009 0.10380
0.20700 23.07088 0.10374
0.20751 23.25643 0.10324
0.20802 23.16287 0.10236
0.20852 23.12069 0.09956
0.20903 23.28520 0.10371
0.20954 23.10686 0.10282
0.21004 22.98736 0.09919
0.21055 23.26356 0.10215
0.21106 23.03799 0.10170
0.21156 23.12784 0.10249
0.21207 22.92087 0.10047
0.21258 23.01986 0.10213
0.21308 22.97153 0.10194
0.21359 22.84668 0.10431
0.21410 23.04943 0.10272
0.21460 22.85363 0.10389
0.21511 22.88856 0.10380
0.21562 22.88632 0.10185
0.21612 22.92251 0.10236
0.21663 22.99984 0.10113
0.21714 22.77010 0.10246
0.21764 23.09757 0.10326
0.21815 22.92201 0.10105
0.21866 22.76815 0.10133
0.21916 22.88471 0.10345
0.21967 22.79282 0.10100
0.22018 22.90148 0.10314
0.22068 22.77793 0.10180
0.22119 22.61690 0.09925
0.22170 22.89224 0.10349
0.22220 22.57121 0.10080
0.22271 22.60740 0.09997
0.22322 22.67898 0.09789
0.22372 22.68076 0.10204
0.22423 22.71792 0.10047
0.22474 22.61852 0.09797
0.22524 22.86492 0.09867
0.22575 22.67978 0.09840
0.22626 22.58548 0.09928
0.22676 22.76484 0.09698
0.22727 22.65356 0.09609
0.22778 22.64137 0.09684
0.22828 22.58465 0.09581
0.22879 22.52213 0.09511
0.22930 22.49538 0.09616
0.22980 22.56894 0.09979
0.23031 22.75693 0.09496
0.23082 22.75134 0.09703
0.23132 22.69607 0.09782
0.23183 22.55542 0.09709
0.23234 22.70112 0.09650
0.23284 22.55112 0.09539
0.23335 22.31735 0.09495
0.23386 22.56032 0.09370
0.23436 22.41619 0.09298
0.23487 22.68067 0.09370
0.23538 22.42968 0.09420
0.23588 22.57696 0.09205
0.23639 22.52704 0.09334
0.23690 22.28979 0.09274
0.23740 22.31342 0.09355
0.23791 22.39127 0.09422
0.23842 22.42382 0.09423
0.23892 22.32876 0.09274
0.23943 22.47367 0.09150
0.23994 22.51647 0.09215
0.24044 22.39486 0.09198
0.24095 22.13416 0.09346
0.24145 22.39763 0.09237
0.24196 22.44258 0.08967
0.24247 22.40389 0.08859
0.24297 22.62837 0.09146
0.24348 22.45184 0.08762
0.24399 22.20133 0.09292
0.24449 22.14204 0.09128
0.24500 22.38870 0.08970
0.24551 22.26138 0.08960
0.24601 22.24804 0.08755
0.24652 22.31619 0.08982
0.24703 22.27107 0.08892
0.24753 22.28945 0.09044
0.24804 22.20173 0.08820
0.24855 22.25913 0.08738
0.24905 22.25151 0.08871
0.24956 22.00882 0.08752
0.25007 22.21482 0.09026
0.25057 22.12089 0.09016
0.25108 22.02006 0.08714
0.25159 22.19480 0.08889
0.25209 22.18605 0.08766
0.25260 22.09224 0.08848
0.25311 22.01954 0.08704
0.25361 22.20172 0.08740
0.25412 21.95892 0.08586
0.25463 21.93773 0.08872
0.25513 22.21688 0.08777
0.25564 22.09724 0.08619
0.25615 21.94671 0.08758
0.25665 21.99547 0.08620
0.25716 22.03358 0.08668
0.25767 21.93163 0.08494
0.25817 22.01966 0.08405
0.25868 22.00654 0.08502
0.25919 22.11189 0.08307
0.25969 21.93842 0.08496
0.26020 22.05199 0.08557
0.26071 22.06054 0.08252
0.26121 21.84279 0.08316
0.26172 21.81853 0.08487
0.26223 21.92131 0.08509
0.26273 21.85487 0.08458
0.26324 21.79390 0.08366
0.26375 21.93344 0.08166
0.26425 21.83954 0.08350
0.26476 21.60565 0.08371
0.26527 21.98062 0.08323
0.26577 21.86221 0.08248
0.26628 21.95248 0.08280
0.26679 21.86241 0.08310
0.26729 21.84545 0.08339
0.26780 21.92149 0.08282
0.26831 21.79900 0.08166
0.26881 21.80366 0.08239
0.26932 21.84333 0.08084
0.26983 21.69047 0.08049
0.27033 21.76301 0.08132
0.27084 21.69356 0.08166
0.27134 21.70532 0.08299
0.27185 21.78437 0.08082
0.27236 21.51648 0.07919
0.27286 21.63924 0.08109
0.27337 21.64072 0.08197
0.27388 21.69701 0.08142
0.27438 21.74238 0.08275
0.27489 21.62777 0.08064
0.27540 21.59089 0.08046
0.27590 21.72187 0.08105
0.27641 21.67274 0.07897
0.27692 21.66102 0.08028
0.27742 21.69624 0.07925
0.27793 21.52498 0.08126
0.27844 21.66697 0.07936
0.27894 21.49395 0.07930
0.27945 21.43515 0.07860
0.27996 21.53877 0.08148
0.28046 21.62313 0.07972
0.28097 21.58141 0.08137
0.28148 21.60681 0.08030
0.28198 21.56128 0.08005
0.28249 21.51217 0.08071
0.28300 21.46978 0.07898
0.28350 21.42550 0.07684
0.28401 21.44957 0.07777
0.28452 21.51590 0.07690
0.28502 21.44265 0.07898
0.28553 21.39736 0.07899
0.28604 21.42938 0.07673
0.28654 21.39767 0.07786
0.28705 21.47012 0.07860
0.28756 21.29560 0.07847
0.28806 21.23878 0.07841
0.28857 21.22198 0.07813
0.28908 21.27609 0.08010
0.28958 21.37899 0.07840
0.29009 21.28997 0.07834
0.29059 21.41522 0.07967
0.29110 21.32655 0.07789
0.29161 21.44213 0.07974
0.29211 21.11996 0.08009
0.29262 21.06025 0.07768
0.29313 21.37123 0.07872
0.29363 21.08842 0.08006
0.29414 21.18082 0.07928
0.29465 21.26161 0.07841
0.29515 21.14721 0.08051
0.29566 21.26795 0.08062
0.29617 21.22456 0.07823
0.29667 21.15438 0.07973
0.29718 21.01851 0.07960
0.29769 21.11799 0.07975
0.29819 20.97614 0.07837
0.29870 21.15225 0.07803
0.29921 21.23371 0.07911
0.29971 21.06580 0.07926
0.30022 21.07170 0.07906
0.30073 20.93447 0.07849
0.30123 21.03640 0.07965
0.30174 20.91881 0.07815
0.30225 20.94726 0.07943
0.30275 20.85448 0.07793
0.30326 21.01075 0.07694
0.30377 20.91499 0.07804
0.30427 20.87268 0.07678
0.30478 20.83826 0.07719
0.30529 20.88358 0.07511
0.30579 20.89921 0.07824
0.30630 20.78488 0.07577
0.30680 20.89943 0.07583
0.30731 20.79352 0.07614
0.30782 20.79408 0.07732
0.30832 20.76986 0.07674
0.30883 20.54871 0.07746
0.30934 20.68772 0.07693
0.30984 20.66100 0.07779
0.31035 20.75271 0.07736
0.31086 20.65480 0.07908
0.31136 20.73106 0.08096
0.31187 20.69510 0.07878
0.31238 20.55690 0.08004
0.31288 20.70830 0.08303
0.31339 20.81477 0.08058
0.31390 20.64244 0.08194
0.31440 20.68795 0.08055
0.31491 20.61860 0.08074
0.31542 20.51032 0.08251
0.31592 20.58855 0.08300
0.31643 20.58721 0.08224
0.31694 20.66616 0.08468
0.31744 20.63432 0.08085
0.31795 20.56654 0.08334
0.31845 20.43594 0.08380
0.31896 20.61559 0.08462
0.31947 20.46204 0.08433
0.31997 20.64769 0.08349
0.32048 20.78482 0.08224
0.32099 20.44178 0.08246
0.32149 20.57695 0.08640
0.32200 20.65499 0.08344
0.32251 20.64315 0.08031
0.32301 20.50252 0.08483
0.32352 20.36895 0.08316
0.32403 20.49293 0.08381
0.32453 20.35720 0.08453
0.32504 20.41084 0.08494
0.32555 20.47455 0.08434
0.32605 20.44536 0.08169
0.32656 20.59195 0.08182
0.32707 20.39302 0.08273
0.32757 20.51752 0.08282
0.32808 20.53177 0.08289
0.32859 20.37348 0.08387
0.32909 20.36409 0.08586
0.32960 20.35350 0.08352
0.33010 20.42547 0.08233
0.33061 20.43172 0.08440
0.33112 20.47304 0.08406
0.33162 20.42933 0.08617
0.33213 20.31667 0.08256
0.33264 20.34122 0.08210
0.33314 20.36440 0.08558
0.33365 20.30036 0.08443
0.33416 20.23478 0.08482
0.33466 20.15538 0.08421
0.33517 20.41109 0.08648
0.33568 20.35483 0.08511
0.33618 20.22037 0.08356
0.33669 20.25421 0.08547
0.33720 20.37879 0.08625
0.33770 20.19312 0.08493
0.33821 20.33175 0.08367
0.33872 20.28711 0.08748
0.33922 20.15640 0.08633
0.33973 20.27492 0.08601
0.34023 20.26153 0.08579
0.34074 20.20518 0.08631
0.34125 20.26636 0.08767
0.34175 20.22379 0.08526
0.34226 20.15139 0.08879
0.34277 20.13553 0.08490
0.34327 20.26792 0.08627
0.34378 20.11891 0.08530
0.34429 20.24636 0.08696
0.34479 19.97838 0.08420
0.34530 20.11844 0.08631
0.34581 20.13051 0.08729
0.34631 20.20783 0.08513
0.34682 20.19025 0.08589
0.34733 20.12203 0.08723
0.34783 20.18781 0.08662
0.34834 20.17611 0.08819
0.34884 20.08522 0.08795
0.34935 19.94342 0.08513
0.34986 20.10719 0.08697
0.35036 20.00515 0.08776
0.35087 19.92685 0.08612
0.35138 20.16146 0.08945
0.35188 20.05184 0.08658
0.35239 19.96888 0.08551
0.35290 20.02059 0.08627
0.35340 20.00768 0.08413
0.35391 19.75455 0.08200
0.35442 19.88895 0.08215
0.35492 20.03567 0.08196
0.35543 19.86863 0.08312
0.35594 19.72613 0.08207
0.35644 19.88846 0.08338
0.35695 19.82408 0.08192
0.35745 19.94685 0.08453
0.35796 19.83942 0.08301
0.35847 19.76459 0.08404
0.35897 19.86809 0.08297
0.35948 19.77100 0.08382
0.35999 19.83430 0.08521
0.36049 19.75172 0.08339
0.36100 19.75291 0.08293
0.36151 19.71162 0.08340
0.36201 19.76715 0.08238
0.36252 19.67630 0.08424
0.36303 19.64387 0.08437
0.36353 19.73614 0.08475
0.36404 19.65576 0.08413
0.36455 19.57330 0.08608
0.36505 19.75806 0.08387
0.36556 19.75416 0.08524
0.36606 19.65822 0.08415
0.36657 19.71040 0.08665
0.36708 19.74591 0.08777
0.36758 19.61488 0.08961
0.36809 19.35824 0.09091
0.36860 19.34342 0.09200
0.36910 19.42434 0.09358
0.36961 19.43809 0.09302
0.37012 19.51610 0.09403
0.37062 19.51646 0.09372
0.37113 19.31282 0.08960
0.37164 19.48036 0.08779
0.37214 19.46577 0.08924
0.37265 19.61019 0.09032
0.37315 19.56496 0.08910
0.37366 19.52088 0.08901
0.37417 19.46030 0.08982
0.37467 19.50767 0.09178
0.37518 19.54556 0.08867
0.37569 19.54275 0.09283
0.37619 19.59381 0.09119
0.37670 19.60503 0.09056
0.37721 19.58130 0.09088
0.37771 19.42064 0.09193
0.37822 19.54519 0.09436
0.37873 19.37844 0.09240
0.37923 19.38335 0.09432
0.37974 19.23423 0.09364
0.38024 19.29979 0.09352
0.38075 19.40660 0.09179
0.38126 19.33280 0.09533
0.38176 19.51767 0.09701
0.38227 19.15023 0.09605
0.38278 19.38531 0.09621
0.38328 19.25712 0.09776
0.38379 19.19401 0.09629
0.38430 19.24707 0.09779
0.38480 19.40101 0.09672
0.38531 19.30077 0.09677
0.38582 19.27894 0.09976
0.38632 19.28876 0.09985
0.38683 19.30880 0.09716
0.38733 19.30499 0.10142
0.38784 19.27473 0.09696
0.38835 19.25164 0.10081
0.38885 19.29818 0.10070
0.38936 19.17939 0.10018
0.38987 19.25308 0.10564
0.39037 19.27957 0.10328
0.39088 19.11505 0.10423
0.39139 19.09686 0.10580
0.39189 19.16599 0.10075
0.39240 19.25261 0.10231
0.39290 19.05968 0.10196
0.39341 19.15662 0.10449
0.39392 19.14098 0.10728
0.39442 19.18797 0.10299
0.39493 19.18857 0.10539
0.39544 19.08119 0.10537
0.39594 18.97567 0.10349
0.39645 18.96738 0.10698
0.39696 18.95271 0.11128
0.39746 19.02433 0.10962
0.39797 19.14646 0.11141
0.39847 18.85777 0.11050
0.39898 19.09356 0.11138
0.39949 19.07861 0.11079
0.39999 18.85512 0.11120
0.40050 18.70146 0.11140
0.40101 18.93422 0.11243
0.40151 18.96033 0.10885
0.40202 18.77372 0.11559
0.40253 18.86234 0.10829
0.40303 18.81848 0.11496
0.40354 18.76492 0.11339
0.40405 18.71428 0.11346
0.40455 19.07664 0.11508
0.40506 19.14049 0.11512
0.40556 18.90277 0.11522
0.40607 18.97792 0.11865
0.40658 18.51462 0.11917
0.40708 18.73656 0.11735
0.40759 18.79491 0.12316
0.40810 18.72284 0.11646
0.40860 18.58930 0.11932
0.40911 18.79401 0.11812
0.40962 18.79156 0.12048
0.41012 18.71322 0.11816
0.41063 18.76695 0.11896
0.41113 18.77166 0.12498
0.41164 18.65814 0.11844
0.41215 18.74752 0.11458
0.41265 18.80747 0.11651
0.41316 18.71816 0.12261
0.41367 18.52276 0.11829
0.41417 18.52305 0.12579
0.41468 18.48294 0.12378
0.41518 18.56104 0.12187
0.41569 18.41929 0.11833
0.41620 18.55323 0.11973
0.41670 18.42461 0.12251
0.41721 18.38860 0.12085
0.41772 18.60921 0.12263
0.41822 18.48778 0.12177
0.41873 18.49920 0.12497
0.41924 18.39640 0.12384
0.41974 18.52995 0.12699
0.42025 18.52085 0.12555
0.42075 18.36378 0.12657
0.42126 18.41564 0.12581
0.42177 18.50798 0.12801
0.42227 18.55513 0.13323
0.42278 18.55607 0.13183
0.42329 18.55227 0.13170
0.42379 18.37883 0.13248
0.42430 18.45115 0.13447
0.42481 18.63431 0.13214
0.42531 18.43058 0.12716
0.42582 18.25956 0.12914
0.42632 18.41705 0.13141
0.42683 18.26762 0.13232
0.42734 18.34234 0.13857
0.42784 18.28582 0.13276
0.42835 18.39103 0.13536
0.42886 18.17562 0.13841
0.42936 18.10319 0.13966
0.42987 18.11149 0.13594
0.43037 18.20952 0.13817
0.43088 18.43342 0.14769
0.43139 18.32792 0.14592
0.43189 18.56052 0.14798
0.43240 18.53102 0.14430
0.43291 18.23980 0.14206
0.43341 18.29790 0.14895
0.43392 18.25724 0.15296
0.43443 17.91429 0.14929
0.43493 18.13821 0.15297
0.43544 18.32469 0.15122
0.43594 17.96566 0.15218
0.43645 18.08909 0.14677
0.43696 17.87885 0.15757
0.43746 18.34393 0.15908
0.43797 18.48168 0.15945
0.43848 18.36226 0.16610
0.43898 18.33077 0.15725
0.43949 18.10631 0.15170
0.43999 18.15751 0.16731
