0.01140 1554.21964 63.05916
0.01191 1063.61027 50.89066
0.01242 703.49496 53.04743
0.01292 417.66511 38.51804
0.01343 278.72738 26.23061
0.01394 202.65012 18.93230
0.01444 168.63413 15.56646
0.01495 135.59804 12.90152
0.01546 103.44093 8.52555
0.01596 95.08319 7.95497
0.01647 81.95206 6.20415
0.01698 67.83963 4.65134
0.01748 61.23697 4.01159
0.01799 54.50806 3.39350
0.01850 50.71002 2.87106
0.01900 42.59492 2.23798
0.01951 41.44504 1.99930
0.02002 38.21179 1.70640
0.02052 34.76265 1.33864
0.02103 33.66198 1.19640
0.02154 31.83512 1.00487
0.02204 30.14078 0.89052
0.02255 28.40122 0.68347
0.02306 27.45629 0.57435
0.02356 26.90411 0.56780
0.02407 25.40910 0.45116
0.02458 24.54629 0.41697
0.02509 24.16629 0.39995
0.02559 23.04465 0.34781
0.02610 22.46393 0.33024
0.02661 21.99306 0.30272
0.02711 21.41397 0.27316
0.02762 20.80577 0.23490
0.02813 19.69001 0.23183
0.02863 19.71523 0.21239
0.02914 19.04984 0.20840
0.02965 18.71045 0.19996
0.03015 18.46299 0.20621
0.03066 17.79978 0.20135
0.03117 17.69550 0.17734
0.03167 17.90150 0.17410
0.03218 17.35199 0.19758
0.03269 16.83758 0.18352
0.03319 16.86399 0.18254
0.03370 16.68612 0.17874
0.03421 16.39025 0.17330
0.03471 16.12234 0.17392
0.03522 16.07644 0.15882
0.03573 16.38459 0.17397
0.03623 15.92066 0.16097
0.03674 15.68603 0.16250
0.03725 15.30232 0.16305
0.03775 15.02780 0.15959
0.03826 15.42287 0.15743
0.03877 15.13047 0.15273
0.03927 15.11183 0.15049
0.03978 14.58757 0.14387
0.04029 14.45715 0.14726
0.04080 14.39723 0.15689
0.04130 14.34175 0.14469
0.04181 14.27996 0.14275
0.04232 14.25318 0.14218
0.04282 14.18749 0.14198
0.04333 14.23824 0.13960
0.04384 14.10623 0.14461
0.04434 14.34639 0.14263
0.04485 14.19836 0.13293
0.04536 13.89410 0.13302
0.04586 13.83957 0.12812
0.04637 13.61866 0.13332
0.04688 13.76970 0.12935
0.04738 13.77509 0.13445
0.04789 13.74248 0.13073
0.04840 13.64727 0.12897
0.04890 13.49252 0.13327
0.04941 13.47294 0.12029
0.04992 13.34316 0.12657
0.05042 13.47205 0.12926
0.05093 13.14688 0.12603
0.05144 13.18649 0.12651
0.05194 13.19152 0.12243
0.05245 13.44523 0.12550
0.05296 13.21147 0.11991
0.05346 12.86356 0.11541
0.05397 13.23449 0.12142
0.05448 13.06691 0.11553
0.05498 13.07319 0.11932
0.05549 12.89728 0.11417
0.05600 13.04370 0.12053
0.05650 12.81588 0.11991
0.05701 12.94403 0.11327
0.05752 12.76652 0.11555
0.05803 12.67071 0.11350
0.05853 12.75960 0.10974
0.05904 12.57398 0.11386
0.05955 12.60797 0.10679
0.06005 12.45836 0.11168
0.06056 12.81634 0.11270
0.06107 12.60455 0.11140
0.06157 12.57122 0.10680
0.06208 12.48785 0.11227
0.06259 12.27779 0.10860
0.06309 12.38840 0.10323
0.06360 12.42715 0.10680
0.06411 12.55907 0.10700
0.06461 12.22225 0.10835
0.06512 12.53696 0.10472
0.06563 12.39502 0.10111
0.06613 12.43770 0.10443
0.06664 12.30318 0.10729
0.06715 12.18506 0.10179
0.06765 12.09273 0.10047
0.06816 12.39927 0.10088
0.06867 12.16545 0.10161
0.06917 12.09788 0.10281
0.06968 12.18763 0.09905
0.07019 12.03924 0.10330
0.07069 12.28557 0.10428
0.07120 12.04410 0.10215
0.07171 12.01314 0.09721
0.07221 12.05908 0.09701
0.07272 12.16823 0.09729
0.07323 12.10412 0.09620
0.07373 11.98107 0.09485
0.07424 11.99538 0.10014
0.07475 12.00495 0.09534
0.07526 11.84409 0.09214
0.07576 11.85356 0.09427
0.07627 12.04381 0.09238
0.07678 12.04180 0.09289
0.07728 11.67569 0.09148
0.07779 12.07247 0.09126
0.07830 11.91389 0.09248
0.07880 11.74263 0.09357
0.07931 12.00292 0.09294
0.07982 11.77464 0.09040
0.08032 11.88338 0.09224
0.08083 11.78686 0.09266
0.08134 11.85363 0.09082
0.08184 11.80473 0.09244
0.08235 11.76052 0.09280
0.08286 11.88713 0.09431
0.08336 11.76666 0.09015
0.08387 11.69437 0.09207
0.08438 11.61529 0.09235
0.08488 11.76840 0.09622
0.08539 11.70123 0.09469
0.08590 11.73111 0.09567
0.08640 11.55728 0.09022
0.08691 11.78242 0.09563
0.08742 11.46398 0.09312
0.08792 11.46368 0.09334
0.08843 11.60091 0.09324
0.08894 11.64363 0.09333
0.08944 11.48723 0.09460
0.08995 11.64190 0.09492
0.09046 11.63964 0.09635
0.09096 11.69912 0.09564
0.09147 11.50817 0.09662
0.09198 11.61246 0.10007
0.09248 11.68800 0.09914
0.09299 11.65842 0.09756
0.09350 11.35203 0.09603
0.09401 11.54065 0.09857
0.09451 11.30916 0.09576
0.09502 11.42604 0.09612
0.09553 11.52650 0.09499
0.09603 11.51393 0.09460
0.09654 11.45212 0.09418
0.09705 11.51724 0.09366
0.09755 11.18608 0.09501
0.09806 11.36411 0.09259
0.09857 11.46745 0.09741
0.09907 11.61167 0.09318
0.09958 11.38464 0.09209
0.10009 11.34277 0.09556
0.10059 11.27174 0.08827
0.10110 11.40940 0.09155
0.10161 11.35366 0.08814
0.10211 11.37598 0.08711
0.10262 11.31048 0.08772
0.10313 11.43707 0.09136
0.10363 11.40837 0.09092
0.10414 11.19676 0.08907
0.10465 11.20193 0.09430
0.10515 11.27534 0.09092
0.10566 11.39149 0.09127
0.10617 11.22967 0.08984
0.10667 11.29219 0.08835
0.10718 11.36387 0.08802
0.10769 11.15535 0.08642
0.10819 11.10015 0.08761
0.10870 11.19262 0.08477
0.10921 11.09894 0.08716
0.10971 11.20861 0.08429
0.11022 11.27041 0.08331
0.11073 11.19095 0.07915
0.11123 11.15895 0.08530
0.11174 11.31868 0.08489
0.11225 11.15953 0.08405
0.11275 11.18767 0.08157
0.11326 10.97495 0.07828
0.11377 11.18056 0.08080
0.11428 11.18748 0.08188
0.11478 11.15244 0.08069
0.11529 11.26840 0.08161
0.11580 11.15565 0.07883
0.11630 11.12880 0.08024
0.11681 11.09968 0.08111
0.11732 11.09074 0.07960
0.11782 11.22278 0.08066
0.11833 11.01108 0.08027
0.11884 10.97011 0.07897
0.11934 11.09698 0.08018
0.11985 11.16772 0.07744
0.12036 10.92372 0.07656
0.12086 11.05199 0.07620
0.12137 10.94833 0.07812
0.12188 11.18047 0.07812
0.12238 11.05079 0.07771
0.12289 11.00374 0.07684
0.12340 11.02133 0.07665
0.12390 11.03939 0.07694
0.12441 11.00871 0.07541
0.12492 10.94182 0.07850
0.12542 10.94776 0.07533
0.12593 10.91998 0.07380
0.12644 11.12679 0.07586
0.12694 10.96891 0.07553
0.12745 11.03387 0.07511
0.12796 10.96346 0.07460
0.12846 10.92488 0.07303
0.12897 11.03759 0.07467
0.12948 10.98816 0.07548
0.12998 10.88668 0.07265
0.13049 10.95765 0.07340
0.13100 10.93697 0.07188
0.13150 10.93045 0.07101
0.13201 10.84387 0.07012
0.13252 10.91302 0.07163
0.13302 10.88793 0.07274
0.13353 10.88607 0.06927
0.13404 10.96083 0.07231
0.13454 10.85449 0.06941
0.13505 10.80633 0.07035
0.13556 10.87996 0.07152
0.13606 10.93036 0.06895
0.13657 10.85517 0.07223
0.13708 10.77518 0.07061
0.13758 10.65081 0.06916
0.13809 10.72625 0.07048
0.13860 10.81814 0.06721
0.13911 10.68786 0.06703
0.13961 10.57495 0.06841
0.14012 10.63020 0.06740
0.14063 10.59660 0.06852
0.14113 10.64253 0.06841
0.14164 10.59764 0.06633
0.14215 10.77369 0.06793
0.14265 10.51772 0.06766
0.14316 10.45842 0.06523
0.14367 10.68564 0.06699
0.14417 10.50091 0.06673
0.14468 10.53784 0.06643
0.14519 10.43128 0.06737
0.14569 10.51016 0.06720
0.14620 10.45297 0.06671
0.14671 10.54828 0.06645
0.14721 10.53214 0.06555
0.14772 10.51622 0.06482
0.14823 10.51210 0.06541
0.14873 10.29211 0.06485
0.14924 10.32489 0.06264
0.14975 10.42553 0.06419
0.15025 10.34212 0.06529
0.15076 10.33616 0.06529
0.15127 10.40254 0.06727
0.15177 10.35511 0.06289
0.15228 10.40024 0.06477
0.15279 10.42988 0.06568
0.15329 10.18874 0.06395
0.15380 10.27149 0.06321
0.15431 10.28960 0.06251
0.15481 10.22110 0.06219
0.15532 10.21455 0.06400
0.15583 10.34872 0.06480
0.15633 10.20708 0.06494
0.15684 10.21241 0.06228
0.15735 10.08910 0.05973
0.15785 10.17035 0.06125
0.15836 10.19704 0.06169
0.15887 10.13028 0.06266
0.15937 10.14714 0.06081
0.15988 9.99164 0.06055
0.16039 10.00732 0.06191
0.16089 10.01956 0.05983
0.16140 10.08905 0.06145
0.16191 9.95035 0.06110
0.16241 10.12218 0.06035
0.16292 10.01782 0.06184
0.16343 9.98796 0.06005
0.16393 9.97251 0.06171
0.16444 9.93005 0.06009
0.16495 10.02937 0.05822
0.16545 9.99225 0.06031
0.16596 9.84177 0.05932
0.16647 10.05550 0.06074
0.16697 9.92783 0.05988
0.16748 9.79866 0.05890
0.16799 9.94276 0.05976
0.16849 9.84904 0.05987
0.16900 9.74534 0.05876
0.16951 9.75665 0.05905
0.17001 9.77226 0.05972
0.17052 9.74067 0.05997
0.17103 9.85080 0.05980
0.17153 9.77108 0.06065
0.17204 9.78940 0.05969
0.17255 9.82700 0.05995
0.17305 9.86931 0.06052
0.17356 9.80485 0.06043
0.17407 9.70465 0.05953
0.17457 9.59937 0.06108
0.17508 9.80783 0.05809
0.17559 9.67103 0.06045
0.17610 9.65505 0.05916
0.17660 9.66143 0.05971
0.17711 9.68135 0.05976
0.17762 9.61520 0.06104
0.17812 9.65963 0.05958
0.17863 9.66704 0.06166
0.17914 9.62843 0.06133
0.17964 9.70815 0.06024
0.18015 9.67860 0.06145
0.18066 9.65572 0.06262
0.18116 9.73847 0.06113
0.18167 9.75793 0.06286
0.18218 9.68009 0.06185
0.18268 9.51706 0.06159
0.18319 9.71612 0.06260
0.18370 9.63580 0.06430
0.18420 9.48149 0.06181
0.18471 9.61550 0.06278
0.18522 9.63900 0.06271
0.18572 9.58142 0.06332
0.18623 9.67701 0.06288
0.18674 9.59515 0.06309
0.18724 9.54759 0.06429
0.18775 9.64902 0.06289
0.18826 9.51244 0.06437
0.18876 9.54480 0.06306
0.18927 9.57614 0.06343
0.18978 9.57838 0.06455
0.19028 9.40948 0.06318
0.19079 9.47611 0.06568
0.19130 9.51571 0.06301
0.19180 9.50015 0.06596
0.19231 9.54390 0.06360
0.19282 9.43153 0.06485
0.19332 9.39688 0.06365
0.19383 9.60399 0.06384
0.19434 9.39028 0.06562
0.19484 9.39281 0.06521
0.19535 9.40989 0.06479
0.19586 9.38937 0.06382
0.19636 9.48434 0.06587
0.19687 9.37800 0.06428
0.19738 9.36602 0.06420
0.19788 9.34906 0.06490
0.19839 9.40903 0.06548
0.19890 9.48114 0.06615
0.19940 9.38135 0.06473
0.19991 9.36412 0.06289
0.20042 9.47548 0.06493
0.20092 9.42332 0.06501
0.20143 9.35293 0.06538
0.20194 9.34021 0.06481
0.20244 9.33243 0.06582
0.20295 9.32523 0.06292
0.20346 9.48591 0.06769
0.20396 9.40790 0.06524
0.20447 9.39348 0.06613
0.20498 9.25782 0.06578
0.20548 9.28427 0.06591
0.20599 9.28504 0.06406
0.20650 9.26975 0.06532
0.20700 9.29308 0.06607
0.20751 9.30424 0.06568
0.20802 9.35753 0.06526
0.20852 9.23955 0.06297
0.20903 9.33179 0.06603
0.20954 9.29323 0.06445
0.21004 9.23226 0.06342
0.21055 9.27945 0.06491
0.21106 9.31709 0.06362
0.21156 9.34351 0.06429
0.21207 9.18192 0.06575
0.21258 9.16120 0.06551
0.21308 9.28197 0.06511
0.21359 9.22085 0.06585
0.21410 9.16898 0.06531
0.21460 9.22344 0.06584
0.21511 9.27973 0.06429
0.21562 9.26228 0.06660
0.21612 9.13091 0.06376
0.21663 9.19660 0.06360
0.21714 9.06793 0.06482
0.21764 9.18170 0.06210
0.21815 9.24952 0.06527
0.21866 9.10642 0.06297
0.21916 9.11538 0.06599
0.21967 9.11594 0.06493
0.22018 9.05336 0.06115
0.22068 9.11336 0.06313
0.22119 9.09233 0.06280
0.22170 9.21696 0.06394
0.22220 9.15121 0.06343
0.22271 9.18770 0.06298
0.22322 9.07070 0.06345
0.22372 9.01093 0.06240
0.22423 8.99377 0.06264
0.22474 9.00069 0.06263
0.22524 9.07387 0.06343
0.22575 9.05796 0.06140
0.22626 9.02009 0.06404
0.22676 9.01068 0.06272
0.22727 9.09441 0.06249
0.22778 8.96796 0.06196
0.22828 9.06873 0.06251
0.22879 9.02172 0.06164
0.22930 8.96860 0.06146
0.22980 9.03349 0.06068
0.23031 8.94207 0.06021
0.23082 8.99954 0.06188
0.23132 8.90781 0.06093
0.23183 8.97233 0.05874
0.23234 8.94650 0.06005
0.23284 9.02711 0.05835
0.23335 9.00614 0.05842
0.23386 8.95802 0.05775
0.23436 8.89216 0.05773
0.23487 8.85103 0.05787
0.23538 8.99784 0.05974
0.23588 8.97336 0.05957
0.23639 8.92452 0.05766
0.23690 8.89463 0.05853
0.23740 8.83342 0.05699
0.23791 8.88012 0.05889
0.23842 8.79029 0.05891
0.23892 8.82334 0.05887
0.23943 8.79587 0.05669
0.23994 8.75012 0.05808
0.24044 8.89271 0.05780
0.24095 8.82534 0.05761
0.24145 8.81951 0.05656
0.24196 8.80160 0.05792
0.24247 8.77879 0.05710
0.24297 8.83481 0.05840
0.24348 8.95604 0.05736
0.24399 8.87761 0.05621
0.24449 8.73414 0.05583
0.24500 8.76943 0.05659
0.24551 8.73287 0.05596
0.24601 8.76143 0.05673
0.24652 8.76370 0.05554
0.24703 8.79636 0.05543
0.24753 8.73330 0.05538
0.24804 8.74591 0.05594
0.24855 8.77597 0.05581
0.24905 8.69060 0.05446
0.24956 8.77983 0.05574
0.25007 8.69405 0.05489
0.25057 8.77746 0.05539
0.25108 8.75698 0.05508
0.25159 8.71915 0.05422
0.25209 8.69187 0.05473
0.25260 8.66478 0.05375
0.25311 8.75556 0.05590
0.25361 8.67915 0.05595
0.25412 8.65378 0.05356
0.25463 8.76453 0.05526
0.25513 8.74773 0.05441
0.25564 8.80114 0.05458
0.25615 8.56925 0.05292
0.25665 8.62396 0.05335
0.25716 8.73343 0.05437
0.25767 8.72583 0.05436
0.25817 8.72457 0.05403
0.25868 8.68443 0.05260
0.25919 8.52173 0.05275
0.25969 8.62345 0.05298
0.26020 8.67918 0.05256
0.26071 8.56531 0.05141
0.26121 8.63606 0.05291
0.26172 8.65898 0.05258
0.26223 8.64851 0.05208
0.26273 8.67425 0.05335
0.26324 8.59339 0.05216
0.26375 8.56919 0.05177
0.26425 8.64894 0.05197
0.26476 8.65081 0.05206
0.26527 8.59667 0.05193
0.26577 8.69638 0.05152
0.26628 8.67137 0.05114
0.26679 8.58432 0.05023
0.26729 8.52031 0.05090
0.26780 8.52295 0.05213
0.26831 8.64371 0.05170
0.26881 8.63119 0.05240
0.26932 8.55418 0.05031
0.26983 8.60396 0.05212
0.27033 8.52575 0.05042
0.27084 8.51494 0.05180
0.27134 8.42964 0.05104
0.27185 8.45993 0.05047
0.27236 8.51330 0.05090
0.27286 8.45919 0.05129
0.27337 8.57027 0.05137
0.27388 8.45912 0.04976
0.27438 8.51488 0.05171
0.27489 8.49240 0.05066
0.27540 8.39495 0.04918
0.27590 8.50003 0.05032
0.27641 8.43966 0.05055
0.27692 8.45935 0.04966
0.27742 8.44677 0.05085
0.27793 8.51234 0.04951
0.27844 8.38808 0.05019
0.27894 8.38273 0.04949
0.27945 8.41555 0.04970
0.27996 8.37768 0.04976
0.28046 8.36500 0.04897
0.28097 8.51352 0.04918
0.28148 8.44667 0.04861
0.28198 8.46820 0.05032
0.28249 8.44182 0.04981
0.28300 8.38459 0.04807
0.28350 8.39604 0.04895
0.28401 8.43208 0.04802
0.28452 8.32080 0.04889
0.28502 8.39302 0.04942
0.28553 8.47910 0.04963
0.28604 8.37111 0.04940
0.28654 8.36371 0.04998
0.28705 8.38197 0.04844
0.28756 8.36195 0.04794
0.28806 8.29175 0.04849
0.28857 8.45432 0.04947
0.28908 8.28260 0.04848
0.28958 8.39070 0.04856
0.29009 8.31918 0.04949
0.29059 8.30975 0.04861
0.29110 8.35482 0.04816
0.29161 8.27615 0.04895
0.29211 8.27698 0.04914
0.29262 8.23611 0.04806
0.29313 8.28018 0.05021
0.29363 8.26380 0.04979
0.29414 8.26384 0.05021
0.29465 8.18233 0.04836
0.29515 8.36402 0.04964
0.29566 8.29374 0.04979
0.29617 8.16853 0.04939
0.29667 8.32969 0.04958
0.29718 8.30112 0.04968
0.29769 8.28216 0.04951
0.29819 8.15022 0.05005
0.29870 8.29529 0.04902
0.29921 8.19398 0.05118
0.29971 8.12210 0.04902
0.30022 8.25403 0.04956
0.30073 8.25189 0.04920
0.30123 8.16823 0.04900
0.30174 8.24809 0.04861
0.30225 8.23953 0.04882
0.30275 8.16348 0.04764
0.30326 8.15976 0.04855
0.30377 8.16533 0.04872
0.30427 8.19628 0.04822
0.30478 8.09986 0.04985
0.30529 8.21167 0.04820
0.30579 8.21307 0.04800
0.30630 8.20590 0.04768
0.30680 8.07083 0.04682
0.30731 8.09305 0.04766
0.30782 8.17824 0.04731
0.30832 8.10890 0.04770
0.30883 7.98071 0.04696
0.30934 8.11217 0.04881
0.30984 8.12186 0.04762
0.31035 8.21150 0.05083
0.31086 8.13225 0.04968
0.31136 8.03178 0.04985
0.31187 8.09333 0.04938
0.31238 8.10189 0.04974
0.31288 8.09052 0.05024
0.31339 8.04956 0.04842
0.31390 8.17552 0.04985
0.31440 8.06382 0.05145
0.31491 8.09355 0.05174
0.31542 8.13291 0.05132
0.31592 8.11161 0.05060
0.31643 8.10005 0.05201
0.31694 8.02226 0.05138
0.31744 8.14136 0.05155
0.31795 8.03323 0.05212
0.31845 8.12883 0.05187
0.31896 8.07444 0.05207
0.31947 8.09051 0.05244
0.31997 8.08157 0.05285
0.32048 8.02242 0.05214
0.32099 8.14205 0.05126
0.32149 7.99716 0.05147
0.32200 8.07928 0.05182
0.32251 8.05597 0.05311
0.32301 8.05780 0.05167
0.32352 8.02377 0.05196
0.32403 8.03412 0.05254
0.32453 7.96401 0.05255
0.32504 7.92359 0.05134
0.32555 7.95915 0.05136
0.32605 7.99140 0.05209
0.32656 8.04048 0.05164
0.32707 8.03234 0.05281
0.32757 7.92805 0.05211
0.32808 7.97617 0.05192
0.32859 7.97912 0.05264
0.32909 8.05364 0.05321
0.32960 8.03707 0.05276
0.33010 8.04941 0.05211
0.33061 7.98742 0.05286
0.33112 7.99465 0.05223
0.33162 7.94745 0.05230
0.33213 7.98447 0.05201
0.33264 8.00431 0.05243
0.33314 7.91582 0.05408
0.33365 7.96333 0.05233
0.33416 7.93723 0.05413
0.33466 7.99270 0.05270
0.33517 7.99304 0.05313
0.33568 7.97257 0.05309
0.33618 7.97312 0.05405
0.33669 7.86561 0.05140
0.33720 7.90197 0.05528
0.33770 8.08567 0.05235
0.33821 7.93094 0.05314
0.33872 7.97935 0.05375
0.33922 7.93927 0.05291
0.33973 8.04700 0.05450
0.34023 7.84476 0.05254
0.34074 7.87316 0.05220
0.34125 7.87363 0.05392
0.34175 7.92529 0.05298
0.34226 7.92066 0.05253
0.34277 7.88263 0.05268
0.34327 7.90647 0.05288
0.34378 7.82633 0.05375
0.34429 7.86446 0.05347
0.34479 7.88743 0.05284
0.34530 7.82097 0.05412
0.34581 7.86863 0.05353
0.34631 7.89706 0.05313
0.34682 7.92166 0.05506
0.34733 7.85714 0.05180
0.34783 7.87923 0.05342
0.34834 8.02500 0.05637
0.34884 7.89477 0.05410
0.34935 7.92290 0.05450
0.34986 7.84057 0.05380
0.35036 7.91846 0.05449
0.35087 7.92712 0.05550
0.35138 7.84784 0.05483
0.35188 7.89820 0.05303
0.35239 7.86265 0.05357
0.35290 7.87487 0.05344
0.35340 7.82922 0.05199
0.35391 7.75148 0.05204
0.35442 7.76474 0.05241
0.35492 7.73131 0.05086
0.35543 7.75060 0.04978
0.35594 7.79276 0.05113
0.35644 7.87616 0.05161
0.35695 7.83602 0.05296
0.35745 7.79119 0.05221
0.35796 7.76778 0.05199
0.35847 7.78286 0.05189
0.35897 7.80034 0.05168
0.35948 7.84074 0.05055
0.35999 7.78849 0.05183
0.36049 7.70391 0.05211
0.36100 7.68416 0.05109
0.36151 7.75374 0.05107
0.36201 7.82635 0.05190
0.36252 7.80816 0.05248
0.36303 7.73253 0.05072
0.36353 7.73677 0.05095
0.36404 7.80350 0.05197
0.36455 7.79532 0.05324
0.36505 7.76367 0.05355
0.36556 7.71822 0.05290
0.36606 7.77138 0.05304
0.36657 7.74975 0.05360
0.36708 7.66045 0.05390
0.36758 7.71845 0.05387
0.36809 7.63633 0.05612
0.36860 7.61827 0.05480
0.36910 7.61137 0.05541
0.36961 7.70629 0.05540
0.37012 7.68580 0.05663
0.37062 7.57246 0.05525
0.37113 7.65036 0.05521
0.37164 7.72940 0.05510
0.37214 7.77238 0.05538
0.37265 7.70796 0.05640
0.37315 7.66072 0.05447
0.37366 7.79879 0.05486
0.37417 7.67101 0.05529
0.37467 7.66976 0.05651
0.37518 7.70978 0.05488
0.37569 7.72692 0.05669
0.37619 7.71847 0.05625
0.37670 7.69695 0.05634
0.37721 7.83470 0.05702
0.37771 7.70468 0.05853
0.37822 7.68662 0.05769
0.37873 7.67512 0.05785
0.37923 7.74338 0.05884
0.37974 7.53881 0.05717
0.38024 7.73348 0.06033
0.38075 7.72832 0.05956
0.38126 7.71270 0.05920
0.38176 7.67559 0.05983
0.38227 7.70551 0.06102
0.38278 7.67714 0.06059
0.38328 7.71421 0.06022
0.38379 7.69983 0.05948
0.38430 7.65661 0.05987
0.38480 7.72776 0.06036
0.38531 7.74414 0.06429
0.38582 7.69437 0.06243
0.38632 7.63094 0.06197
0.38683 7.71526 0.06436
0.38733 7.63764 0.06349
0.38784 7.70087 0.06397
0.38835 7.64634 0.06129
0.38885 7.47972 0.06309
0.38936 7.65903 0.06505
0.38987 7.67525 0.06351
0.39037 7.69715 0.06512
0.39088 7.61748 0.06370
0.39139 7.64895 0.06620
0.39189 7.71136 0.06515
0.39240 7.54397 0.06425
0.39290 7.53569 0.06682
0.39341 7.62276 0.06612
0.39392 7.68457 0.07248
0.39442 7.53161 0.06668
0.39493 7.67101 0.06525
0.39544 7.56356 0.06617
0.39594 7.49954 0.06580
0.39645 7.62717 0.06724
0.39696 7.57396 0.06793
0.39746 7.60701 0.06865
0.39797 7.56728 0.06790
0.39847 7.58450 0.07022
0.39898 7.57319 0.07067
0.39949 7.56114 0.07117
0.39999 7.52072 0.06908
0.40050 7.54500 0.07136
0.40101 7.52297 0.07049
0.40151 7.46045 0.07174
0.40202 7.50036 0.07235
0.40253 7.50931 0.07210
0.40303 7.50489 0.07183
0.40354 7.42670 0.07118
0.40405 7.42830 0.07234
0.40455 7.41584 0.07022
0.40506 7.42704 0.07317
0.40556 7.45645 0.07231
0.40607 7.48443 0.07253
0.40658 7.42456 0.07313
0.40708 7.54413 0.07840
0.40759 7.39286 0.07565
0.40810 7.25267 0.06968
0.40860 7.50706 0.07438
0.40911 7.39104 0.07372
0.40962 7.54506 0.07316
0.41012 7.55722 0.07262
0.41063 7.34530 0.07409
0.41113 7.40311 0.07138
0.41164 7.33364 0.07516
0.41215 7.41603 0.07548
0.41265 7.40993 0.07609
0.41316 7.39596 0.07638
0.41367 7.44460 0.07619
0.41417 7.46795 0.07257
0.41468 7.37135 0.07519
0.41518 7.47593 0.07586
0.41569 7.57142 0.07656
0.41620 7.38032 0.07684
0.41670 7.44417 0.07677
0.41721 7.43800 0.07587
0.41772 7.42510 0.07806
0.41822 7.49009 0.07649
0.41873 7.23261 0.07466
0.41924 7.48232 0.07593
0.41974 7.29061 0.07582
0.42025 7.29713 0.07636
0.42075 7.38006 0.07766
0.42126 7.47055 0.07842
0.42177 7.48629 0.07909
0.42227 7.37259 0.07657
0.42278 7.36494 0.08068
0.42329 7.43471 0.08051
0.42379 7.46132 0.08228
0.42430 7.43451 0.08032
0.42481 7.48856 0.08528
0.42531 7.24591 0.08172
0.42582 7.44936 0.08869
0.42632 7.31349 0.08166
0.42683 7.53474 0.08807
0.42734 7.31276 0.08389
0.42784 7.30801 0.08718
0.42835 7.31625 0.08411
0.42886 7.42723 0.08888
0.42936 7.40213 0.08766
0.42987 7.47991 0.09364
0.43037 7.35753 0.08317
0.43088 7.30517 0.08561
0.43139 7.47422 0.09240
0.43189 7.25644 0.09470
0.43240 7.38734 0.09330
0.43291 7.35268 0.09386
0.43341 7.36100 0.09118
0.43392 7.25693 0.09017
0.43443 7.27274 0.09283
0.43493 7.33330 0.09459
0.43544 7.32397 0.09730
0.43594 7.35916 0.09512
0.43645 7.25205 0.09936
0.43696 7.14374 0.09668
0.43746 7.40061 0.10253
0.43797 7.49779 0.10218
0.43848 7.27812 0.10057
0.43898 7.38181 0.10428
0.43949 7.46243 0.09892
0.43999 7.36967 0.10468
