0.01140 1531.79529 62.62699
0.01191 1084.63363 52.42524
0.01242 699.07675 52.20669
0.01292 413.67759 38.14923
0.01343 280.50190 26.63234
0.01394 206.51502 19.40116
0.01444 172.87635 16.10954
0.01495 135.54378 13.08567
0.01546 102.87426 8.40342
0.01596 96.37434 8.04817
0.01647 82.76914 6.19535
0.01698 67.82296 4.69351
0.01748 58.50896 3.97218
0.01799 55.62137 3.26312
0.01850 48.38869 2.70059
0.01900 44.22596 2.18935
0.01951 42.02283 1.86100
0.02002 38.15080 1.61620
0.02052 34.41991 1.28189
0.02103 33.50254 1.19876
0.02154 31.68071 0.87064
0.02204 30.45612 0.79128
0.02255 28.76823 0.69550
0.02306 27.39529 0.57978
0.02356 26.86874 0.53191
0.02407 26.31461 0.48086
0.02458 24.54790 0.41648
0.02509 23.62807 0.36756
0.02559 23.19066 0.34435
0.02610 22.86744 0.32870
0.02661 21.83476 0.28477
0.02711 21.16644 0.26971
0.02762 20.63440 0.24333
0.02813 20.15120 0.21882
0.02863 19.92757 0.20868
0.02914 19.28698 0.21425
0.02965 19.06091 0.21101
0.03015 18.47135 0.20468
0.03066 17.90777 0.20293
0.03117 17.83984 0.17925
0.03167 17.48448 0.20142
0.03218 17.31805 0.18371
0.03269 17.30362 0.18105
0.03319 16.68039 0.17941
0.03370 16.85467 0.18279
0.03421 16.62247 0.17825
0.03471 16.49078 0.17039
0.03522 16.37555 0.17323
0.03573 16.00799 0.17810
0.03623 15.95028 0.16310
0.03674 15.64255 0.16467
0.03725 15.69765 0.15526
0.03775 15.57252 0.16198
0.03826 15.32270 0.15638
0.03877 15.39449 0.15521
0.03927 15.44947 0.15592
0.03978 15.08141 0.14730
0.04029 15.05250 0.14748
0.04080 14.57697 0.15168
0.04130 14.64371 0.14754
0.04181 14.53695 0.14580
0.04232 14.61978 0.14604
0.04282 14.33288 0.14547
0.04333 14.15727 0.13851
0.04384 14.27876 0.14691
0.04434 14.33672 0.14730
0.04485 14.24083 0.13894
0.04536 14.13281 0.13451
0.04586 14.00915 0.14204
0.04637 13.63592 0.13398
0.04688 13.65785 0.13344
0.04738 13.62909 0.13469
0.04789 13.61440 0.13307
0.04840 13.35269 0.12083
0.04890 13.59352 0.13362
0.04941 13.66385 0.12309
0.04992 13.66187 0.12745
0.05042 13.59158 0.12856
0.05093 13.43921 0.12853
0.05144 13.27612 0.12189
0.05194 13.29462 0.12318
0.05245 13.42784 0.12419
0.05296 13.35190 0.12024
0.05346 13.01838 0.11710
0.05397 13.22111 0.12059
0.05448 12.91611 0.11324
0.05498 13.16692 0.11543
0.05549 13.01538 0.11280
0.05600 12.88709 0.12186
0.05650 12.86270 0.11528
0.05701 12.93670 0.11274
0.05752 13.06750 0.11213
0.05803 12.73341 0.11341
0.05853 12.60432 0.11156
0.05904 12.96560 0.11247
0.05955 12.72480 0.11099
0.06005 12.56107 0.10790
0.06056 12.71328 0.11021
0.06107 12.50767 0.10919
0.06157 12.52624 0.10619
0.06208 12.60091 0.11010
0.06259 12.53853 0.10795
0.06309 12.50380 0.10618
0.06360 12.54100 0.10498
0.06411 12.51614 0.10425
0.06461 12.37988 0.09999
0.06512 12.44900 0.10662
0.06563 12.35888 0.10088
0.06613 12.44038 0.10552
0.06664 12.42398 0.10599
0.06715 12.38562 0.10107
0.06765 12.31838 0.10233
0.06816 12.28891 0.09975
0.06867 12.20154 0.09856
0.06917 12.17219 0.10234
0.06968 12.15729 0.09915
0.07019 12.39447 0.09808
0.07069 12.19815 0.10122
0.07120 12.17915 0.09886
0.07171 12.31014 0.10091
0.07221 12.19786 0.09969
0.07272 12.23437 0.09606
0.07323 12.17672 0.10155
0.07373 12.35605 0.09763
0.07424 12.05600 0.09609
0.07475 12.16549 0.09798
0.07526 11.86740 0.09600
0.07576 12.01276 0.09610
0.07627 12.14733 0.09615
0.07678 11.87943 0.09526
0.07728 12.13634 0.09371
0.07779 12.02325 0.09061
0.07830 11.93781 0.09184
0.07880 12.13773 0.09367
0.07931 11.83806 0.09028
0.07982 12.06602 0.09258
0.08032 12.01107 0.09337
0.08083 11.63005 0.09319
0.08134 12.06615 0.09487
0.08184 11.86706 0.09495
0.08235 11.83758 0.09294
0.08286 11.61530 0.09368
0.08336 11.88913 0.09508
0.08387 11.81548 0.09569
0.08438 11.84106 0.09282
0.08488 11.71334 0.09280
0.08539 11.67124 0.09479
0.08590 11.72574 0.09530
0.08640 11.78994 0.09195
0.08691 11.61199 0.09066
0.08742 11.56756 0.09281
0.08792 11.72063 0.09487
0.08843 11.68574 0.09531
0.08894 11.68739 0.09791
0.08944 11.62547 0.09555
0.08995 11.62269 0.09239
0.09046 11.49107 0.09168
0.09096 11.51086 0.09429
0.09147 11.70355 0.09222
0.09198 11.39998 0.09449
0.09248 11.69946 0.09781
0.09299 11.34680 0.09581
0.09350 11.62799 0.09929
0.09401 11.48435 0.09875
0.09451 11.42685 0.09523
0.09502 11.46385 0.09584
0.09553 11.43677 0.09492
0.09603 11.52808 0.09375
0.09654 11.35037 0.08916
0.09705 11.53412 0.09640
0.09755 11.43444 0.09274
0.09806 11.48437 0.09355
0.09857 11.52738 0.09283
0.09907 11.52100 0.09325
0.09958 11.36280 0.09152
0.10009 11.27855 0.09124
0.10059 11.32824 0.09240
0.10110 11.26945 0.09010
0.10161 11.34871 0.09085
0.10211 11.43943 0.09025
0.10262 11.20709 0.08767
0.10313 11.26735 0.08953
0.10363 11.18654 0.09131
0.10414 11.50888 0.09393
0.10465 11.21979 0.08893
0.10515 11.27904 0.09279
0.10566 11.35342 0.09267
0.10617 11.26977 0.09008
0.10667 11.37678 0.09168
0.10718 11.36525 0.08533
0.10769 11.28897 0.08736
0.10819 11.24824 0.08532
0.10870 11.09085 0.08627
0.10921 11.19540 0.08665
0.10971 11.19366 0.08334
0.11022 11.26341 0.08359
0.11073 11.25265 0.08522
0.11123 11.17540 0.08460
0.11174 11.28566 0.08370
0.11225 11.14777 0.08037
0.11275 11.07376 0.08398
0.11326 11.08788 0.08361
0.11377 10.99413 0.08002
0.11428 11.23114 0.08106
0.11478 11.05949 0.08189
0.11529 11.25476 0.08189
0.11580 11.10430 0.08163
0.11630 11.08412 0.07855
0.11681 11.16572 0.07872
0.11732 11.06303 0.07896
0.11782 11.12468 0.08014
0.11833 11.01903 0.08066
0.11884 11.03577 0.07639
0.11934 11.04673 0.07775
0.11985 11.12068 0.07746
0.12036 11.04713 0.08058
0.12086 10.86786 0.07845
0.12137 11.05549 0.07669
0.12188 11.04839 0.07545
0.12238 11.03563 0.07579
0.12289 10.90001 0.07719
0.12340 11.14740 0.07698
0.12390 11.00284 0.07476
0.12441 11.00713 0.07684
0.12492 10.92125 0.07818
0.12542 10.91803 0.07654
0.12593 11.02950 0.07563
0.12644 10.97580 0.07418
0.12694 10.99918 0.07146
0.12745 10.92359 0.07248
0.12796 11.05871 0.07444
0.12846 10.82910 0.07402
0.12897 10.98161 0.07334
0.12948 10.99416 0.07280
0.12998 10.80250 0.07404
0.13049 10.86284 0.07127
0.13100 10.79136 0.07194
0.13150 10.72899 0.06988
0.13201 10.96751 0.07217
0.13252 10.91543 0.07257
0.13302 10.87891 0.07073
0.13353 10.99674 0.07237
0.13404 10.79911 0.06935
0.13454 10.85309 0.06964
0.13505 10.72415 0.07019
0.13556 10.78251 0.06996
0.13606 10.80988 0.06891
0.13657 10.89738 0.06951
0.13708 10.83221 0.06985
0.13758 10.58200 0.06873
0.13809 10.75852 0.06894
0.13860 10.68933 0.06920
0.13911 10.64965 0.06705
0.13961 10.68998 0.06830
0.14012 10.64670 0.06651
0.14063 10.79453 0.06907
0.14113 10.57225 0.06727
0.14164 10.66430 0.06649
0.14215 10.67357 0.06591
0.14265 10.61591 0.06674
0.14316 10.50421 0.06632
0.14367 10.56792 0.06713
0.14417 10.50977 0.06607
0.14468 10.60206 0.06678
0.14519 10.52492 0.06683
0.14569 10.50672 0.06544
0.14620 10.46531 0.06797
0.14671 10.54233 0.06642
0.14721 10.46562 0.06656
0.14772 10.42706 0.06550
0.14823 10.45931 0.06448
0.14873 10.41243 0.06455
0.14924 10.39665 0.06483
0.14975 10.34068 0.06527
0.15025 10.24412 0.06432
0.15076 10.29555 0.06377
0.15127 10.36457 0.06432
0.15177 10.23700 0.06360
0.15228 10.37319 0.06426
0.15279 10.30982 0.06267
0.15329 10.21204 0.06291
0.15380 10.24204 0.06339
0.15431 10.20566 0.06429
0.15481 10.10666 0.06109
0.15532 10.21177 0.06453
0.15583 10.19757 0.06311
0.15633 10.15355 0.06215
0.15684 10.17168 0.06221
0.15735 10.15495 0.06221
0.15785 10.01240 0.06101
0.15836 10.11980 0.06235
0.15887 10.10122 0.06202
0.15937 9.98056 0.06228
0.15988 10.15777 0.06102
0.16039 10.07721 0.06183
0.16089 9.92376 0.06233
0.16140 10.02985 0.06295
0.16191 10.04932 0.06150
0.16241 9.94414 0.06150
0.16292 9.98967 0.06015
0.16343 9.95285 0.06017
0.16393 9.94983 0.06020
0.16444 10.00828 0.06038
0.16495 9.85682 0.06047
0.16545 9.82204 0.06061
0.16596 9.88584 0.05920
0.16647 9.95246 0.05861
0.16697 9.86631 0.05945
0.16748 9.90333 0.05918
0.16799 9.84279 0.05903
0.16849 9.78460 0.05902
0.16900 9.91913 0.05859
0.16951 9.84737 0.05768
0.17001 9.81012 0.06193
0.17052 9.92514 0.05891
0.17103 9.85154 0.05947
0.17153 9.79283 0.06055
0.17204 9.68906 0.06083
0.17255 9.76951 0.06139
0.17305 9.76433 0.05973
0.17356 9.72362 0.05972
0.17407 9.72118 0.06033
0.17457 9.70116 0.06007
0.17508 9.64410 0.05987
0.17559 9.63535 0.05900
0.17610 9.74306 0.05866
0.17660 9.70216 0.06034
0.17711 9.61707 0.05979
0.17762 9.65188 0.06123
0.17812 9.69181 0.05904
0.17863 9.76701 0.05986
0.17914 9.59681 0.05967
0.17964 9.63020 0.06023
0.18015 9.55295 0.06128
0.18066 9.63891 0.06231
0.18116 9.54917 0.06245
0.18167 9.53397 0.06238
0.18218 9.72210 0.06213
0.18268 9.57138 0.05980
0.18319 9.72354 0.06305
0.18370 9.60835 0.06314
0.18420 9.48190 0.06136
0.18471 9.65918 0.06454
0.18522 9.61653 0.06218
0.18572 9.64440 0.06339
0.18623 9.68295 0.06271
0.18674 9.52463 0.06265
0.18724 9.53554 0.06420
0.18775 9.52117 0.06288
0.18826 9.58943 0.06401
0.18876 9.45594 0.06318
0.18927 9.52972 0.06566
0.18978 9.46487 0.06325
0.19028 9.60373 0.06453
0.19079 9.45371 0.06443
0.19130 9.40933 0.06582
0.19180 9.55654 0.06276
0.19231 9.55101 0.06451
0.19282 9.49694 0.06430
0.19332 9.49372 0.06511
0.19383 9.47526 0.06381
0.19434 9.54146 0.06454
0.19484 9.46227 0.06506
0.19535 9.41575 0.06527
0.19586 9.43239 0.06543
0.19636 9.39934 0.06341
0.19687 9.42001 0.06532
0.19738 9.48182 0.06426
0.19788 9.37946 0.06344
0.19839 9.47347 0.06546
0.19890 9.32733 0.06458
0.19940 9.24402 0.06316
0.19991 9.43424 0.06526
0.20042 9.47320 0.06392
0.20092 9.33401 0.06576
0.20143 9.34151 0.06371
0.20194 9.29587 0.06457
0.20244 9.25326 0.06594
0.20295 9.39167 0.06305
0.20346 9.26282 0.06530
0.20396 9.27479 0.06612
0.20447 9.29646 0.06653
0.20498 9.31385 0.06616
0.20548 9.19368 0.06316
0.20599 9.40580 0.06597
0.20650 9.27114 0.06583
0.20700 9.33773 0.06499
0.20751 9.18209 0.06471
0.20802 9.17221 0.06428
0.20852 9.35692 0.06380
0.20903 9.37188 0.06507
0.20954 9.29403 0.06477
0.21004 9.26436 0.06504
0.21055 9.26921 0.06374
0.21106 9.29243 0.06482
0.21156 9.16465 0.06314
0.21207 9.26150 0.06303
0.21258 9.23833 0.06498
0.21308 9.21335 0.06561
0.21359 9.23733 0.06411
0.21410 9.30648 0.06545
0.21460 9.06877 0.06364
0.21511 9.11717 0.06513
0.21562 9.14583 0.06323
0.21612 9.29733 0.06717
0.21663 9.10304 0.06424
0.21714 9.16610 0.06342
0.21764 9.14181 0.06202
0.21815 9.04611 0.06409
0.21866 9.15196 0.06505
0.21916 9.14963 0.06262
0.21967 9.16179 0.06378
0.22018 9.01788 0.06383
0.22068 8.96545 0.06571
0.22119 9.02704 0.06120
0.22170 9.08153 0.06378
0.22220 9.00520 0.06272
0.22271 9.05349 0.06333
0.22322 8.97941 0.06405
0.22372 9.06325 0.06355
0.22423 9.08779 0.06299
0.22474 9.05560 0.06246
0.22524 9.07911 0.06152
0.22575 8.98907 0.06204
0.22626 9.05818 0.06278
0.22676 8.98614 0.06155
0.22727 8.94176 0.06116
0.22778 8.90414 0.06277
0.22828 8.87783 0.05937
0.22879 8.99760 0.06239
0.22930 8.87066 0.06004
0.22980 8.90058 0.05991
0.23031 8.91114 0.06173
0.23082 8.95715 0.06093
0.23132 8.88753 0.06047
0.23183 9.02657 0.06061
0.23234 9.06416 0.06064
0.23284 8.94022 0.05959
0.23335 8.88047 0.05881
0.23386 8.97147 0.06012
0.23436 8.87728 0.06014
0.23487 8.98215 0.05878
0.23538 8.92913 0.06032
0.23588 8.81587 0.05851
0.23639 8.92291 0.05872
0.23690 8.89463 0.05878
0.23740 8.81656 0.05762
0.23791 8.83159 0.05860
0.23842 8.86070 0.05943
0.23892 8.78850 0.05798
0.23943 8.83240 0.05792
0.23994 8.85152 0.05799
0.24044 8.88695 0.05748
0.24095 8.78349 0.05827
0.24145 8.79370 0.05645
0.24196 8.84848 0.05726
0.24247 8.78146 0.05672
0.24297 8.80900 0.05759
0.24348 8.81425 0.05679
0.24399 8.82002 0.05804
0.24449 8.74467 0.05792
0.24500 8.81578 0.05692
0.24551 8.79498 0.05688
0.24601 8.85365 0.05626
0.24652 8.69893 0.05590
0.24703 8.76969 0.05616
0.24753 8.79071 0.05709
0.24804 8.72999 0.05605
0.24855 8.67233 0.05432
0.24905 8.76590 0.05664
0.24956 8.59313 0.05607
0.25007 8.62998 0.05475
0.25057 8.72962 0.05579
0.25108 8.71845 0.05458
0.25159 8.71562 0.05493
0.25209 8.66517 0.05595
0.25260 8.70447 0.05476
0.25311 8.69260 0.05541
0.25361 8.69782 0.05632
0.25412 8.73068 0.05424
0.25463 8.59530 0.05387
0.25513 8.74050 0.05495
0.25564 8.55910 0.05531
0.25615 8.70311 0.05332
0.25665 8.63895 0.05311
0.25716 8.77720 0.05282
0.25767 8.65878 0.05310
0.25817 8.73603 0.05337
0.25868 8.69384 0.05263
0.25919 8.57104 0.05264
0.25969 8.57096 0.05342
0.26020 8.55643 0.05274
0.26071 8.58415 0.05224
0.26121 8.62577 0.05245
0.26172 8.53311 0.05111
0.26223 8.55107 0.05234
0.26273 8.62318 0.05212
0.26324 8.64603 0.05268
0.26375 8.58675 0.05314
0.26425 8.53717 0.05318
0.26476 8.60353 0.05220
0.26527 8.59570 0.05253
0.26577 8.51185 0.05162
0.26628 8.58502 0.05150
0.26679 8.51269 0.05089
0.26729 8.59860 0.05171
0.26780 8.50078 0.05137
0.26831 8.55047 0.05197
0.26881 8.57048 0.05142
0.26932 8.57264 0.05102
0.26983 8.50054 0.05024
0.27033 8.43917 0.05039
0.27084 8.54111 0.05093
0.27134 8.52874 0.05153
0.27185 8.46365 0.05064
0.27236 8.40459 0.05088
0.27286 8.49532 0.05146
0.27337 8.52228 0.05001
0.27388 8.45451 0.04988
0.27438 8.52249 0.04986
0.27489 8.52699 0.05015
0.27540 8.54488 0.04997
0.27590 8.48767 0.05051
0.27641 8.39038 0.05068
0.27692 8.46689 0.05059
0.27742 8.49567 0.05008
0.27793 8.37816 0.04996
0.27844 8.41706 0.04912
0.27894 8.44382 0.04867
0.27945 8.36583 0.04907
0.27996 8.41472 0.04845
0.28046 8.47474 0.05121
0.28097 8.40844 0.04966
0.28148 8.46267 0.04926
0.28198 8.41336 0.04921
0.28249 8.36369 0.04849
0.28300 8.43971 0.04937
0.28350 8.37650 0.04894
0.28401 8.34226 0.04806
0.28452 8.39844 0.04871
0.28502 8.31139 0.04845
0.28553 8.43387 0.04903
0.28604 8.28611 0.04793
0.28654 8.38103 0.04853
0.28705 8.30657 0.04863
0.28756 8.31724 0.04845
0.28806 8.37586 0.04903
0.28857 8.28649 0.04811
0.28908 8.34909 0.04967
0.28958 8.38363 0.04937
0.29009 8.30676 0.04932
0.29059 8.25479 0.04852
0.29110 8.24416 0.04874
0.29161 8.33064 0.04959
0.29211 8.26923 0.04901
0.29262 8.26793 0.04928
0.29313 8.34953 0.04964
0.29363 8.27898 0.04973
0.29414 8.19741 0.04925
0.29465 8.25802 0.04891
0.29515 8.26598 0.04945
0.29566 8.25464 0.04910
0.29617 8.21668 0.04907
0.29667 8.18618 0.04845
0.29718 8.18438 0.04965
0.29769 8.22772 0.04963
0.29819 8.27777 0.04928
0.29870 8.20117 0.04849
0.29921 8.19812 0.04835
0.29971 8.19897 0.04772
0.30022 8.20606 0.04898
0.30073 8.26019 0.04850
0.30123 8.17089 0.04844
0.30174 8.21948 0.04814
0.30225 8.21208 0.04856
0.30275 8.22478 0.04906
0.30326 8.10686 0.04823
0.30377 8.20481 0.04851
0.30427 8.17133 0.04780
0.30478 8.06223 0.04735
0.30529 8.12599 0.04818
0.30579 8.08608 0.04878
0.30630 8.04732 0.04734
0.30680 8.16236 0.04716
0.30731 8.11530 0.04708
0.30782 8.13454 0.04791
0.30832 8.17004 0.04721
0.30883 8.10785 0.04801
0.30934 8.14009 0.04858
0.30984 8.05931 0.04758
0.31035 8.10389 0.04990
0.31086 8.13774 0.04942
0.31136 8.04044 0.04860
0.31187 8.14472 0.05119
0.31238 8.11949 0.05000
0.31288 8.13934 0.04954
0.31339 8.11212 0.05146
0.31390 8.13005 0.05087
0.31440 8.10302 0.05157
0.31491 8.11486 0.05055
0.31542 8.05194 0.05107
0.31592 8.10634 0.05041
0.31643 8.12410 0.05140
0.31694 8.03705 0.05096
0.31744 8.08368 0.05089
0.31795 7.97380 0.05135
0.31845 8.05576 0.05098
0.31896 8.03552 0.05132
0.31947 7.96838 0.05090
0.31997 7.99885 0.05158
0.32048 7.99046 0.05152
0.32099 8.03559 0.05113
0.32149 8.01195 0.05207
0.32200 8.03029 0.05233
0.32251 7.94010 0.05187
0.32301 8.07589 0.05282
0.32352 8.04905 0.05205
0.32403 8.05457 0.05230
0.32453 8.00116 0.05250
0.32504 8.00801 0.05221
0.32555 8.04853 0.05127
0.32605 7.95170 0.05168
0.32656 7.96461 0.05102
0.32707 8.01089 0.05262
0.32757 8.08429 0.05252
0.32808 7.89614 0.05295
0.32859 7.92106 0.05244
0.32909 8.04145 0.05274
0.32960 7.97049 0.05145
0.33010 7.98181 0.05334
0.33061 7.97549 0.05169
0.33112 7.97628 0.05202
0.33162 7.97664 0.05263
0.33213 7.91929 0.05211
0.33264 7.96556 0.05240
0.33314 7.91977 0.05315
0.33365 7.96188 0.05281
0.33416 8.01482 0.05292
0.33466 7.95295 0.05235
0.33517 7.93799 0.05159
0.33568 7.95026 0.05372
0.33618 7.94834 0.05127
0.33669 7.88815 0.05262
0.33720 7.92263 0.05201
0.33770 7.99313 0.05285
0.33821 7.96791 0.05307
0.33872 7.97898 0.05325
0.33922 7.90925 0.05466
0.33973 7.87641 0.05374
0.34023 7.94191 0.05426
0.34074 7.92825 0.05406
0.34125 7.96695 0.05429
0.34175 7.86971 0.05411
0.34226 7.85031 0.05486
0.34277 7.79234 0.05217
0.34327 8.06574 0.05363
0.34378 7.92308 0.05266
0.34429 7.93019 0.05343
0.34479 7.77490 0.05154
0.34530 7.93563 0.05346
0.34581 7.90314 0.05456
0.34631 7.98965 0.05408
0.34682 7.92879 0.05455
0.34733 7.92498 0.05461
0.34783 7.90973 0.05498
0.34834 7.88260 0.05273
0.34884 7.88802 0.05328
0.34935 7.86377 0.05530
0.34986 7.73365 0.05351
0.35036 7.81491 0.05400
0.35087 7.84875 0.05411
0.35138 7.91600 0.05537
0.35188 7.81317 0.05308
0.35239 7.96560 0.05450
0.35290 7.84363 0.05409
0.35340 7.78777 0.05129
0.35391 7.84150 0.05516
0.35442 7.78991 0.05191
0.35492 7.80586 0.05171
0.35543 7.79019 0.05133
0.35594 7.77091 0.05178
0.35644 7.91037 0.05220
0.35695 7.72601 0.05274
0.35745 7.75516 0.05207
0.35796 7.78823 0.05121
0.35847 7.76766 0.05267
0.35897 7.91166 0.05194
0.35948 7.81483 0.05231
0.35999 7.81507 0.05236
0.36049 7.81754 0.05174
0.36100 7.82860 0.05235
0.36151 7.76255 0.05109
0.36201 7.77067 0.05183
0.36252 7.73700 0.05153
0.36303 7.78160 0.05270
0.36353 7.68881 0.05244
0.36404 7.76499 0.05149
0.36455 7.64295 0.05221
0.36505 7.83716 0.05480
0.36556 7.72589 0.05187
0.36606 7.71626 0.05399
0.36657 7.72481 0.05277
0.36708 7.70886 0.05394
0.36758 7.75572 0.05410
0.36809 7.68288 0.05467
0.36860 7.65940 0.05546
0.36910 7.65254 0.05553
0.36961 7.72571 0.05597
0.37012 7.53374 0.05518
0.37062 7.68460 0.05634
0.37113 7.66958 0.05437
0.37164 7.73491 0.05523
0.37214 7.71765 0.05502
0.37265 7.68644 0.05640
0.37315 7.62127 0.05523
0.37366 7.66963 0.05616
0.37417 7.62117 0.05568
0.37467 7.68284 0.05721
0.37518 7.69683 0.05734
0.37569 7.70249 0.05745
0.37619 7.75538 0.05730
0.37670 7.61689 0.05734
0.37721 7.68208 0.05875
0.37771 7.61531 0.05850
0.37822 7.66449 0.05853
0.37873 7.68449 0.05895
0.37923 7.67727 0.05879
0.37974 7.60357 0.05868
0.38024 7.66702 0.05767
0.38075 7.70624 0.05886
0.38126 7.63411 0.05961
0.38176 7.64354 0.06034
0.38227 7.69316 0.05899
0.38278 7.76343 0.06008
0.38328 7.67779 0.06005
0.38379 7.45913 0.06256
0.38430 7.62882 0.06058
0.38480 7.70835 0.06229
0.38531 7.60333 0.06123
0.38582 7.70095 0.06126
0.38632 7.71357 0.06242
0.38683 7.67189 0.06142
0.38733 7.65017 0.05979
0.38784 7.64161 0.06337
0.38835 7.54654 0.06405
0.38885 7.65603 0.06502
0.38936 7.63637 0.06347
0.38987 7.58464 0.06218
0.39037 7.58161 0.06522
0.39088 7.51241 0.06444
0.39139 7.64447 0.06625
0.39189 7.57323 0.06369
0.39240 7.55654 0.06585
0.39290 7.55245 0.06392
0.39341 7.69756 0.06562
0.39392 7.68927 0.07082
0.39442 7.52092 0.06460
0.39493 7.62685 0.06534
0.39544 7.51003 0.06771
0.39594 7.56079 0.06758
0.39645 7.65901 0.06785
0.39696 7.58958 0.06677
0.39746 7.47690 0.06931
0.39797 7.56214 0.06795
0.39847 7.47249 0.06821
0.39898 7.64442 0.07037
0.39949 7.46509 0.06879
0.39999 7.59160 0.07012
0.40050 7.60380 0.07135
0.40101 7.34989 0.07050
0.40151 7.49028 0.07050
0.40202 7.46512 0.07100
0.40253 7.48798 0.07168
0.40303 7.46600 0.07060
0.40354 7.43732 0.06727
0.40405 7.45510 0.06938
0.40455 7.39305 0.07282
0.40506 7.45649 0.07263
0.40556 7.40842 0.07175
0.40607 7.48152 0.07278
0.40658 7.60071 0.07330
0.40708 7.39560 0.07310
0.40759 7.58555 0.07541
0.40810 7.51492 0.07127
0.40860 7.45397 0.07384
0.40911 7.36857 0.07427
0.40962 7.38865 0.07466
0.41012 7.47126 0.07357
0.41063 7.48845 0.07492
0.41113 7.40160 0.07399
0.41164 7.42081 0.07536
0.41215 7.32685 0.07471
0.41265 7.46501 0.07392
0.41316 7.35334 0.07379
0.41367 7.54175 0.07427
0.41417 7.37085 0.07375
0.41468 7.32140 0.07013
0.41518 7.38405 0.07592
0.41569 7.32149 0.07532
0.41620 7.26428 0.07459
0.41670 7.36427 0.07733
0.41721 7.49091 0.07676
0.41772 7.48974 0.07647
0.41822 7.29753 0.07579
0.41873 7.35487 0.07524
0.41924 7.63392 0.07988
0.41974 7.37452 0.07866
0.42025 7.38647 0.07827
0.42075 7.32243 0.07910
0.42126 7.44482 0.07862
0.42177 7.43590 0.07794
0.42227 7.39750 0.07997
0.42278 7.50777 0.08170
0.42329 7.47153 0.08284
0.42379 7.40533 0.08372
0.42430 7.33446 0.08652
0.42481 7.48572 0.08399
0.42531 7.35663 0.08094
0.42582 7.48331 0.08536
0.42632 7.52057 0.08298
0.42683 7.34988 0.08504
0.42734 7.24282 0.08462
0.42784 7.33247 0.08604
0.42835 7.40527 0.08987
0.42886 7.40253 0.08702
0.42936 7.49138 0.08788
0.42987 7.40344 0.08792
0.43037 7.56679 0.09117
0.43088 7.27140 0.08474
0.43139 7.37802 0.08997
0.43189 7.50798 0.09131
0.43240 7.46347 0.09178
0.43291 7.33978 0.09168
0.43341 7.39728 0.09358
0.43392 7.33273 0.09427
0.43443 7.27776 0.09156
0.43493 7.40778 0.09866
0.43544 7.28804 0.09193
0.43594 7.24398 0.09626
0.43645 7.36193 0.09963
0.43696 7.28497 0.09577
0.43746 7.59880 0.10545
0.43797 7.44143 0.10017
0.43848 7.46649 0.10001
0.43898 7.28717 0.09753
0.43949 7.36005 0.10216
0.43999 7.24543 0.10853
