0.01140 1544.85596 62.85979
0.01191 1070.56379 50.97284
0.01242 702.31313 53.12281
0.01292 416.75261 37.86238
0.01343 280.51170 26.64740
0.01394 205.99249 18.97415
0.01444 169.93883 15.50907
0.01495 135.86161 12.91626
0.01546 102.44092 8.21005
0.01596 94.57686 7.76194
0.01647 82.89109 6.43664
0.01698 66.43089 4.74282
0.01748 59.93439 4.21789
0.01799 54.93663 3.34446
0.01850 50.39967 2.69233
0.01900 44.12736 2.26065
0.01951 40.85261 1.88668
0.02002 38.89330 1.61382
0.02052 35.86457 1.26733
0.02103 34.19743 1.22643
0.02154 31.78811 0.90943
0.02204 30.27463 0.78785
0.02255 29.02759 0.69418
0.02306 27.06940 0.55592
0.02356 26.88767 0.51692
0.02407 25.38776 0.40085
0.02458 24.67313 0.41894
0.02509 23.81200 0.38853
0.02559 23.17964 0.34518
0.02610 23.00060 0.31822
0.02661 21.75687 0.28909
0.02711 21.74318 0.24920
0.02762 20.65553 0.24677
0.02813 20.34179 0.23694
0.02863 19.63989 0.21998
0.02914 19.29145 0.20316
0.02965 18.99617 0.20638
0.03015 18.75379 0.19244
0.03066 18.42831 0.19548
0.03117 18.08727 0.19855
0.03167 17.53104 0.17516
0.03218 17.23222 0.17398
0.03269 17.15604 0.18578
0.03319 16.62766 0.17826
0.03370 16.49510 0.17677
0.03421 16.65056 0.17711
0.03471 16.70858 0.16868
0.03522 16.25843 0.17208
0.03573 16.00078 0.16693
0.03623 16.03739 0.16453
0.03674 15.71386 0.17308
0.03725 15.47151 0.15634
0.03775 15.45110 0.16171
0.03826 15.11743 0.15382
0.03877 15.27768 0.15514
0.03927 15.27904 0.14680
0.03978 14.84765 0.14095
0.04029 14.55403 0.14763
0.04080 14.87192 0.14586
0.04130 14.69005 0.14596
0.04181 14.24912 0.13980
0.04232 14.26051 0.14459
0.04282 14.24476 0.14557
0.04333 14.26524 0.14554
0.04384 14.17356 0.13105
0.04434 14.35744 0.14382
0.04485 14.01204 0.13561
0.04536 13.77201 0.14030
0.04586 13.94773 0.12709
0.04637 13.83514 0.12970
0.04688 13.62404 0.13253
0.04738 13.70661 0.12849
0.04789 13.47208 0.13361
0.04840 13.66212 0.12791
0.04890 13.76436 0.12744
0.04941 13.49758 0.12361
0.04992 13.24425 0.12622
0.05042 13.50620 0.12698
0.05093 13.45578 0.12559
0.05144 13.44241 0.12072
0.05194 13.38284 0.12344
0.05245 13.35136 0.11417
0.05296 13.16238 0.11502
0.05346 13.27265 0.11999
0.05397 13.10961 0.12131
0.05448 13.09906 0.11512
0.05498 13.08091 0.11585
0.05549 12.91004 0.11821
0.05600 12.84821 0.11707
0.05650 12.96638 0.11819
0.05701 12.87491 0.11583
0.05752 12.88879 0.11017
0.05803 12.96983 0.11271
0.05853 12.99661 0.11534
0.05904 12.82201 0.10959
0.05955 12.84164 0.11253
0.06005 12.74455 0.11104
0.06056 12.52091 0.10745
0.06107 12.76015 0.11042
0.06157 12.56069 0.10790
0.06208 12.70721 0.11030
0.06259 12.52996 0.10816
0.06309 12.52913 0.10766
0.06360 12.70942 0.10618
0.06411 12.67142 0.10505
0.06461 12.37435 0.09949
0.06512 12.53696 0.10320
0.06563 12.38598 0.10463
0.06613 12.42160 0.10784
0.06664 12.41865 0.10490
0.06715 12.50438 0.10193
0.06765 12.43426 0.09960
0.06816 12.18638 0.10191
0.06867 12.19724 0.10324
0.06917 12.20209 0.10101
0.06968 12.17246 0.10521
0.07019 12.03672 0.09673
0.07069 12.21412 0.09907
0.07120 12.24299 0.09703
0.07171 12.22245 0.09999
0.07221 12.22085 0.09841
0.07272 12.18576 0.10166
0.07323 12.08154 0.10016
0.07373 12.13679 0.10095
0.07424 12.03686 0.09651
0.07475 11.96718 0.09737
0.07526 11.95522 0.09694
0.07576 11.97471 0.10057
0.07627 12.04990 0.09423
0.07678 12.06707 0.08981
0.07728 12.01795 0.09199
0.07779 12.06414 0.09580
0.07830 11.90043 0.09337
0.07880 11.91990 0.09284
0.07931 11.99109 0.09306
0.07982 11.95730 0.08992
0.08032 11.88191 0.09064
0.08083 11.86967 0.09144
0.08134 11.74080 0.09204
0.08184 11.75913 0.09093
0.08235 11.95203 0.09041
0.08286 11.63210 0.09313
0.08336 11.75145 0.09551
0.08387 11.74936 0.09606
0.08438 11.81427 0.09306
0.08488 11.77925 0.09489
0.08539 11.90344 0.09356
0.08590 11.56235 0.09519
0.08640 11.88867 0.09584
0.08691 11.87607 0.09504
0.08742 11.67965 0.09289
0.08792 11.65716 0.09210
0.08843 11.60015 0.09578
0.08894 11.64516 0.09216
0.08944 11.45948 0.09281
0.08995 11.81246 0.09329
0.09046 11.70439 0.09339
0.09096 11.50767 0.09220
0.09147 11.67448 0.09748
0.09198 11.50213 0.09660
0.09248 11.44569 0.09857
0.09299 11.38078 0.09719
0.09350 11.40251 0.09464
0.09401 11.47946 0.09782
0.09451 11.60735 0.09257
0.09502 11.43234 0.09286
0.09553 11.50052 0.09170
0.09603 11.56973 0.09603
0.09654 11.56862 0.09378
0.09705 11.45663 0.09423
0.09755 11.36656 0.09530
0.09806 11.59850 0.09594
0.09857 11.35758 0.09477
0.09907 11.47415 0.09217
0.09958 11.30705 0.09205
0.10009 11.46517 0.09176
0.10059 11.47061 0.09120
0.10110 11.57823 0.09446
0.10161 11.43355 0.09213
0.10211 11.42533 0.08811
0.10262 11.37894 0.08880
0.10313 11.26377 0.09351
0.10363 11.30253 0.09192
0.10414 11.39257 0.09066
0.10465 11.32475 0.08937
0.10515 11.32710 0.09301
0.10566 11.26159 0.09167
0.10617 11.24041 0.08986
0.10667 11.41524 0.08930
0.10718 11.20816 0.08624
0.10769 11.17213 0.08915
0.10819 11.38628 0.08509
0.10870 11.24118 0.08656
0.10921 11.11002 0.08414
0.10971 11.19301 0.08566
0.11022 11.09232 0.08631
0.11073 11.14897 0.08637
0.11123 11.23358 0.08502
0.11174 11.27943 0.08581
0.11225 11.11991 0.08280
0.11275 11.13780 0.08197
0.11326 11.21790 0.07980
0.11377 11.20454 0.08428
0.11428 11.16201 0.08476
0.11478 11.03345 0.08231
0.11529 11.11895 0.08232
0.11580 11.00454 0.08254
0.11630 11.30523 0.08062
0.11681 11.09504 0.07973
0.11732 11.14963 0.07922
0.11782 11.16484 0.07874
0.11833 11.12402 0.07934
0.11884 11.05765 0.07690
0.11934 11.15458 0.07903
0.11985 11.04819 0.07617
0.12036 10.97187 0.07912
0.12086 11.04207 0.07644
0.12137 10.95489 0.07676
0.12188 11.07696 0.07642
0.12238 11.08003 0.07756
0.12289 10.95566 0.07817
0.12340 11.10979 0.07738
0.12390 10.95729 0.07829
0.12441 10.85923 0.07597
0.12492 11.08205 0.07524
0.12542 10.85751 0.07463
0.12593 10.96338 0.07505
0.12644 10.98407 0.07325
0.12694 10.90482 0.07456
0.12745 11.06639 0.07611
0.12796 10.90815 0.07342
0.12846 11.01108 0.07542
0.12897 11.02759 0.07329
0.12948 10.97267 0.07351
0.12998 10.91208 0.07185
0.13049 10.95913 0.07452
0.13100 10.92768 0.07103
0.13150 10.89106 0.07030
0.13201 11.00311 0.07042
0.13252 10.81806 0.07061
0.13302 10.86894 0.07146
0.13353 10.89742 0.07111
0.13404 10.89937 0.07183
0.13454 10.86010 0.07024
0.13505 10.85228 0.07071
0.13556 10.64488 0.07057
0.13606 10.71480 0.06964
0.13657 10.71890 0.06928
0.13708 10.77069 0.07058
0.13758 10.77795 0.07045
0.13809 10.73835 0.06791
0.13860 10.62853 0.06870
0.13911 10.64876 0.06722
0.13961 10.67294 0.06844
0.14012 10.59006 0.06780
0.14063 10.60281 0.06723
0.14113 10.57067 0.06841
0.14164 10.67000 0.06622
0.14215 10.63624 0.06639
0.14265 10.59356 0.06775
0.14316 10.73751 0.06823
0.14367 10.69867 0.07026
0.14417 10.62099 0.06743
0.14468 10.38828 0.06790
0.14519 10.45018 0.06562
0.14569 10.50629 0.06653
0.14620 10.48659 0.06553
0.14671 10.56867 0.06543
0.14721 10.48765 0.06597
0.14772 10.56352 0.06500
0.14823 10.44716 0.06461
0.14873 10.36955 0.06458
0.14924 10.45380 0.06549
0.14975 10.43629 0.06520
0.15025 10.28759 0.06388
0.15076 10.37759 0.06421
0.15127 10.35885 0.06401
0.15177 10.29667 0.06506
0.15228 10.33201 0.06395
0.15279 10.29042 0.06416
0.15329 10.11239 0.06469
0.15380 10.35454 0.06572
0.15431 10.22935 0.06365
0.15481 10.20600 0.06194
0.15532 10.23673 0.06359
0.15583 10.27748 0.06523
0.15633 10.18386 0.06281
0.15684 10.10863 0.06190
0.15735 10.24573 0.06344
0.15785 10.25039 0.06246
0.15836 10.14490 0.06209
0.15887 10.04660 0.06326
0.15937 10.07233 0.06126
0.15988 10.07623 0.06235
0.16039 10.11616 0.06192
0.16089 9.93668 0.06217
0.16140 9.99949 0.05975
0.16191 10.02486 0.05979
0.16241 10.02527 0.05999
0.16292 9.87444 0.06164
0.16343 9.90840 0.06012
0.16393 9.95317 0.06149
0.16444 9.94117 0.06007
0.16495 9.90954 0.06096
0.16545 9.96980 0.06055
0.16596 9.86302 0.06040
0.16647 9.85309 0.06015
0.16697 9.87978 0.05997
0.16748 9.83415 0.05847
0.16799 9.95178 0.06036
0.16849 9.85516 0.05849
0.16900 9.78770 0.05949
0.16951 9.76277 0.05914
0.17001 9.82115 0.06024
0.17052 9.77271 0.05992
0.17103 9.72501 0.05891
0.17153 9.69684 0.06048
0.17204 9.70296 0.06020
0.17255 9.85877 0.06013
0.17305 9.76097 0.05955
0.17356 9.72023 0.05864
0.17407 9.72545 0.05947
0.17457 9.64684 0.06096
0.17508 9.71955 0.06017
0.17559 9.67066 0.06137
0.17610 9.67971 0.06032
0.17660 9.61983 0.05846
0.17711 9.83108 0.06020
0.17762 9.63590 0.05919
0.17812 9.71852 0.06269
0.17863 9.71816 0.05982
0.17914 9.60862 0.06012
0.17964 9.58655 0.06229
0.18015 9.66402 0.06040
0.18066 9.56768 0.06240
0.18116 9.68611 0.06123
0.18167 9.57835 0.06143
0.18218 9.68457 0.06147
0.18268 9.56438 0.06156
0.18319 9.53796 0.06288
0.18370 9.52889 0.06307
0.18420 9.51274 0.06187
0.18471 9.52142 0.06249
0.18522 9.55972 0.06253
0.18572 9.57001 0.06489
0.18623 9.63803 0.06253
0.18674 9.63019 0.06345
0.18724 9.56050 0.06322
0.18775 9.55850 0.06410
0.18826 9.44972 0.06352
0.18876 9.48845 0.06347
0.18927 9.58742 0.06420
0.18978 9.56611 0.06361
0.19028 9.56270 0.06415
0.19079 9.52486 0.06442
0.19130 9.51351 0.06272
0.19180 9.49002 0.06719
0.19231 9.52945 0.06502
0.19282 9.53804 0.06336
0.19332 9.58164 0.06534
0.19383 9.46593 0.06442
0.19434 9.41443 0.06536
0.19484 9.44076 0.06500
0.19535 9.41846 0.06347
0.19586 9.45883 0.06446
0.19636 9.40159 0.06314
0.19687 9.40403 0.06671
0.19738 9.46734 0.06451
0.19788 9.30050 0.06516
0.19839 9.36501 0.06582
0.19890 9.45716 0.06468
0.19940 9.41900 0.06542
0.19991 9.48943 0.06668
0.20042 9.41404 0.06633
0.20092 9.30348 0.06518
0.20143 9.39179 0.06588
0.20194 9.37038 0.06557
0.20244 9.32769 0.06590
0.20295 9.31521 0.06466
0.20346 9.35509 0.06473
0.20396 9.35706 0.06506
0.20447 9.33896 0.06669
0.20498 9.34164 0.06486
0.20548 9.32167 0.06496
0.20599 9.33825 0.06640
0.20650 9.31524 0.06452
0.20700 9.30517 0.06502
0.20751 9.24779 0.06252
0.20802 9.37282 0.06372
0.20852 9.36657 0.06423
0.20903 9.32340 0.06571
0.20954 9.36115 0.06461
0.21004 9.32484 0.06445
0.21055 9.26967 0.06466
0.21106 9.24963 0.06597
0.21156 9.35659 0.06420
0.21207 9.27039 0.06502
0.21258 9.15278 0.06533
0.21308 9.12466 0.06516
0.21359 9.27642 0.06437
0.21410 9.21809 0.06486
0.21460 9.28079 0.06468
0.21511 9.21536 0.06605
0.21562 9.22300 0.06652
0.21612 9.14317 0.06530
0.21663 9.16742 0.06374
0.21714 9.11842 0.06527
0.21764 9.20536 0.06512
0.21815 9.15656 0.06350
0.21866 9.04369 0.06548
0.21916 9.15796 0.06459
0.21967 9.11594 0.06357
0.22018 9.04608 0.06472
0.22068 9.06043 0.06262
0.22119 9.01218 0.06378
0.22170 9.07790 0.06451
0.22220 9.13060 0.06380
0.22271 9.01425 0.06169
0.22322 9.00850 0.06618
0.22372 8.88168 0.06150
0.22423 9.08337 0.06251
0.22474 9.04122 0.06266
0.22524 9.02951 0.06158
0.22575 8.97773 0.06285
0.22626 9.10969 0.06359
0.22676 9.01628 0.06150
0.22727 8.99095 0.06183
0.22778 8.95349 0.06095
0.22828 9.01104 0.06056
0.22879 8.98829 0.06223
0.22930 9.07408 0.06004
0.22980 8.97933 0.05983
0.23031 8.90738 0.06027
0.23082 8.79588 0.06072
0.23132 8.94920 0.05978
0.23183 8.97926 0.05902
0.23234 8.92964 0.06064
0.23284 8.94022 0.05938
0.23335 8.96735 0.05851
0.23386 8.90871 0.05871
0.23436 8.95771 0.05879
0.23487 8.96096 0.05601
0.23538 8.93033 0.05932
0.23588 8.95546 0.05885
0.23639 8.84919 0.05881
0.23690 9.00067 0.05891
0.23740 8.83695 0.05891
0.23791 8.84686 0.05999
0.23842 8.87908 0.05903
0.23892 8.85741 0.05691
0.23943 8.84817 0.05704
0.23994 8.82651 0.05749
0.24044 8.84124 0.05734
0.24095 8.88330 0.05786
0.24145 8.85281 0.05844
0.24196 8.78724 0.05719
0.24247 8.86646 0.05748
0.24297 8.84378 0.05577
0.24348 8.89351 0.05723
0.24399 8.76392 0.05613
0.24449 8.84929 0.05877
0.24500 8.89560 0.05729
0.24551 8.72729 0.05607
0.24601 8.85917 0.05699
0.24652 8.74150 0.05573
0.24703 8.76969 0.05650
0.24753 8.71684 0.05666
0.24804 8.75893 0.05392
0.24855 8.70030 0.05575
0.24905 8.76707 0.05569
0.24956 8.60411 0.05666
0.25007 8.65169 0.05410
0.25057 8.78031 0.05545
0.25108 8.76617 0.05372
0.25159 8.68356 0.05666
0.25209 8.70293 0.05618
0.25260 8.78421 0.05605
0.25311 8.63090 0.05420
0.25361 8.69333 0.05457
0.25412 8.67883 0.05400
0.25463 8.77947 0.05514
0.25513 8.70711 0.05395
0.25564 8.69972 0.05396
0.25615 8.75631 0.05541
0.25665 8.59536 0.05298
0.25716 8.62723 0.05425
0.25767 8.66219 0.05409
0.25817 8.68848 0.05272
0.25868 8.69878 0.05368
0.25919 8.67603 0.05313
0.25969 8.65923 0.05268
0.26020 8.59912 0.05221
0.26071 8.66382 0.05325
0.26121 8.68947 0.05316
0.26172 8.56557 0.05294
0.26223 8.65970 0.05150
0.26273 8.55051 0.05124
0.26324 8.55481 0.05215
0.26375 8.64495 0.05143
0.26425 8.68130 0.05404
0.26476 8.57211 0.05175
0.26527 8.65537 0.05188
0.26577 8.62622 0.05180
0.26628 8.62658 0.05319
0.26679 8.57089 0.05182
0.26729 8.53288 0.05165
0.26780 8.56918 0.05159
0.26831 8.54635 0.05177
0.26881 8.48271 0.05097
0.26932 8.64621 0.05044
0.26983 8.51288 0.05194
0.27033 8.52419 0.05154
0.27084 8.54142 0.05092
0.27134 8.47732 0.05093
0.27185 8.50088 0.05074
0.27236 8.47090 0.05090
0.27286 8.46537 0.05085
0.27337 8.53489 0.05044
0.27388 8.45666 0.05110
0.27438 8.48443 0.05057
0.27489 8.59831 0.05014
0.27540 8.42214 0.05091
0.27590 8.43823 0.05061
0.27641 8.48560 0.04937
0.27692 8.42588 0.05051
0.27742 8.38248 0.05041
0.27793 8.50301 0.05079
0.27844 8.39465 0.04862
0.27894 8.40359 0.04889
0.27945 8.38488 0.04965
0.27996 8.43173 0.04846
0.28046 8.33712 0.04861
0.28097 8.33096 0.04912
0.28148 8.38977 0.04873
0.28198 8.30217 0.04955
0.28249 8.39411 0.04932
0.28300 8.41613 0.04825
0.28350 8.41884 0.04879
0.28401 8.34040 0.04752
0.28452 8.45196 0.04896
0.28502 8.37750 0.04989
0.28553 8.32071 0.04958
0.28604 8.36610 0.04940
0.28654 8.35021 0.04833
0.28705 8.35506 0.04947
0.28756 8.27342 0.04811
0.28806 8.27116 0.04831
0.28857 8.36371 0.05040
0.28908 8.37233 0.04871
0.28958 8.36302 0.04889
0.29009 8.34460 0.04990
0.29059 8.33055 0.04900
0.29110 8.28036 0.04979
0.29161 8.39224 0.04888
0.29211 8.30235 0.04894
0.29262 8.26347 0.04794
0.29313 8.26576 0.04958
0.29363 8.22630 0.04906
0.29414 8.29420 0.04945
0.29465 8.27425 0.05029
0.29515 8.28600 0.04933
0.29566 8.23359 0.05017
0.29617 8.25086 0.04916
0.29667 8.25868 0.04831
0.29718 8.20666 0.04926
0.29769 8.36929 0.05012
0.29819 8.20820 0.04835
0.29870 8.20474 0.04891
0.29921 8.30350 0.04964
0.29971 8.13308 0.04777
0.30022 8.23745 0.04945
0.30073 8.15323 0.04846
0.30123 8.14723 0.04858
0.30174 8.23511 0.04892
0.30225 8.21060 0.04999
0.30275 8.17262 0.04865
0.30326 8.16063 0.04796
0.30377 8.20832 0.04796
0.30427 8.07877 0.04764
0.30478 8.15588 0.04878
0.30529 8.25235 0.04909
0.30579 8.11525 0.04784
0.30630 8.17067 0.04798
0.30680 8.08856 0.04724
0.30731 8.04086 0.04786
0.30782 8.13227 0.04731
0.30832 8.12419 0.04842
0.30883 8.13693 0.04738
0.30934 8.18125 0.04758
0.30984 8.06929 0.04883
0.31035 8.16568 0.04795
0.31086 8.10175 0.04831
0.31136 8.14438 0.04878
0.31187 8.16415 0.04837
0.31238 7.99928 0.04796
0.31288 8.13710 0.04852
0.31339 8.14452 0.04968
0.31390 8.12618 0.05074
0.31440 8.17391 0.05126
0.31491 7.99651 0.05063
0.31542 8.13291 0.05076
0.31592 8.01722 0.05142
0.31643 8.02388 0.05072
0.31694 8.09116 0.05219
0.31744 8.03516 0.05062
0.31795 8.16263 0.05252
0.31845 8.03435 0.05191
0.31896 8.01555 0.05172
0.31947 8.11622 0.05204
0.31997 8.01608 0.05221
0.32048 8.03376 0.05262
0.32099 8.05212 0.05235
0.32149 8.00438 0.05140
0.32200 7.97137 0.05279
0.32251 7.99855 0.05180
0.32301 8.03528 0.05163
0.32352 8.09859 0.05174
0.32403 7.92846 0.05260
0.32453 7.90675 0.05173
0.32504 7.98101 0.05129
0.32555 7.99112 0.05109
0.32605 7.97552 0.05096
0.32656 7.94607 0.05268
0.32707 7.94171 0.05087
0.32757 8.02138 0.05243
0.32808 8.11605 0.05241
0.32859 8.00046 0.05205
0.32909 8.04145 0.05190
0.32960 8.03213 0.05119
0.33010 8.00353 0.05310
0.33061 7.93968 0.05201
0.33112 7.97698 0.05190
0.33162 7.94033 0.05227
0.33213 8.00360 0.05220
0.33264 7.96876 0.05309
0.33314 7.95889 0.05170
0.33365 8.10366 0.05226
0.33416 7.88789 0.05218
0.33466 7.92292 0.05390
0.33517 8.01622 0.05322
0.33568 7.87652 0.05323
0.33618 7.97707 0.05406
0.33669 7.97503 0.05346
0.33720 7.89912 0.05251
0.33770 7.88971 0.05320
0.33821 7.79863 0.05190
0.33872 7.89320 0.05229
0.33922 8.03994 0.05434
0.33973 7.93791 0.05297
0.34023 7.94704 0.05266
0.34074 7.88124 0.05309
0.34125 7.90564 0.05279
0.34175 7.92306 0.05377
0.34226 7.87734 0.05291
0.34277 7.81400 0.05442
0.34327 7.94768 0.05360
0.34378 7.95793 0.05329
0.34429 7.94214 0.05338
0.34479 7.91417 0.05214
0.34530 7.91994 0.05291
0.34581 7.87915 0.05236
0.34631 7.96949 0.05392
0.34682 7.86353 0.05317
0.34733 7.95475 0.05374
0.34783 7.95793 0.05381
0.34834 7.97309 0.05487
0.34884 7.96413 0.05389
0.34935 7.91145 0.05416
0.34986 7.87934 0.05456
0.35036 7.80542 0.05293
0.35087 7.78288 0.05390
0.35138 7.80304 0.05418
0.35188 7.91073 0.05488
0.35239 7.84900 0.05329
0.35290 7.87413 0.05365
0.35340 7.86666 0.05306
0.35391 7.88991 0.05255
0.35442 7.81334 0.05008
0.35492 7.77366 0.05188
0.35543 7.83494 0.05067
0.35594 7.80778 0.05102
0.35644 7.80878 0.05205
0.35695 7.82460 0.05183
0.35745 7.86597 0.05090
0.35796 7.82208 0.05179
0.35847 7.78427 0.05215
0.35897 7.74644 0.05114
0.35948 7.71783 0.05070
0.35999 7.76075 0.05187
0.36049 7.69367 0.05155
0.36100 7.65037 0.05057
0.36151 7.78971 0.05124
0.36201 7.82245 0.05238
0.36252 7.77152 0.05002
0.36303 7.81218 0.05300
0.36353 7.72967 0.05167
0.36404 7.79882 0.05321
0.36455 7.80215 0.05318
0.36505 7.77385 0.05239
0.36556 7.68463 0.05305
0.36606 7.66297 0.05292
0.36657 7.73291 0.05368
0.36708 7.61578 0.05327
0.36758 7.64371 0.05283
0.36809 7.70188 0.05525
0.36860 7.56997 0.05565
0.36910 7.58545 0.05541
0.36961 7.62286 0.05623
0.37012 7.65570 0.05625
0.37062 7.72758 0.05621
0.37113 7.70842 0.05567
0.37164 7.58807 0.05501
0.37214 7.70436 0.05398
0.37265 7.68400 0.05502
0.37315 7.70902 0.05486
0.37366 7.66187 0.05632
0.37417 7.69230 0.05663
0.37467 7.74942 0.05624
0.37518 7.67803 0.05654
0.37569 7.74664 0.05773
0.37619 7.68714 0.05784
0.37670 7.62851 0.05643
0.37721 7.77714 0.05843
0.37771 7.68883 0.05837
0.37822 7.73088 0.05753
0.37873 7.71347 0.05815
0.37923 7.68090 0.05875
0.37974 7.75590 0.05902
0.38024 7.65785 0.05881
0.38075 7.66759 0.05934
0.38126 7.68823 0.06012
0.38176 7.74015 0.05997
0.38227 7.68841 0.05987
0.38278 7.58750 0.06028
0.38328 7.66856 0.06077
0.38379 7.60729 0.05942
0.38430 7.67270 0.06049
0.38480 7.68396 0.06009
0.38531 7.60434 0.06190
0.38582 7.70652 0.06236
0.38632 7.69061 0.06172
0.38683 7.54848 0.06183
0.38733 7.55256 0.06364
0.38784 7.69720 0.06437
0.38835 7.67366 0.06341
0.38885 7.70373 0.06238
0.38936 7.64285 0.06406
0.38987 7.57864 0.06260
0.39037 7.64020 0.06511
0.39088 7.68274 0.06436
0.39139 7.67364 0.06559
0.39189 7.58218 0.06408
0.39240 7.56969 0.06576
0.39290 7.55361 0.06448
0.39341 7.59840 0.06615
0.39392 7.75208 0.06991
0.39442 7.61778 0.06650
0.39493 7.62506 0.06837
0.39544 7.49139 0.06351
0.39594 7.54927 0.06618
0.39645 7.56548 0.06773
0.39696 7.53274 0.06600
0.39746 7.58656 0.06714
0.39797 7.63791 0.07169
0.39847 7.48831 0.06832
0.39898 7.56219 0.07105
0.39949 7.50625 0.06856
0.39999 7.41473 0.06962
0.40050 7.49689 0.07097
0.40101 7.46729 0.06966
0.40151 7.55131 0.07157
0.40202 7.54183 0.07121
0.40253 7.36554 0.07121
0.40303 7.54101 0.07051
0.40354 7.51021 0.07370
0.40405 7.57288 0.07391
0.40455 7.56613 0.07410
0.40506 7.55778 0.07406
0.40556 7.58873 0.07353
0.40607 7.54833 0.07156
0.40658 7.39021 0.07391
0.40708 7.50645 0.07323
0.40759 7.51402 0.07335
0.40810 7.50746 0.07787
0.40860 7.37395 0.07236
0.40911 7.35284 0.07214
0.40962 7.34450 0.07476
0.41012 7.34535 0.07657
0.41063 7.33924 0.07314
0.41113 7.40462 0.07362
0.41164 7.53527 0.07786
0.41215 7.55886 0.07388
0.41265 7.37551 0.07338
0.41316 7.31150 0.07159
0.41367 7.42012 0.07306
0.41417 7.49746 0.07575
0.41468 7.43437 0.07552
0.41518 7.51205 0.07532
0.41569 7.44136 0.07558
0.41620 7.52357 0.07448
0.41670 7.44306 0.07742
0.41721 7.60233 0.07736
0.41772 7.57055 0.07700
0.41822 7.28040 0.07706
0.41873 7.38524 0.07456
0.41924 7.39251 0.07570
0.41974 7.40418 0.07894
0.42025 7.58100 0.07832
0.42075 7.33515 0.08145
0.42126 7.46369 0.08092
0.42177 7.35015 0.07921
0.42227 7.32367 0.07513
0.42278 7.49349 0.08232
0.42329 7.36384 0.08148
0.42379 7.41359 0.07658
0.42430 7.40926 0.07997
0.42481 7.39012 0.08153
0.42531 7.43077 0.08189
0.42582 7.43092 0.08391
0.42632 7.36428 0.08068
0.42683 7.47716 0.08748
0.42734 7.32375 0.08288
0.42784 7.41097 0.08587
0.42835 7.44978 0.08883
0.42886 7.23845 0.08762
0.42936 7.42869 0.08649
0.42987 7.36411 0.09049
0.43037 7.40307 0.08646
0.43088 7.31867 0.09077
0.43139 7.23768 0.09239
0.43189 7.29913 0.08914
0.43240 7.44591 0.08855
0.43291 7.29639 0.09145
0.43341 7.39728 0.09163
0.43392 7.44520 0.09626
0.43443 7.35940 0.09136
0.43493 7.37875 0.09460
0.43544 7.19949 0.09533
0.43594 7.27178 0.09564
0.43645 7.35001 0.10303
0.43696 7.33877 0.09983
0.43746 7.47906 0.09937
0.43797 7.18920 0.09772
0.43848 7.35661 0.10136
0.43898 7.31629 0.10434
0.43949 7.16566 0.10213
0.43999 7.55603 0.10087
