0.01140 1556.64389 63.55897
0.01191 1077.84290 51.28824
0.01242 709.64045 53.28639
0.01292 425.50266 38.33096
0.01343 285.93331 27.00472
0.01394 215.94752 19.28634
0.01444 178.61858 16.07492
0.01495 148.74544 13.25014
0.01546 113.69436 8.55208
0.01596 108.83016 8.15359
0.01647 95.12902 6.33357
0.01698 81.22866 4.68338
0.01748 74.14371 3.94577
0.01799 68.38809 3.32430
0.01850 64.18400 2.82899
0.01900 56.67214 2.30622
0.01951 54.54989 1.92346
0.02002 51.22589 1.75681
0.02052 49.76080 1.33291
0.02103 46.82756 1.14147
0.02154 44.95668 0.92372
0.02204 44.01188 0.81765
0.02255 42.12582 0.69191
0.02306 41.28608 0.58044
0.02356 40.34169 0.56788
0.02407 39.34949 0.46511
0.02458 38.53481 0.45122
0.02509 37.05232 0.39133
0.02559 36.98715 0.39980
0.02610 36.60408 0.38253
0.02661 36.11404 0.34953
0.02711 35.33268 0.31645
0.02762 34.35077 0.30012
0.02813 34.26457 0.30555
0.02863 33.41886 0.27480
0.02914 33.65657 0.27563
0.02965 32.66628 0.27302
0.03015 32.35677 0.25745
0.03066 32.38778 0.26804
0.03117 31.77025 0.25364
0.03167 31.15302 0.24221
0.03218 31.33258 0.25552
0.03269 31.21293 0.22974
0.03319 30.90560 0.24957
0.03370 30.62118 0.24114
0.03421 30.22982 0.23745
0.03471 30.28271 0.21752
0.03522 30.13837 0.23865
0.03573 30.02309 0.23381
0.03623 29.75760 0.23334
0.03674 29.06412 0.22120
0.03725 29.66155 0.23645
0.03775 28.72839 0.21458
0.03826 28.98685 0.21239
0.03877 28.60325 0.21166
0.03927 28.83290 0.20741
0.03978 28.27262 0.20644
0.04029 28.49240 0.21074
0.04080 28.39199 0.19970
0.04130 28.25447 0.19968
0.04181 28.16489 0.19384
0.04232 28.04885 0.20837
0.04282 27.81400 0.19199
0.04333 27.98214 0.20158
0.04384 27.53500 0.19608
0.04434 27.37362 0.19784
0.04485 27.56515 0.19129
0.04536 27.35745 0.19034
0.04586 27.11568 0.18920
0.04637 27.02481 0.19047
0.04688 27.07902 0.19969
0.04738 26.60695 0.18620
0.04789 26.65048 0.18719
0.04840 26.30930 0.17786
0.04890 26.76307 0.17624
0.04941 26.30666 0.17715
0.04992 26.67289 0.18203
0.05042 26.38673 0.17942
0.05093 25.97183 0.17202
0.05144 26.25622 0.17140
0.05194 26.11497 0.17204
0.05245 26.18818 0.16529
0.05296 26.22316 0.16796
0.05346 26.15656 0.16804
0.05397 26.18689 0.16788
0.05448 25.59606 0.17280
0.05498 25.82661 0.16348
0.05549 25.63815 0.16383
0.05600 25.61865 0.16938
0.05650 25.21762 0.16290
0.05701 25.33616 0.17002
0.05752 25.18503 0.15666
0.05803 25.38151 0.16071
0.05853 25.08503 0.16062
0.05904 24.88789 0.15845
0.05955 24.93493 0.15571
0.06005 25.12314 0.15769
0.06056 25.25186 0.15874
0.06107 25.15235 0.16271
0.06157 24.78928 0.15421
0.06208 24.64908 0.15961
0.06259 24.65739 0.14963
0.06309 24.67359 0.15069
0.06360 24.47889 0.15259
0.06411 24.29792 0.14443
0.06461 24.28687 0.15155
0.06512 24.30226 0.14778
0.06563 24.38979 0.14626
0.06613 24.28317 0.14875
0.06664 23.94994 0.14760
0.06715 24.33845 0.15106
0.06765 23.83348 0.14127
0.06816 23.69930 0.14248
0.06867 23.67184 0.14179
0.06917 23.72087 0.13828
0.06968 23.67083 0.14515
0.07019 23.71904 0.13846
0.07069 23.49446 0.14351
0.07120 23.45550 0.13474
0.07171 23.47779 0.14045
0.07221 23.22882 0.13771
0.07272 23.56817 0.13398
0.07323 23.36936 0.13628
0.07373 23.32207 0.13427
0.07424 23.31278 0.13507
0.07475 23.10570 0.13332
0.07526 23.13094 0.12940
0.07576 23.06879 0.13266
0.07627 23.22364 0.13608
0.07678 23.05656 0.13224
0.07728 22.97724 0.13240
0.07779 22.79413 0.12810
0.07830 22.91276 0.13318
0.07880 23.01738 0.12890
0.07931 22.56277 0.12996
0.07982 22.80562 0.12860
0.08032 22.54561 0.12651
0.08083 22.57201 0.12539
0.08134 22.62666 0.13173
0.08184 22.26261 0.13001
0.08235 22.46890 0.13230
0.08286 22.22804 0.12696
0.08336 22.26074 0.12906
0.08387 22.49655 0.13082
0.08438 22.33439 0.12859
0.08488 22.05731 0.12675
0.08539 22.13538 0.12866
0.08590 22.18885 0.13077
0.08640 22.13417 0.12824
0.08691 22.16227 0.13009
0.08742 21.82794 0.13209
0.08792 21.55844 0.12966
0.08843 21.64215 0.13205
0.08894 21.70427 0.12808
0.08944 21.83440 0.12606
0.08995 21.72416 0.12664
0.09046 21.39368 0.13091
0.09096 21.49732 0.12872
0.09147 21.53724 0.13233
0.09198 21.34114 0.13198
0.09248 21.34750 0.13339
0.09299 21.34932 0.13452
0.09350 21.13920 0.13441
0.09401 21.22831 0.13392
0.09451 21.29910 0.13417
0.09502 21.20978 0.12730
0.09553 20.97673 0.12283
0.09603 21.00750 0.12941
0.09654 21.08214 0.12350
0.09705 21.02377 0.12663
0.09755 21.09104 0.12979
0.09806 20.93812 0.13027
0.09857 21.01021 0.12658
0.09907 20.99968 0.12644
0.09958 20.95530 0.12815
0.10009 20.74672 0.12569
0.10059 20.81313 0.12541
0.10110 20.81653 0.12449
0.10161 20.56370 0.12087
0.10211 20.58971 0.12168
0.10262 20.61386 0.11642
0.10313 20.45940 0.11977
0.10363 20.44981 0.12094
0.10414 20.49279 0.12395
0.10465 20.26083 0.12665
0.10515 20.48993 0.12406
0.10566 20.27295 0.12178
0.10617 20.16271 0.11985
0.10667 20.30245 0.12210
0.10718 20.14257 0.11538
0.10769 20.14462 0.11798
0.10819 20.05464 0.11631
0.10870 20.16282 0.11473
0.10921 19.91018 0.11021
0.10971 19.89102 0.11280
0.11022 19.93691 0.11316
0.11073 20.16597 0.11637
0.11123 19.85529 0.11371
0.11174 19.92558 0.11041
0.11225 19.62221 0.10891
0.11275 19.99201 0.11106
0.11326 19.56372 0.10935
0.11377 19.80502 0.10720
0.11428 19.75485 0.10711
0.11478 19.78644 0.10642
0.11529 19.62896 0.10921
0.11580 19.55766 0.10848
0.11630 19.58800 0.10853
0.11681 19.36635 0.10137
0.11732 19.49049 0.10540
0.11782 19.37453 0.10325
0.11833 19.18058 0.10352
0.11884 19.35328 0.10309
0.11934 19.25104 0.10456
0.11985 19.22475 0.10053
0.12036 19.22097 0.10445
0.12086 19.25829 0.10306
0.12137 19.12349 0.10167
0.12188 19.23468 0.10187
0.12238 19.03540 0.10372
0.12289 19.04301 0.10221
0.12340 19.03983 0.10065
0.12390 18.84128 0.09778
0.12441 19.01983 0.10277
0.12492 18.86811 0.10070
0.12542 18.85352 0.10027
0.12593 18.92646 0.09792
0.12644 18.75478 0.09781
0.12694 18.66928 0.09666
0.12745 18.74873 0.09998
0.12796 18.78316 0.09781
0.12846 18.80599 0.09616
0.12897 18.87481 0.09617
0.12948 18.68048 0.09616
0.12998 18.40728 0.09269
0.13049 18.74679 0.09502
0.13100 18.54212 0.09523
0.13150 18.53772 0.09473
0.13201 18.38935 0.09260
0.13252 18.28027 0.08952
0.13302 18.32662 0.09349
0.13353 18.13447 0.09087
0.13404 18.32326 0.09202
0.13454 18.26726 0.09066
0.13505 18.30812 0.09186
0.13556 18.22744 0.09037
0.13606 18.16249 0.09421
0.13657 18.12912 0.09060
0.13708 18.30095 0.09490
0.13758 18.14219 0.09131
0.13809 18.15315 0.08965
0.13860 18.11566 0.08757
0.13911 17.90465 0.08834
0.13961 18.00510 0.08957
0.14012 17.99945 0.08982
0.14063 17.85050 0.08927
0.14113 17.99529 0.09009
0.14164 17.98464 0.09000
0.14215 17.74054 0.08845
0.14265 17.94759 0.08812
0.14316 17.82419 0.08858
0.14367 17.87629 0.08754
0.14417 17.80460 0.08600
0.14468 17.77412 0.08952
0.14519 17.62428 0.08631
0.14569 17.60805 0.08560
0.14620 17.48281 0.08493
0.14671 17.53799 0.08467
0.14721 17.54396 0.08534
0.14772 17.56150 0.08508
0.14823 17.44350 0.08361
0.14873 17.41969 0.08469
0.14924 17.35973 0.08576
0.14975 17.32318 0.08411
0.15025 17.32652 0.08394
0.15076 17.30953 0.08302
0.15127 17.12455 0.08257
0.15177 17.19176 0.08073
0.15228 17.16914 0.08193
0.15279 17.22804 0.08238
0.15329 17.09266 0.08081
0.15380 16.96930 0.08386
0.15431 17.08119 0.08314
0.15481 17.07106 0.08348
0.15532 16.90779 0.08187
0.15583 16.93652 0.08159
0.15633 16.81500 0.07889
0.15684 16.91599 0.08321
0.15735 16.82621 0.07963
0.15785 16.84768 0.07930
0.15836 16.77867 0.07962
0.15887 16.74395 0.07856
0.15937 16.70329 0.07996
0.15988 16.70443 0.07829
0.16039 16.76721 0.07913
0.16089 16.65250 0.07774
0.16140 16.54212 0.08041
0.16191 16.77345 0.07750
0.16241 16.52348 0.07845
0.16292 16.56562 0.07736
0.16343 16.52347 0.07625
0.16393 16.43839 0.07629
0.16444 16.37274 0.07707
0.16495 16.37014 0.07597
0.16545 16.41700 0.07954
0.16596 16.30576 0.07622
0.16647 16.29078 0.07668
0.16697 16.36061 0.07582
0.16748 16.30067 0.07602
0.16799 16.43437 0.07591
0.16849 16.05473 0.07597
0.16900 16.32660 0.07583
0.16951 16.19029 0.07473
0.17001 16.14260 0.07639
0.17052 16.17824 0.07752
0.17103 16.02817 0.07805
0.17153 16.08129 0.07666
0.17204 16.07665 0.07893
0.17255 16.09605 0.07616
0.17305 15.93345 0.07776
0.17356 15.99051 0.07729
0.17407 16.06385 0.07903
0.17457 15.87348 0.07636
0.17508 15.89344 0.07577
0.17559 15.94134 0.07683
0.17610 15.87587 0.07738
0.17660 15.98752 0.07854
0.17711 15.85200 0.07678
0.17762 15.91268 0.07822
0.17812 15.93655 0.07883
0.17863 15.76688 0.07675
0.17914 15.67388 0.07766
0.17964 15.79090 0.07811
0.18015 15.87641 0.07760
0.18066 15.69534 0.07967
0.18116 15.60878 0.07949
0.18167 15.68744 0.07817
0.18218 15.70088 0.08069
0.18268 15.74378 0.08145
0.18319 15.36474 0.07793
0.18370 15.64492 0.08106
0.18420 15.57149 0.07937
0.18471 15.46049 0.07937
0.18522 15.41850 0.08046
0.18572 15.56030 0.08011
0.18623 15.37788 0.07865
0.18674 15.47464 0.08158
0.18724 15.49982 0.08142
0.18775 15.29213 0.07870
0.18826 15.29794 0.07993
0.18876 15.33290 0.07934
0.18927 15.31289 0.07970
0.18978 15.41543 0.08328
0.19028 15.43495 0.08084
0.19079 15.19691 0.08001
0.19130 15.25125 0.07905
0.19180 15.28712 0.08170
0.19231 15.19633 0.08148
0.19282 15.28287 0.08037
0.19332 15.06019 0.08213
0.19383 15.20480 0.08080
0.19434 15.04349 0.08171
0.19484 15.07233 0.08300
0.19535 15.14541 0.08088
0.19586 15.07838 0.08298
0.19636 14.97797 0.08154
0.19687 14.99794 0.08210
0.19738 14.99829 0.08154
0.19788 14.91484 0.07857
0.19839 15.11735 0.08342
0.19890 15.05881 0.08381
0.19940 15.07742 0.08157
0.19991 14.88307 0.08235
0.20042 14.95654 0.08193
0.20092 14.78979 0.08242
0.20143 14.99624 0.08229
0.20194 15.02196 0.08249
0.20244 14.85023 0.08108
0.20295 14.76691 0.08224
0.20346 14.82998 0.08320
0.20396 14.67576 0.08200
0.20447 14.91258 0.08269
0.20498 14.88651 0.08225
0.20548 14.66546 0.07980
0.20599 14.74114 0.08353
0.20650 14.64751 0.08160
0.20700 14.71157 0.08043
0.20751 14.64897 0.07959
0.20802 14.57583 0.08208
0.20852 14.66805 0.08088
0.20903 14.65679 0.08066
0.20954 14.64974 0.08321
0.21004 14.63817 0.08239
0.21055 14.64789 0.08002
0.21106 14.50442 0.08122
0.21156 14.49886 0.08125
0.21207 14.42519 0.07957
0.21258 14.45280 0.08169
0.21308 14.33889 0.07966
0.21359 14.50148 0.08109
0.21410 14.43559 0.07989
0.21460 14.39176 0.08074
0.21511 14.48743 0.08188
0.21562 14.38685 0.07927
0.21612 14.42758 0.08265
0.21663 14.28586 0.08202
0.21714 14.31085 0.08191
0.21764 14.13108 0.07903
0.21815 14.25326 0.07985
0.21866 14.25606 0.08192
0.21916 14.33172 0.07909
0.21967 14.25463 0.07968
0.22018 14.15056 0.08280
0.22068 14.29309 0.08168
0.22119 14.05862 0.07975
0.22170 14.11509 0.07902
0.22220 14.17028 0.07751
0.22271 14.15856 0.08054
0.22322 14.07726 0.07964
0.22372 14.06727 0.07943
0.22423 14.24632 0.07989
0.22474 13.94558 0.07854
0.22524 14.08113 0.07892
0.22575 14.00683 0.07753
0.22626 13.88814 0.07828
0.22676 13.95868 0.07904
0.22727 14.08877 0.07731
0.22778 13.82020 0.07515
0.22828 13.97960 0.07598
0.22879 14.00355 0.07852
0.22930 13.85619 0.07533
0.22980 13.93544 0.07546
0.23031 13.87046 0.07652
0.23082 13.81622 0.07448
0.23132 13.82344 0.07652
0.23183 13.72747 0.07453
0.23234 13.70607 0.07563
0.23284 13.85413 0.07521
0.23335 13.90885 0.07466
0.23386 13.87738 0.07427
0.23436 13.75969 0.07388
0.23487 13.84817 0.07335
0.23538 13.64794 0.07348
0.23588 13.68552 0.07357
0.23639 13.70230 0.07374
0.23690 13.64284 0.07441
0.23740 13.79889 0.07337
0.23791 13.52015 0.07269
0.23842 13.72859 0.07181
0.23892 13.61961 0.07122
0.23943 13.60319 0.07315
0.23994 13.63325 0.07297
0.24044 13.49715 0.07293
0.24095 13.43243 0.07084
0.24145 13.42299 0.07028
0.24196 13.47349 0.07112
0.24247 13.33982 0.07084
0.24297 13.50297 0.07161
0.24348 13.40750 0.06884
0.24399 13.47032 0.07084
0.24449 13.41785 0.06982
0.24500 13.40887 0.06992
0.24551 13.44483 0.07166
0.24601 13.33413 0.06979
0.24652 13.44698 0.06987
0.24703 13.48275 0.06916
0.24753 13.41792 0.06956
0.24804 13.30317 0.06980
0.24855 13.37161 0.06888
0.24905 13.31491 0.06917
0.24956 13.17657 0.06777
0.25007 13.29899 0.06847
0.25057 13.18707 0.06645
0.25108 13.20652 0.06923
0.25159 13.28256 0.06674
0.25209 13.26505 0.06793
0.25260 13.20968 0.06701
0.25311 13.19193 0.06762
0.25361 13.22932 0.06718
0.25412 13.06400 0.06782
0.25463 13.22290 0.06535
0.25513 13.17341 0.06477
0.25564 13.24521 0.06655
0.25615 13.27621 0.06796
0.25665 13.11916 0.06622
0.25716 13.11931 0.06418
0.25767 13.02340 0.06626
0.25817 13.00474 0.06415
0.25868 12.98208 0.06578
0.25919 13.08164 0.06594
0.25969 13.04417 0.06521
0.26020 13.10165 0.06389
0.26071 12.94581 0.06520
0.26121 13.08298 0.06528
0.26172 12.96644 0.06455
0.26223 12.95219 0.06572
0.26273 13.02938 0.06361
0.26324 12.92262 0.06574
0.26375 13.00270 0.06464
0.26425 12.98404 0.06321
0.26476 12.92537 0.06376
0.26527 13.00627 0.06437
0.26577 12.95983 0.06403
0.26628 12.97145 0.06374
0.26679 12.73066 0.06345
0.26729 12.91934 0.06280
0.26780 12.87451 0.06385
0.26831 12.86450 0.06391
0.26881 12.87270 0.06159
0.26932 12.82580 0.06208
0.26983 12.90340 0.06352
0.27033 12.87599 0.06267
0.27084 12.77100 0.06375
0.27134 12.69291 0.06312
0.27185 12.76064 0.06337
0.27236 12.79455 0.06174
0.27286 12.85305 0.06322
0.27337 12.67544 0.06187
0.27388 12.73582 0.06209
0.27438 12.71569 0.06177
0.27489 12.68048 0.06116
0.27540 12.66557 0.06099
0.27590 12.67589 0.06109
0.27641 12.68003 0.06144
0.27692 12.54005 0.06125
0.27742 12.64094 0.06000
0.27793 12.64381 0.06043
0.27844 12.74018 0.06149
0.27894 12.67843 0.06013
0.27945 12.61427 0.06058
0.27996 12.56918 0.05993
0.28046 12.49293 0.06035
0.28097 12.70780 0.06022
0.28148 12.63119 0.06075
0.28198 12.54641 0.05951
0.28249 12.62258 0.06142
0.28300 12.41888 0.05994
0.28350 12.55424 0.06035
0.28401 12.40709 0.05996
0.28452 12.64897 0.05913
0.28502 12.57632 0.06135
0.28553 12.39294 0.05843
0.28604 12.49218 0.05944
0.28654 12.44078 0.05912
0.28705 12.46045 0.05920
0.28756 12.27748 0.05953
0.28806 12.39439 0.05806
0.28857 12.38023 0.05918
0.28908 12.41371 0.05887
0.28958 12.39228 0.05953
0.29009 12.25130 0.05891
0.29059 12.37194 0.06049
0.29110 12.22177 0.05871
0.29161 12.25920 0.05914
0.29211 12.22761 0.05944
0.29262 12.23280 0.05923
0.29313 12.24253 0.06038
0.29363 12.26683 0.05977
0.29414 12.36750 0.05999
0.29465 12.25599 0.05994
0.29515 12.19108 0.05937
0.29566 12.27098 0.06124
0.29617 12.19022 0.05954
0.29667 12.20915 0.05887
0.29718 12.22577 0.05941
0.29769 12.18232 0.05994
0.29819 12.16319 0.05950
0.29870 12.17398 0.06062
0.29921 12.02648 0.05888
0.29971 12.01470 0.05819
0.30022 12.18103 0.05929
0.30073 12.08467 0.05943
0.30123 12.15016 0.06011
0.30174 12.06087 0.05930
0.30225 11.99521 0.05926
0.30275 12.06809 0.05893
0.30326 12.04679 0.05842
0.30377 11.95543 0.05861
0.30427 11.94117 0.05891
0.30478 11.96730 0.05931
0.30529 12.04359 0.05875
0.30579 11.88786 0.05743
0.30630 11.98997 0.05765
0.30680 11.98425 0.05767
0.30731 11.91697 0.05768
0.30782 11.94302 0.05651
0.30832 11.99777 0.05866
0.30883 11.87068 0.05751
0.30934 11.90113 0.05871
0.30984 11.90013 0.05934
0.31035 11.90941 0.05963
0.31086 11.88644 0.05938
0.31136 11.95503 0.06188
0.31187 11.85559 0.06061
0.31238 11.71178 0.06097
0.31288 11.83297 0.06203
0.31339 11.80887 0.06152
0.31390 11.80650 0.06180
0.31440 11.79406 0.06071
0.31491 11.85198 0.06136
0.31542 11.82885 0.06273
0.31592 11.76153 0.06055
0.31643 11.78426 0.06228
0.31694 11.84366 0.06265
0.31744 11.72653 0.06407
0.31795 11.82247 0.06369
0.31845 11.68890 0.06143
0.31896 11.68597 0.06256
0.31947 11.85258 0.06330
0.31997 11.76460 0.06321
0.32048 11.81338 0.06329
0.32099 11.66163 0.06411
0.32149 11.82995 0.06219
0.32200 11.56174 0.06225
0.32251 11.85326 0.06297
0.32301 11.70071 0.06252
0.32352 11.70290 0.06293
0.32403 11.52425 0.06406
0.32453 11.68698 0.06233
0.32504 11.63385 0.06236
0.32555 11.70721 0.06306
0.32605 11.65935 0.06381
0.32656 11.66163 0.06031
0.32707 11.61422 0.06257
0.32757 11.63956 0.06219
0.32808 11.64139 0.06269
0.32859 11.51887 0.06196
0.32909 11.55937 0.06273
0.32960 11.64189 0.06479
0.33010 11.52558 0.06370
0.33061 11.66714 0.06361
0.33112 11.56348 0.06430
0.33162 11.57371 0.06284
0.33213 11.53797 0.06233
0.33264 11.47337 0.06144
0.33314 11.62624 0.06412
0.33365 11.57143 0.06413
0.33416 11.49020 0.06467
0.33466 11.52554 0.06417
0.33517 11.44300 0.06319
0.33568 11.52896 0.06346
0.33618 11.62994 0.06479
0.33669 11.60665 0.06326
0.33720 11.53274 0.06465
0.33770 11.51923 0.06304
0.33821 11.47284 0.06366
0.33872 11.42573 0.06510
0.33922 11.40337 0.06437
0.33973 11.59461 0.06441
0.34023 11.36276 0.06396
0.34074 11.41968 0.06397
0.34125 11.41089 0.06432
0.34175 11.38102 0.06416
0.34226 11.49164 0.06370
0.34277 11.40309 0.06391
0.34327 11.40214 0.06322
0.34378 11.33134 0.06385
0.34429 11.43554 0.06483
0.34479 11.36783 0.06202
0.34530 11.36825 0.06434
0.34581 11.34325 0.06279
0.34631 11.31543 0.06315
0.34682 11.35240 0.06426
0.34733 11.50024 0.06566
0.34783 11.41232 0.06426
0.34834 11.24257 0.06506
0.34884 11.33304 0.06399
0.34935 11.29003 0.06491
0.34986 11.24152 0.06503
0.35036 11.39672 0.06708
0.35087 11.28379 0.06464
0.35138 11.32258 0.06486
0.35188 11.32192 0.06523
0.35239 11.34367 0.06436
0.35290 11.18697 0.06244
0.35340 11.41390 0.06384
0.35391 11.27612 0.06109
0.35442 11.30462 0.06143
0.35492 11.40060 0.06303
0.35543 11.20502 0.06283
0.35594 11.13358 0.06125
0.35644 11.18521 0.06165
0.35695 11.12147 0.06135
0.35745 11.25263 0.06330
0.35796 11.25248 0.06330
0.35847 11.30995 0.06315
0.35897 11.25858 0.06178
0.35948 11.16404 0.06337
0.35999 11.09923 0.06210
0.36049 11.17649 0.06165
0.36100 11.15345 0.06289
0.36151 11.03037 0.06199
0.36201 11.11301 0.06182
0.36252 11.09412 0.06211
0.36303 11.12450 0.06330
0.36353 11.07025 0.06284
0.36404 11.05186 0.06298
0.36455 11.13864 0.06388
0.36505 11.10051 0.06194
0.36556 11.09462 0.06339
0.36606 11.02615 0.06201
0.36657 10.99987 0.06414
0.36708 11.04483 0.06311
0.36758 11.03064 0.06501
0.36809 11.01721 0.06514
0.36860 10.84891 0.06719
0.36910 10.89877 0.06687
0.36961 11.03314 0.06730
0.37012 10.95810 0.06744
0.37062 10.97498 0.06769
0.37113 10.91323 0.06796
0.37164 10.95342 0.06641
0.37214 10.96328 0.06654
0.37265 11.04502 0.06654
0.37315 10.87264 0.06589
0.37366 11.00561 0.06608
0.37417 11.01505 0.06796
0.37467 10.82560 0.06745
0.37518 10.94224 0.06860
0.37569 11.03062 0.06986
0.37619 10.86466 0.06745
0.37670 10.88877 0.06785
0.37721 10.90762 0.06701
0.37771 11.02826 0.06879
0.37822 10.86360 0.06935
0.37873 10.90018 0.06917
0.37923 10.91779 0.07033
0.37974 10.89776 0.06978
0.38024 10.88931 0.06928
0.38075 10.95140 0.07090
0.38126 10.89255 0.07207
0.38176 11.01548 0.07176
0.38227 10.78534 0.07061
0.38278 10.86592 0.07275
0.38328 10.93976 0.07334
0.38379 10.89581 0.07205
0.38430 10.90305 0.07278
0.38480 10.87550 0.06973
0.38531 10.92038 0.07428
0.38582 10.86157 0.07553
0.38632 10.93967 0.07485
0.38683 10.82367 0.07453
0.38733 10.84992 0.07607
0.38784 10.84320 0.07523
0.38835 10.87622 0.07564
0.38885 10.77182 0.07470
0.38936 10.85317 0.07698
0.38987 10.81369 0.07555
0.39037 10.77689 0.07613
0.39088 10.88259 0.07590
0.39139 10.86272 0.07909
0.39189 10.71425 0.07833
0.39240 10.85639 0.08049
0.39290 10.73523 0.08062
0.39341 10.75686 0.07707
0.39392 10.59593 0.09468
0.39442 10.70079 0.07974
0.39493 10.70779 0.08066
0.39544 10.67930 0.07843
0.39594 10.65983 0.08272
0.39645 10.68137 0.07911
0.39696 10.80790 0.08236
0.39746 10.58277 0.08194
0.39797 10.67124 0.08061
0.39847 10.62399 0.07947
0.39898 10.61063 0.08370
0.39949 10.59879 0.08099
0.39999 10.62161 0.08441
0.40050 10.60857 0.08376
0.40101 10.59817 0.08171
0.40151 10.48680 0.08199
0.40202 10.54212 0.08485
0.40253 10.52142 0.08438
0.40303 10.59755 0.08389
0.40354 10.60007 0.08859
0.40405 10.62587 0.08698
0.40455 10.72491 0.08778
0.40506 10.60144 0.08563
0.40556 10.66139 0.08398
0.40607 10.70200 0.08764
0.40658 10.54700 0.08711
0.40708 10.48154 0.08594
0.40759 10.47949 0.08737
0.40810 10.46888 0.08737
0.40860 10.34342 0.08743
0.40911 10.61736 0.09082
0.40962 10.45547 0.08761
0.41012 10.35602 0.08637
0.41063 10.48020 0.08638
0.41113 10.41314 0.08765
0.41164 10.66656 0.08868
0.41215 10.42763 0.08713
0.41265 10.51098 0.08769
0.41316 10.49663 0.08905
0.41367 10.47996 0.09032
0.41417 10.37776 0.08851
0.41468 10.61822 0.08815
0.41518 10.46473 0.09335
0.41569 10.39033 0.08987
0.41620 10.45985 0.08934
0.41670 10.37986 0.08909
0.41721 10.40631 0.09074
0.41772 10.33648 0.08910
0.41822 10.39474 0.09204
0.41873 10.36559 0.09178
0.41924 10.44196 0.09367
0.41974 10.36890 0.09089
0.42025 10.38631 0.09199
0.42075 10.45177 0.09959
0.42126 10.55569 0.09094
0.42177 10.15530 0.09352
0.42227 10.41930 0.09552
0.42278 10.22968 0.09524
0.42329 10.37012 0.09567
0.42379 10.42088 0.09644
0.42430 10.39858 0.09629
0.42481 10.23524 0.09730
0.42531 10.47317 0.09999
0.42582 10.33576 0.09863
0.42632 10.21954 0.10143
0.42683 10.16518 0.10270
0.42734 10.24725 0.10160
0.42784 10.41409 0.10495
0.42835 10.06346 0.10224
0.42886 10.34572 0.10698
0.42936 10.24314 0.10133
0.42987 10.39780 0.10631
0.43037 10.29361 0.11000
0.43088 10.23691 0.10686
0.43139 10.11012 0.10653
0.43189 10.22525 0.10928
0.43240 10.25349 0.10819
0.43291 10.23746 0.10971
0.43341 10.24155 0.10941
0.43392 10.32303 0.11015
0.43443 10.30995 0.11202
0.43493 10.42114 0.11710
0.43544 10.08185 0.11285
0.43594 10.20274 0.11587
0.43645 10.23866 0.11768
0.43696 10.38135 0.11677
0.43746 10.25790 0.11848
0.43797 10.17507 0.12336
0.43848 10.25644 0.12196
0.43898 10.27193 0.12253
0.43949 10.25213 0.12249
0.43999 10.32572 0.12742
