0.01140 1479.49200 61.13647
0.01191 1038.47060 49.70411
0.01242 685.13122 49.85710
0.01292 409.05256 36.45557
0.01343 276.78619 24.91325
0.01394 207.27178 18.64153
0.01444 173.72792 14.97403
0.01495 138.45853 12.20242
0.01546 107.19430 7.94576
0.01596 100.79211 7.71017
0.01647 86.36674 5.92427
0.01698 71.55944 4.50368
0.01748 63.59742 3.83574
0.01799 61.19193 3.23450
0.01850 54.96606 2.61439
0.01900 49.05231 2.13760
0.01951 46.81845 1.84724
0.02002 43.74745 1.62752
0.02052 40.23759 1.26877
0.02103 39.89871 1.14660
0.02154 37.54846 0.85952
0.02204 35.84881 0.80728
0.02255 35.01751 0.66396
0.02306 33.15477 0.58428
0.02356 32.25875 0.51405
0.02407 31.29033 0.47867
0.02458 30.32223 0.42335
0.02509 29.76643 0.40884
0.02559 28.52413 0.35985
0.02610 28.03728 0.34688
0.02661 27.44295 0.31876
0.02711 26.98096 0.28186
0.02762 26.38105 0.26584
0.02813 25.68313 0.26075
0.02863 25.53733 0.24385
0.02914 24.66076 0.23190
0.02965 24.50975 0.23189
0.03015 24.27281 0.22813
0.03066 23.51057 0.23241
0.03117 22.94312 0.22106
0.03167 23.47054 0.21208
0.03218 22.53383 0.21378
0.03269 22.54267 0.20863
0.03319 22.36813 0.19617
0.03370 21.76312 0.19968
0.03421 21.79124 0.20965
0.03471 21.76870 0.19692
0.03522 21.20281 0.19769
0.03573 21.50736 0.19458
0.03623 21.48540 0.19372
0.03674 20.75934 0.18564
0.03725 20.78168 0.19188
0.03775 20.76842 0.19038
0.03826 20.73516 0.19007
0.03877 20.23637 0.18644
0.03927 20.16679 0.17773
0.03978 20.05540 0.17586
0.04029 20.12469 0.17545
0.04080 19.87685 0.16532
0.04130 19.99533 0.16518
0.04181 19.92645 0.16431
0.04232 19.48375 0.16581
0.04282 19.55351 0.16843
0.04333 19.41902 0.16290
0.04384 19.26510 0.15898
0.04434 19.22107 0.16321
0.04485 18.98640 0.15930
0.04536 19.23060 0.15951
0.04586 18.97083 0.16011
0.04637 18.76782 0.15787
0.04688 18.81434 0.15922
0.04738 18.57525 0.15564
0.04789 18.52557 0.15328
0.04840 18.45959 0.15129
0.04890 18.49672 0.14984
0.04941 18.49558 0.14796
0.04992 18.15681 0.14408
0.05042 18.33472 0.14579
0.05093 18.16040 0.13611
0.05144 18.14336 0.14128
0.05194 18.52426 0.14326
0.05245 18.02045 0.14203
0.05296 17.93459 0.14133
0.05346 17.88559 0.13810
0.05397 17.92509 0.13537
0.05448 17.81135 0.14351
0.05498 17.75069 0.13100
0.05549 17.79041 0.13790
0.05600 17.60148 0.13537
0.05650 17.46213 0.13616
0.05701 17.58022 0.13117
0.05752 17.48499 0.13181
0.05803 17.52437 0.13443
0.05853 17.43029 0.12995
0.05904 17.23224 0.12858
0.05955 17.39009 0.13285
0.06005 17.18684 0.13057
0.06056 17.22521 0.13358
0.06107 16.99266 0.13110
0.06157 17.27430 0.12554
0.06208 17.28470 0.12794
0.06259 16.93596 0.12940
0.06309 17.15648 0.12299
0.06360 16.81918 0.12656
0.06411 16.83464 0.12570
0.06461 17.04607 0.12771
0.06512 16.74526 0.12087
0.06563 16.78418 0.12557
0.06613 16.76312 0.12356
0.06664 16.38114 0.11555
0.06715 16.52795 0.11709
0.06765 16.64057 0.11588
0.06816 16.71282 0.12403
0.06867 16.55199 0.11528
0.06917 16.41209 0.11879
0.06968 16.21029 0.11428
0.07019 16.40615 0.11861
0.07069 16.16615 0.11541
0.07120 16.51469 0.11259
0.07171 16.31838 0.11340
0.07221 16.20606 0.11565
0.07272 16.06384 0.10618
0.07323 16.07753 0.11045
0.07373 16.14398 0.11221
0.07424 16.26742 0.11607
0.07475 16.15927 0.11612
0.07526 16.03304 0.11420
0.07576 15.94143 0.10798
0.07627 15.73870 0.11235
0.07678 15.81601 0.10644
0.07728 15.98321 0.10515
0.07779 15.71147 0.10366
0.07830 15.71000 0.10885
0.07880 15.84677 0.10624
0.07931 15.77694 0.10925
0.07982 15.56471 0.10570
0.08032 15.69211 0.10426
0.08083 15.58782 0.10699
0.08134 15.54077 0.10690
0.08184 15.58079 0.10707
0.08235 15.42205 0.10850
0.08286 15.35293 0.10731
0.08336 15.31210 0.10713
0.08387 15.40956 0.10814
0.08438 15.15643 0.10588
0.08488 15.30272 0.10457
0.08539 15.34638 0.10242
0.08590 15.41238 0.10300
0.08640 15.40460 0.10577
0.08691 15.40972 0.10429
0.08742 15.20543 0.10800
0.08792 15.23009 0.10836
0.08843 15.01983 0.10636
0.08894 15.11054 0.10669
0.08944 14.87477 0.10209
0.08995 15.18986 0.10464
0.09046 14.77526 0.10441
0.09096 14.87398 0.10815
0.09147 14.81109 0.11040
0.09198 14.91338 0.11066
0.09248 14.95176 0.10995
0.09299 14.82435 0.10890
0.09350 14.85869 0.11355
0.09401 14.80523 0.10855
0.09451 14.98611 0.10831
0.09502 14.78391 0.10780
0.09553 14.77076 0.11008
0.09603 14.69024 0.11104
0.09654 14.79183 0.10231
0.09705 14.50913 0.10359
0.09755 14.55510 0.10559
0.09806 14.62107 0.10370
0.09857 14.43477 0.10438
0.09907 14.69970 0.10910
0.09958 14.48749 0.10709
0.10009 14.75346 0.10637
0.10059 14.59910 0.10193
0.10110 14.42244 0.10248
0.10161 14.40647 0.10009
0.10211 14.47731 0.10140
0.10262 14.37947 0.09939
0.10313 14.23278 0.10061
0.10363 14.29073 0.10122
0.10414 14.40340 0.10144
0.10465 14.29997 0.10057
0.10515 14.06294 0.10494
0.10566 14.22780 0.09964
0.10617 13.94811 0.09929
0.10667 14.26555 0.09696
0.10718 14.16057 0.09982
0.10769 13.99891 0.09628
0.10819 14.14908 0.09416
0.10870 14.07626 0.09423
0.10921 14.18245 0.09510
0.10971 13.82191 0.09614
0.11022 14.04476 0.09483
0.11073 14.04100 0.09452
0.11123 14.07628 0.09395
0.11174 14.08216 0.09302
0.11225 13.84959 0.09050
0.11275 13.82897 0.09536
0.11326 13.99415 0.09363
0.11377 13.95368 0.09498
0.11428 13.84034 0.09248
0.11478 13.78811 0.08841
0.11529 13.96155 0.08974
0.11580 13.93409 0.08822
0.11630 13.77927 0.09012
0.11681 13.82376 0.09147
0.11732 13.77538 0.08714
0.11782 13.63979 0.08549
0.11833 13.64269 0.08672
0.11884 13.65302 0.08511
0.11934 13.75647 0.08884
0.11985 13.73165 0.08824
0.12036 13.49430 0.08647
0.12086 13.59282 0.08581
0.12137 13.81335 0.08510
0.12188 13.57139 0.08478
0.12238 13.71522 0.08535
0.12289 13.54141 0.08540
0.12340 13.44044 0.08622
0.12390 13.49612 0.08486
0.12441 13.43521 0.08311
0.12492 13.49657 0.08408
0.12542 13.31782 0.08175
0.12593 13.42591 0.08049
0.12644 13.31782 0.08420
0.12694 13.47382 0.08400
0.12745 13.21350 0.08263
0.12796 13.30579 0.08434
0.12846 13.45748 0.08032
0.12897 13.34627 0.07886
0.12948 13.22938 0.07917
0.12998 13.16044 0.08141
0.13049 13.09456 0.07777
0.13100 13.13912 0.07861
0.13150 13.20925 0.07878
0.13201 13.01072 0.07757
0.13252 13.18239 0.07885
0.13302 13.10624 0.07503
0.13353 13.05345 0.07709
0.13404 13.11122 0.07982
0.13454 13.01988 0.07790
0.13505 12.93829 0.07647
0.13556 12.94956 0.07483
0.13606 12.98026 0.07722
0.13657 12.92177 0.07683
0.13708 12.91170 0.07529
0.13758 12.90930 0.07542
0.13809 12.80571 0.07409
0.13860 12.96466 0.07638
0.13911 12.81646 0.07206
0.13961 12.83012 0.07637
0.14012 12.70352 0.07515
0.14063 12.68024 0.07523
0.14113 12.88318 0.07409
0.14164 12.79962 0.07295
0.14215 12.62376 0.07351
0.14265 12.63021 0.07272
0.14316 12.61221 0.07322
0.14367 12.60037 0.07230
0.14417 12.71763 0.07204
0.14468 12.64119 0.07292
0.14519 12.64854 0.07381
0.14569 12.60909 0.07338
0.14620 12.46101 0.07271
0.14671 12.37748 0.07303
0.14721 12.50374 0.07176
0.14772 12.34043 0.07073
0.14823 12.50794 0.07196
0.14873 12.48118 0.06996
0.14924 12.30826 0.07128
0.14975 12.30185 0.07113
0.15025 12.27335 0.07175
0.15076 12.27312 0.07028
0.15127 12.26425 0.06914
0.15177 12.35281 0.06895
0.15228 12.21874 0.07044
0.15279 12.19158 0.06826
0.15329 12.33119 0.07140
0.15380 12.17358 0.06891
0.15431 12.19706 0.06954
0.15481 12.19435 0.06890
0.15532 12.11146 0.06887
0.15583 12.13097 0.06926
0.15633 12.04642 0.06881
0.15684 12.09334 0.06866
0.15735 12.01972 0.06677
0.15785 12.15394 0.06788
0.15836 11.99586 0.06753
0.15887 11.94552 0.06916
0.15937 12.15528 0.06856
0.15988 12.05116 0.06773
0.16039 11.95432 0.06666
0.16089 11.96264 0.06762
0.16140 12.01594 0.06506
0.16191 11.80825 0.06597
0.16241 11.94130 0.06713
0.16292 11.79805 0.06650
0.16343 11.82009 0.06517
0.16393 11.75781 0.06559
0.16444 11.62331 0.06498
0.16495 11.74057 0.06611
0.16545 11.77895 0.06469
0.16596 11.73925 0.06541
0.16647 11.82364 0.06565
0.16697 11.61584 0.06285
0.16748 11.71644 0.06426
0.16799 11.65588 0.06302
0.16849 11.63094 0.06402
0.16900 11.67334 0.06455
0.16951 11.54362 0.06518
0.17001 11.69325 0.06502
0.17052 11.69580 0.06398
0.17103 11.57597 0.06359
0.17153 11.61814 0.06418
0.17204 11.68196 0.06574
0.17255 11.71471 0.06622
0.17305 11.43680 0.06421
0.17356 11.48149 0.06418
0.17407 11.48877 0.06699
0.17457 11.45627 0.06477
0.17508 11.53558 0.06644
0.17559 11.43462 0.06479
0.17610 11.54136 0.06596
0.17660 11.44432 0.06603
0.17711 11.48982 0.06585
0.17762 11.30385 0.06572
0.17812 11.35316 0.06332
0.17863 11.39422 0.06563
0.17914 11.48158 0.06573
0.17964 11.36574 0.06628
0.18015 11.36483 0.06744
0.18066 11.35158 0.06608
0.18116 11.38296 0.06620
0.18167 11.23929 0.06638
0.18218 11.33191 0.06769
0.18268 11.28013 0.06723
0.18319 11.40283 0.06882
0.18370 11.30937 0.06844
0.18420 11.18577 0.06807
0.18471 11.26072 0.06952
0.18522 11.18382 0.06811
0.18572 11.24934 0.06903
0.18623 11.21993 0.07020
0.18674 11.12517 0.06747
0.18724 11.19444 0.06807
0.18775 11.14850 0.06889
0.18826 11.16266 0.06832
0.18876 11.11451 0.06739
0.18927 11.12856 0.06996
0.18978 11.12014 0.06989
0.19028 11.11589 0.07023
0.19079 11.03270 0.06706
0.19130 11.12379 0.06819
0.19180 11.05803 0.07003
0.19231 11.03316 0.06774
0.19282 11.14539 0.06977
0.19332 11.12354 0.06904
0.19383 11.05380 0.06909
0.19434 11.12171 0.06807
0.19484 10.96247 0.06937
0.19535 10.98383 0.07189
0.19586 11.02671 0.06941
0.19636 10.93689 0.07098
0.19687 11.06955 0.07092
0.19738 10.93433 0.07058
0.19788 10.92917 0.07028
0.19839 11.13709 0.07102
0.19890 10.96128 0.07055
0.19940 10.89580 0.07041
0.19991 10.94155 0.07011
0.20042 10.89113 0.07017
0.20092 10.93889 0.07193
0.20143 10.96798 0.07142
0.20194 10.90773 0.07142
0.20244 10.88383 0.07041
0.20295 10.91750 0.07089
0.20346 10.92269 0.07176
0.20396 10.89670 0.07112
0.20447 10.82107 0.07087
0.20498 10.86238 0.07031
0.20548 10.81203 0.06852
0.20599 10.80996 0.07174
0.20650 10.79034 0.07122
0.20700 10.78582 0.06798
0.20751 10.79680 0.07101
0.20802 10.74516 0.06987
0.20852 10.83489 0.06624
0.20903 10.83504 0.06973
0.20954 10.61745 0.06807
0.21004 10.65038 0.07028
0.21055 10.87513 0.06972
0.21106 10.74082 0.06760
0.21156 10.69504 0.07153
0.21207 10.67331 0.07061
0.21258 10.78561 0.07154
0.21308 10.63198 0.07217
0.21359 10.73222 0.07077
0.21410 10.62909 0.06874
0.21460 10.65914 0.06905
0.21511 10.62334 0.07123
0.21562 10.67286 0.06987
0.21612 10.57542 0.07077
0.21663 10.64029 0.07084
0.21714 10.65553 0.07057
0.21764 10.58243 0.06905
0.21815 10.61217 0.06752
0.21866 10.57808 0.06837
0.21916 10.51384 0.07052
0.21967 10.52407 0.06888
0.22018 10.41725 0.06786
0.22068 10.50871 0.06797
0.22119 10.42835 0.06883
0.22170 10.47071 0.06877
0.22220 10.58758 0.06808
0.22271 10.55794 0.06774
0.22322 10.46867 0.06951
0.22372 10.37119 0.06765
0.22423 10.38856 0.06670
0.22474 10.40884 0.06732
0.22524 10.37548 0.06692
0.22575 10.33028 0.06653
0.22626 10.57672 0.06620
0.22676 10.34080 0.06741
0.22727 10.41064 0.06672
0.22778 10.39589 0.06750
0.22828 10.29348 0.06568
0.22879 10.33985 0.06562
0.22930 10.36033 0.06608
0.22980 10.18638 0.06421
0.23031 10.25475 0.06485
0.23082 10.28216 0.06421
0.23132 10.39748 0.06533
0.23183 10.21464 0.06476
0.23234 10.30033 0.06343
0.23284 10.26888 0.06328
0.23335 10.31011 0.06390
0.23386 10.26051 0.06482
0.23436 10.20556 0.06211
0.23487 10.24172 0.06256
0.23538 10.22047 0.06344
0.23588 10.25311 0.06260
0.23639 10.20475 0.06245
0.23690 10.12590 0.06258
0.23740 10.20315 0.06177
0.23791 10.11947 0.06184
0.23842 10.23688 0.06262
0.23892 10.11357 0.06337
0.23943 10.08500 0.06153
0.23994 10.10458 0.06147
0.24044 10.25069 0.06235
0.24095 10.15081 0.06202
0.24145 10.10820 0.06110
0.24196 10.04396 0.06213
0.24247 10.09764 0.06090
0.24297 10.17295 0.06058
0.24348 10.07433 0.06127
0.24399 10.13238 0.06072
0.24449 10.02848 0.06168
0.24500 9.99247 0.06090
0.24551 9.98181 0.06069
0.24601 10.09631 0.06029
0.24652 10.06186 0.06034
0.24703 9.86850 0.05943
0.24753 10.00557 0.06027
0.24804 9.99284 0.06082
0.24855 10.12841 0.05968
0.24905 9.90692 0.05974
0.24956 9.99839 0.05930
0.25007 9.93393 0.05878
0.25057 10.04586 0.05865
0.25108 9.95385 0.05793
0.25159 9.95734 0.05936
0.25209 9.89948 0.05867
0.25260 10.05540 0.05986
0.25311 9.89797 0.05832
0.25361 9.96591 0.05895
0.25412 9.91066 0.05851
0.25463 9.83690 0.05860
0.25513 9.96854 0.05587
0.25564 9.80506 0.05739
0.25615 9.77122 0.05770
0.25665 9.89828 0.05882
0.25716 9.84559 0.05781
0.25767 9.80668 0.05696
0.25817 9.96120 0.05693
0.25868 9.98502 0.05762
0.25919 9.92318 0.05651
0.25969 9.87515 0.05629
0.26020 9.80956 0.05727
0.26071 9.88531 0.05742
0.26121 9.84741 0.05456
0.26172 9.80242 0.05635
0.26223 9.84178 0.05561
0.26273 9.81410 0.05440
0.26324 9.85011 0.05676
0.26375 9.81575 0.05672
0.26425 9.83044 0.05447
0.26476 9.73937 0.05514
0.26527 9.78260 0.05605
0.26577 9.82664 0.05553
0.26628 9.84556 0.05457
0.26679 9.76839 0.05556
0.26729 9.75095 0.05459
0.26780 9.75594 0.05416
0.26831 9.68965 0.05540
0.26881 9.73309 0.05599
0.26932 9.64556 0.05343
0.26983 9.69597 0.05540
0.27033 9.60615 0.05354
0.27084 9.71880 0.05400
0.27134 9.67527 0.05356
0.27185 9.70204 0.05442
0.27236 9.49908 0.05316
0.27286 9.71343 0.05472
0.27337 9.64425 0.05425
0.27388 9.56276 0.05408
0.27438 9.58023 0.05324
0.27489 9.66407 0.05412
0.27540 9.61018 0.05393
0.27590 9.64589 0.05353
0.27641 9.59566 0.05430
0.27692 9.60045 0.05270
0.27742 9.64208 0.05253
0.27793 9.65675 0.05290
0.27844 9.67046 0.05295
0.27894 9.43582 0.05268
0.27945 9.57520 0.05317
0.27996 9.59842 0.05256
0.28046 9.50568 0.05404
0.28097 9.51304 0.05253
0.28148 9.54844 0.05287
0.28198 9.52085 0.05208
0.28249 9.53976 0.05125
0.28300 9.47083 0.05153
0.28350 9.50103 0.05171
0.28401 9.56179 0.05177
0.28452 9.49070 0.05107
0.28502 9.36851 0.05119
0.28553 9.47683 0.05150
0.28604 9.47996 0.05057
0.28654 9.47521 0.05227
0.28705 9.50906 0.05258
0.28756 9.49487 0.05117
0.28806 9.52410 0.05215
0.28857 9.47659 0.05125
0.28908 9.47709 0.05193
0.28958 9.40486 0.05230
0.29009 9.53233 0.05235
0.29059 9.33057 0.05195
0.29110 9.42546 0.05243
0.29161 9.34906 0.05170
0.29211 9.45698 0.05258
0.29262 9.33374 0.05261
0.29313 9.35107 0.05380
0.29363 9.39377 0.05188
0.29414 9.44756 0.05343
0.29465 9.36102 0.05269
0.29515 9.32885 0.05177
0.29566 9.25745 0.05142
0.29617 9.29559 0.05227
0.29667 9.17528 0.05183
0.29718 9.30426 0.05336
0.29769 9.32030 0.05298
0.29819 9.31454 0.05198
0.29870 9.20107 0.05209
0.29921 9.29219 0.05153
0.29971 9.19391 0.05138
0.30022 9.26436 0.05175
0.30073 9.18935 0.05201
0.30123 9.26644 0.05125
0.30174 9.29175 0.05191
0.30225 9.22066 0.05123
0.30275 9.21662 0.05211
0.30326 9.24356 0.05046
0.30377 9.10986 0.05181
0.30427 9.24631 0.05052
0.30478 9.12070 0.05047
0.30529 9.16136 0.05054
0.30579 9.12805 0.04977
0.30630 9.21501 0.05104
0.30680 9.07621 0.05092
0.30731 9.15235 0.05077
0.30782 9.13710 0.05072
0.30832 9.21139 0.05073
0.30883 9.19766 0.05070
0.30934 9.09747 0.05079
0.30984 9.00109 0.05177
0.31035 9.09890 0.05107
0.31086 9.11984 0.05177
0.31136 9.10640 0.05189
0.31187 9.17891 0.05324
0.31238 9.05689 0.05316
0.31288 9.12720 0.05379
0.31339 9.07392 0.05432
0.31390 9.04747 0.05369
0.31440 9.08891 0.05439
0.31491 9.07020 0.05517
0.31542 9.10228 0.05493
0.31592 9.02210 0.05354
0.31643 9.06921 0.05540
0.31694 9.05441 0.05366
0.31744 8.96818 0.05437
0.31795 9.01646 0.05659
0.31845 9.12565 0.05454
0.31896 9.02364 0.05557
0.31947 9.01661 0.05533
0.31997 9.11313 0.05535
0.32048 8.99241 0.05340
0.32099 8.97896 0.05437
0.32149 9.01460 0.05415
0.32200 9.01755 0.05445
0.32251 9.01575 0.05562
0.32301 8.99293 0.05560
0.32352 8.98139 0.05464
0.32403 8.97686 0.05417
0.32453 8.96198 0.05648
0.32504 8.98787 0.05413
0.32555 8.93097 0.05494
0.32605 9.04836 0.05558
0.32656 9.00928 0.05408
0.32707 8.91129 0.05595
0.32757 8.87203 0.05445
0.32808 8.92435 0.05439
0.32859 8.90918 0.05435
0.32909 9.05160 0.05482
0.32960 9.04236 0.05635
0.33010 9.00918 0.05685
0.33061 9.01450 0.05523
0.33112 8.95689 0.05560
0.33162 8.96634 0.05608
0.33213 8.88994 0.05510
0.33264 9.04026 0.05578
0.33314 8.93989 0.05453
0.33365 8.87246 0.05452
0.33416 8.91763 0.05400
0.33466 8.93230 0.05624
0.33517 8.97678 0.05587
0.33568 8.97265 0.05484
0.33618 8.86653 0.05588
0.33669 8.82314 0.05481
0.33720 8.94986 0.05451
0.33770 8.97254 0.05615
0.33821 8.94555 0.05655
0.33872 8.79906 0.05575
0.33922 8.90532 0.05632
0.33973 8.96658 0.05717
0.34023 8.92883 0.05615
0.34074 8.87806 0.05603
0.34125 8.87897 0.05722
0.34175 8.91465 0.05671
0.34226 8.83600 0.05652
0.34277 8.88058 0.05688
0.34327 8.83645 0.05714
0.34378 8.81352 0.05677
0.34429 8.78580 0.05621
0.34479 8.87350 0.05618
0.34530 8.83160 0.05741
0.34581 8.86503 0.05715
0.34631 8.78030 0.05862
0.34682 8.94586 0.05724
0.34733 8.82115 0.05733
0.34783 8.82332 0.05672
0.34834 8.77221 0.05703
0.34884 8.83354 0.05669
0.34935 8.72472 0.05869
0.34986 8.77231 0.05614
0.35036 8.75484 0.05893
0.35087 8.82062 0.05712
0.35138 8.77799 0.05648
0.35188 8.75536 0.05558
0.35239 8.79326 0.05546
0.35290 8.78341 0.05589
0.35340 8.76647 0.05617
0.35391 8.77179 0.05666
0.35442 8.69971 0.05383
0.35492 8.75162 0.05443
0.35543 8.69941 0.05360
0.35594 8.75469 0.05347
0.35644 8.80006 0.05485
0.35695 8.66629 0.05403
0.35745 8.67038 0.05464
0.35796 8.78759 0.05646
0.35847 8.69494 0.05596
0.35897 8.64156 0.05452
0.35948 8.51906 0.05469
0.35999 8.74039 0.05403
0.36049 8.64828 0.05363
0.36100 8.68224 0.05418
0.36151 8.73380 0.05551
0.36201 8.56902 0.05385
0.36252 8.64489 0.05456
0.36303 8.73519 0.05425
0.36353 8.67336 0.05410
0.36404 8.71474 0.05582
0.36455 8.64490 0.05579
0.36505 8.55750 0.05631
0.36556 8.58907 0.05580
0.36606 8.59009 0.05490
0.36657 8.59855 0.05635
0.36708 8.56072 0.05543
0.36758 8.61532 0.05695
0.36809 8.67625 0.05815
0.36860 8.62169 0.05939
0.36910 8.50575 0.05801
0.36961 8.49943 0.05863
0.37012 8.59003 0.05984
0.37062 8.56492 0.06068
0.37113 8.54257 0.05931
0.37164 8.59583 0.05800
0.37214 8.57896 0.05710
0.37265 8.62161 0.05837
0.37315 8.57962 0.05978
0.37366 8.60111 0.05815
0.37417 8.57672 0.05910
0.37467 8.62871 0.05933
0.37518 8.62755 0.06063
0.37569 8.57599 0.06035
0.37619 8.50513 0.05971
0.37670 8.59832 0.06071
0.37721 8.62964 0.06031
0.37771 8.59006 0.06223
0.37822 8.54837 0.06110
0.37873 8.51795 0.05980
0.37923 8.52351 0.05915
0.37974 8.44456 0.06051
0.38024 8.51636 0.06122
0.38075 8.44001 0.06307
0.38126 8.55908 0.06531
0.38176 8.57288 0.06249
0.38227 8.53497 0.06193
0.38278 8.48392 0.06366
0.38328 8.43974 0.06232
0.38379 8.58317 0.06319
0.38430 8.58388 0.06370
0.38480 8.49466 0.06487
0.38531 8.39087 0.06426
0.38582 8.56459 0.06500
0.38632 8.57709 0.06580
0.38683 8.45725 0.06486
0.38733 8.45350 0.06527
0.38784 8.38317 0.06680
0.38835 8.43950 0.06665
0.38885 8.39130 0.06653
0.38936 8.32353 0.06462
0.38987 8.48578 0.06721
0.39037 8.38056 0.06522
0.39088 8.49515 0.06679
0.39139 8.43893 0.06904
0.39189 8.35611 0.06907
0.39240 8.47739 0.06903
0.39290 8.33948 0.06980
0.39341 8.47398 0.06654
0.39392 8.39011 0.08331
0.39442 8.43370 0.07225
0.39493 8.31369 0.06945
0.39544 8.33753 0.07116
0.39594 8.46260 0.07075
0.39645 8.45688 0.07037
0.39696 8.39025 0.07157
0.39746 8.32508 0.07290
0.39797 8.44119 0.07105
0.39847 8.36794 0.07359
0.39898 8.42336 0.07352
0.39949 8.44780 0.07390
0.39999 8.36334 0.07451
0.40050 8.45304 0.07316
0.40101 8.27232 0.07329
0.40151 8.38130 0.07452
0.40202 8.34149 0.07483
0.40253 8.32510 0.07421
0.40303 8.21815 0.07460
0.40354 8.28657 0.07556
0.40405 8.17374 0.07523
0.40455 8.33463 0.07452
0.40506 8.21938 0.07328
0.40556 8.21271 0.07685
0.40607 8.26576 0.07410
0.40658 8.22052 0.07846
0.40708 8.26167 0.07851
0.40759 8.32418 0.07745
0.40810 8.30910 0.07885
0.40860 8.12548 0.07567
0.40911 8.36612 0.07556
0.40962 8.09362 0.07813
0.41012 8.21243 0.07831
0.41063 8.32538 0.07848
0.41113 8.26065 0.07627
0.41164 8.25764 0.08185
0.41215 8.23902 0.07573
0.41265 8.12438 0.07793
0.41316 8.31665 0.07956
0.41367 8.20420 0.07760
0.41417 8.06995 0.07898
0.41468 8.06683 0.07560
0.41518 8.19682 0.07875
0.41569 8.22810 0.08165
0.41620 8.28225 0.08010
0.41670 8.13229 0.08013
0.41721 8.25082 0.08044
0.41772 8.01336 0.07908
0.41822 8.18932 0.08094
0.41873 8.09176 0.08439
0.41924 8.24612 0.08235
0.41974 8.10002 0.08098
0.42025 8.14457 0.07956
0.42075 8.08732 0.08146
0.42126 8.13269 0.08143
0.42177 7.99287 0.08291
0.42227 8.32352 0.08646
0.42278 8.05501 0.08489
0.42329 8.14440 0.08702
0.42379 8.07820 0.08606
0.42430 8.40975 0.08980
0.42481 7.94476 0.08833
0.42531 8.15286 0.08628
0.42582 8.07030 0.09021
0.42632 8.03829 0.08797
0.42683 8.22164 0.08876
0.42734 8.17902 0.08810
0.42784 8.26929 0.08804
0.42835 8.26339 0.09012
0.42886 8.18638 0.09417
0.42936 8.10654 0.09158
0.42987 8.13646 0.09413
0.43037 8.10565 0.09258
0.43088 8.07046 0.09317
0.43139 8.12046 0.09620
0.43189 8.09528 0.09525
0.43240 8.15220 0.09470
0.43291 8.00469 0.09322
0.43341 8.13254 0.10127
0.43392 7.95132 0.09611
0.43443 8.04774 0.09875
0.43493 8.04025 0.10224
0.43544 8.02339 0.10068
0.43594 8.23288 0.10789
0.43645 8.10593 0.10283
0.43696 8.06915 0.09933
0.43746 8.00895 0.10782
0.43797 7.94025 0.10323
0.43848 8.01306 0.10862
0.43898 8.20153 0.10227
0.43949 7.96250 0.10762
0.43999 8.12421 0.10670
