0.01140 1495.55269 62.28573
0.01191 1045.30785 49.10612
0.01242 686.34941 50.47110
0.01292 413.51509 36.36893
0.01343 280.32543 25.45407
0.01394 209.48801 18.58835
0.01444 171.94666 14.94096
0.01495 141.72987 12.47887
0.01546 108.91431 7.99665
0.01596 101.44401 7.76897
0.01647 87.89114 6.04581
0.01698 73.29524 4.51924
0.01748 66.05021 3.87128
0.01799 60.07917 3.10823
0.01850 55.81756 2.67071
0.01900 48.14217 2.19374
0.01951 47.04979 1.83609
0.02002 44.15518 1.62573
0.02052 39.84679 1.30878
0.02103 40.50264 1.13324
0.02154 37.43978 0.86056
0.02204 36.94164 0.83489
0.02255 34.09188 0.66896
0.02306 33.15149 0.57741
0.02356 32.50551 0.55748
0.02407 30.80496 0.46881
0.02458 30.36165 0.44143
0.02509 29.70357 0.39154
0.02559 28.98144 0.39190
0.02610 28.84409 0.34573
0.02661 27.99573 0.29704
0.02711 27.09977 0.27251
0.02762 26.20968 0.25865
0.02813 25.83843 0.26077
0.02863 25.35924 0.24092
0.02914 25.22453 0.24374
0.02965 24.38921 0.23273
0.03015 24.22888 0.22989
0.03066 23.84103 0.23665
0.03117 23.87099 0.23334
0.03167 23.16283 0.21827
0.03218 23.06678 0.20384
0.03269 23.22619 0.20865
0.03319 22.86620 0.20360
0.03370 22.72196 0.20351
0.03421 21.97290 0.19917
0.03471 21.71788 0.20983
0.03522 21.80284 0.20282
0.03573 21.50736 0.20112
0.03623 21.60910 0.19064
0.03674 20.91761 0.19643
0.03725 20.79508 0.18273
0.03775 20.79035 0.18451
0.03826 20.93878 0.18873
0.03877 20.51639 0.18056
0.03927 20.63306 0.18030
0.03978 20.68082 0.18270
0.04029 20.39815 0.17070
0.04080 19.98592 0.18021
0.04130 20.38400 0.18234
0.04181 19.87358 0.16853
0.04232 19.79902 0.16610
0.04282 19.96029 0.16930
0.04333 19.73154 0.15588
0.04384 19.51617 0.16200
0.04434 19.58574 0.16652
0.04485 19.50151 0.15620
0.04536 19.18945 0.16040
0.04586 19.14174 0.15282
0.04637 18.69345 0.15742
0.04688 18.75711 0.15636
0.04738 18.80008 0.14860
0.04789 18.76621 0.15378
0.04840 18.93983 0.15387
0.04890 18.66257 0.14800
0.04941 18.49066 0.14335
0.04992 18.46575 0.14754
0.05042 18.44571 0.14269
0.05093 18.56399 0.14474
0.05144 18.37098 0.14689
0.05194 18.29171 0.13711
0.05245 18.18617 0.14377
0.05296 17.90376 0.14389
0.05346 18.16358 0.13619
0.05397 18.09233 0.14403
0.05448 17.94219 0.14032
0.05498 18.08039 0.13759
0.05549 17.99363 0.13897
0.05600 17.80777 0.14130
0.05650 17.59555 0.13228
0.05701 17.80014 0.13939
0.05752 17.72118 0.12911
0.05803 17.84405 0.13506
0.05853 17.82258 0.12818
0.05904 17.49834 0.12551
0.05955 17.31858 0.12632
0.06005 17.20479 0.12925
0.06056 17.51278 0.13136
0.06107 17.24025 0.12772
0.06157 17.36522 0.12122
0.06208 17.45381 0.12016
0.06259 16.94548 0.12403
0.06309 17.15742 0.12592
0.06360 17.10239 0.12520
0.06411 16.92408 0.12055
0.06461 17.09769 0.12429
0.06512 16.94113 0.12583
0.06563 16.74533 0.12168
0.06613 16.63340 0.12309
0.06664 16.56679 0.12187
0.06715 16.55961 0.12366
0.06765 16.76690 0.11709
0.06816 16.60507 0.12138
0.06867 16.64994 0.11823
0.06917 16.46931 0.11522
0.06968 16.29034 0.11812
0.07019 16.42546 0.11778
0.07069 16.51832 0.11846
0.07120 16.45494 0.11319
0.07171 16.15044 0.11724
0.07221 16.08206 0.11325
0.07272 16.05667 0.11414
0.07323 16.31306 0.11594
0.07373 16.07566 0.11559
0.07424 16.20920 0.11368
0.07475 15.94758 0.11101
0.07526 16.17137 0.11204
0.07576 15.88551 0.10789
0.07627 16.10180 0.11391
0.07678 16.12236 0.11172
0.07728 15.96044 0.10818
0.07779 15.84171 0.10512
0.07830 15.76981 0.10735
0.07880 15.92160 0.10888
0.07931 15.83534 0.10452
0.07982 15.81404 0.10265
0.08032 15.67963 0.11064
0.08083 15.72632 0.10490
0.08134 15.56705 0.10831
0.08184 15.65451 0.10673
0.08235 15.52734 0.10710
0.08286 15.36820 0.10651
0.08336 15.59203 0.10800
0.08387 15.72612 0.10644
0.08438 15.30644 0.10718
0.08488 15.45547 0.10854
0.08539 15.29717 0.11049
0.08590 15.25436 0.10236
0.08640 15.36710 0.10527
0.08691 15.19631 0.11082
0.08742 15.40100 0.10618
0.08792 15.19797 0.10559
0.08843 14.97932 0.10391
0.08894 15.30783 0.10484
0.08944 14.96439 0.10742
0.08995 15.13608 0.10849
0.09046 15.20284 0.10428
0.09096 15.10372 0.10623
0.09147 14.90798 0.11088
0.09198 14.92237 0.10707
0.09248 15.01152 0.10848
0.09299 14.94784 0.10805
0.09350 14.81746 0.11145
0.09401 14.89661 0.11132
0.09451 14.89704 0.11261
0.09502 14.77367 0.10905
0.09553 14.76604 0.10972
0.09603 14.99514 0.10383
0.09654 14.86561 0.11316
0.09705 14.84897 0.10698
0.09755 14.59135 0.10424
0.09806 14.52608 0.10255
0.09857 14.59689 0.10489
0.09907 14.58712 0.10196
0.09958 14.66275 0.10630
0.10009 14.48750 0.10580
0.10059 14.72942 0.10383
0.10110 14.53351 0.10030
0.10161 14.25093 0.09966
0.10211 14.53935 0.10183
0.10262 14.55342 0.10182
0.10313 14.27431 0.09836
0.10363 14.44732 0.10253
0.10414 14.32979 0.10246
0.10465 14.47936 0.10619
0.10515 14.22783 0.10162
0.10566 14.30320 0.10451
0.10617 14.34485 0.10084
0.10667 14.32847 0.09834
0.10718 14.11923 0.09626
0.10769 14.28427 0.09747
0.10819 14.26702 0.09734
0.10870 14.22925 0.09390
0.10921 14.11402 0.09705
0.10971 14.09494 0.09604
0.11022 13.99705 0.09497
0.11073 13.93987 0.09251
0.11123 14.04972 0.09448
0.11174 13.99993 0.08984
0.11225 14.10837 0.09239
0.11275 14.09802 0.09205
0.11326 13.86290 0.09110
0.11377 13.98485 0.09149
0.11428 13.87126 0.09076
0.11478 13.90829 0.08927
0.11529 13.95681 0.09102
0.11580 13.93409 0.09112
0.11630 13.98645 0.08865
0.11681 14.02363 0.08959
0.11732 13.88681 0.08669
0.11782 13.65586 0.08771
0.11833 13.82429 0.08752
0.11884 13.69174 0.08767
0.11934 13.66443 0.09069
0.11985 13.69513 0.08861
0.12036 13.60831 0.08647
0.12086 13.59778 0.08343
0.12137 13.71494 0.08558
0.12188 13.65981 0.08631
0.12238 13.58256 0.08390
0.12289 13.40256 0.08553
0.12340 13.54850 0.08349
0.12390 13.64920 0.08385
0.12441 13.46731 0.08363
0.12492 13.42857 0.08467
0.12542 13.49624 0.08304
0.12593 13.35307 0.08238
0.12644 13.43520 0.08464
0.12694 13.31021 0.08277
0.12745 13.29126 0.08221
0.12796 13.36109 0.08119
0.12846 13.16409 0.08105
0.12897 13.25680 0.07932
0.12948 13.27736 0.08149
0.12998 13.08722 0.07981
0.13049 13.24242 0.08062
0.13100 13.28863 0.07869
0.13150 13.23066 0.07849
0.13201 13.24453 0.07853
0.13252 13.12021 0.07853
0.13302 13.15561 0.07743
0.13353 13.01751 0.07666
0.13404 13.14243 0.07705
0.13454 13.04557 0.07877
0.13505 13.07682 0.07718
0.13556 13.11471 0.07878
0.13606 13.02920 0.07725
0.13657 13.07181 0.07628
0.13708 12.93649 0.07599
0.13758 13.03644 0.07655
0.13809 12.89803 0.07474
0.13860 12.88764 0.07650
0.13911 12.87112 0.07532
0.13961 12.92558 0.07347
0.14012 12.78648 0.07523
0.14063 12.70465 0.07241
0.14113 12.80599 0.07360
0.14164 12.69875 0.07316
0.14215 12.74979 0.07407
0.14265 12.67317 0.07361
0.14316 12.71425 0.07522
0.14367 12.69549 0.07258
0.14417 12.64637 0.07474
0.14468 12.61145 0.07422
0.14519 12.59270 0.07221
0.14569 12.53247 0.07289
0.14620 12.61931 0.07375
0.14671 12.50853 0.07208
0.14721 12.48976 0.07235
0.14772 12.59870 0.07050
0.14823 12.63404 0.07288
0.14873 12.48784 0.07330
0.14924 12.36250 0.07138
0.14975 12.42603 0.07209
0.15025 12.29057 0.06816
0.15076 12.42038 0.07143
0.15127 12.32102 0.07195
0.15177 12.27353 0.07135
0.15228 12.36328 0.07183
0.15279 12.21664 0.07109
0.15329 12.41276 0.07190
0.15380 12.27173 0.06983
0.15431 12.29145 0.07238
0.15481 12.29766 0.06929
0.15532 12.20335 0.06735
0.15583 12.12507 0.06795
0.15633 12.01375 0.06782
0.15684 12.10506 0.06787
0.15735 12.08479 0.06601
0.15785 12.04311 0.06636
0.15836 12.13140 0.06802
0.15887 11.98658 0.06909
0.15937 11.97868 0.06772
0.15988 12.11518 0.06864
0.16039 11.88825 0.06885
0.16089 11.88357 0.06625
0.16140 11.95634 0.06589
0.16191 11.90459 0.06872
0.16241 11.85717 0.06777
0.16292 11.90352 0.06599
0.16343 11.82793 0.06742
0.16393 11.85189 0.06606
0.16444 11.85911 0.06545
0.16495 11.81800 0.06552
0.16545 11.83887 0.06475
0.16596 11.75872 0.06462
0.16647 11.79070 0.06440
0.16697 11.72141 0.06573
0.16748 11.70811 0.06358
0.16799 11.71723 0.06543
0.16849 11.67126 0.06418
0.16900 11.76023 0.06476
0.16951 11.65665 0.06441
0.17001 11.74141 0.06532
0.17052 11.64389 0.06511
0.17103 11.69325 0.06616
0.17153 11.63389 0.06604
0.17204 11.51060 0.06512
0.17255 11.57552 0.06497
0.17305 11.43942 0.06515
0.17356 11.64660 0.06517
0.17407 11.54512 0.06712
0.17457 11.36625 0.06462
0.17508 11.46277 0.06691
0.17559 11.51055 0.06500
0.17610 11.38771 0.06533
0.17660 11.45532 0.06628
0.17711 11.44483 0.06481
0.17762 11.40964 0.06491
0.17812 11.42337 0.06693
0.17863 11.36544 0.06473
0.17914 11.42138 0.06728
0.17964 11.34053 0.06577
0.18015 11.38531 0.06812
0.18066 11.30609 0.06885
0.18116 11.31852 0.06700
0.18167 11.33823 0.06531
0.18218 11.39064 0.06739
0.18268 11.36985 0.06665
0.18319 11.31499 0.06870
0.18370 11.27068 0.06693
0.18420 11.20744 0.06863
0.18471 11.35270 0.06787
0.18522 11.21816 0.06698
0.18572 11.20411 0.06941
0.18623 11.24917 0.07072
0.18674 11.36622 0.06878
0.18724 11.19874 0.06921
0.18775 11.23131 0.06818
0.18826 11.21586 0.06867
0.18876 11.13011 0.06676
0.18927 11.07997 0.06780
0.18978 11.05835 0.06872
0.19028 11.19926 0.07095
0.19079 11.27602 0.07130
0.19130 11.06405 0.07059
0.19180 11.12852 0.07090
0.19231 10.99536 0.06965
0.19282 11.09147 0.07062
0.19332 11.09319 0.07022
0.19383 11.10441 0.06978
0.19434 11.10919 0.07146
0.19484 11.09958 0.07067
0.19535 11.02805 0.06982
0.19586 11.00431 0.07008
0.19636 10.96702 0.06938
0.19687 10.93574 0.07061
0.19738 10.90357 0.07069
0.19788 10.96229 0.07008
0.19839 10.95784 0.06870
0.19890 11.02371 0.06974
0.19940 11.00926 0.06977
0.19991 10.83072 0.07099
0.20042 10.82378 0.06934
0.20092 10.95347 0.06946
0.20143 10.85233 0.07084
0.20194 10.81859 0.07088
0.20244 11.00834 0.07064
0.20295 10.91022 0.07060
0.20346 10.85337 0.07075
0.20396 10.99376 0.07126
0.20447 10.91717 0.06933
0.20498 10.88368 0.07015
0.20548 10.81157 0.07000
0.20599 10.82152 0.06966
0.20650 10.82515 0.07133
0.20700 10.87603 0.06993
0.20751 10.77922 0.06986
0.20802 10.80075 0.06938
0.20852 10.82203 0.07012
0.20903 10.75160 0.06987
0.20954 10.69105 0.07022
0.21004 10.62433 0.06874
0.21055 10.88072 0.06868
0.21106 10.57379 0.06910
0.21156 10.66422 0.06909
0.21207 10.76366 0.07030
0.21258 10.70287 0.06979
0.21308 10.64878 0.06912
0.21359 10.62295 0.06994
0.21410 10.63985 0.06709
0.21460 10.71743 0.06904
0.21511 10.63492 0.06814
0.21562 10.60177 0.06892
0.21612 10.69893 0.07012
0.21663 10.58311 0.06974
0.21714 10.70509 0.06860
0.21764 10.44653 0.06748
0.21815 10.54866 0.06956
0.21866 10.56765 0.07095
0.21916 10.41388 0.06869
0.21967 10.48601 0.06707
0.22018 10.55960 0.06793
0.22068 10.34713 0.07030
0.22119 10.61792 0.06758
0.22170 10.50830 0.06990
0.22220 10.47068 0.06715
0.22271 10.43844 0.06807
0.22322 10.27356 0.06626
0.22372 10.39185 0.06722
0.22423 10.49185 0.06852
0.22474 10.28463 0.06746
0.22524 10.39722 0.06719
0.22575 10.31894 0.06604
0.22626 10.44780 0.06849
0.22676 10.36535 0.06601
0.22727 10.31057 0.06439
0.22778 10.34058 0.06650
0.22828 10.30336 0.06589
0.22879 10.34747 0.06577
0.22930 10.25486 0.06596
0.22980 10.29929 0.06375
0.23031 10.40106 0.06456
0.23082 10.30294 0.06435
0.23132 10.34533 0.06572
0.23183 10.31334 0.06468
0.23234 10.15882 0.06369
0.23284 10.24280 0.06348
0.23335 10.29435 0.06361
0.23386 10.07385 0.06383
0.23436 10.21320 0.06285
0.23487 10.16977 0.06329
0.23538 10.30196 0.06409
0.23588 10.20697 0.06245
0.23639 10.20830 0.06434
0.23690 10.10295 0.06203
0.23740 10.18550 0.06265
0.23791 10.22943 0.06150
0.23842 10.09293 0.06175
0.23892 10.21887 0.06323
0.23943 10.14307 0.06219
0.23994 10.14315 0.06253
0.24044 10.19575 0.06088
0.24095 10.11242 0.06179
0.24145 10.14490 0.06297
0.24196 10.08593 0.06048
0.24247 10.07170 0.06045
0.24297 10.19501 0.06120
0.24348 10.10726 0.05999
0.24399 10.19222 0.06110
0.24449 10.07204 0.06028
0.24500 10.06971 0.05955
0.24551 9.99036 0.06098
0.24601 10.02135 0.06099
0.24652 10.04949 0.05892
0.24703 10.03070 0.05910
0.24753 9.98911 0.05920
0.24804 10.01454 0.05936
0.24855 10.04521 0.05836
0.24905 10.01260 0.06015
0.24956 9.98260 0.05839
0.25007 10.00227 0.05964
0.25057 9.96518 0.05873
0.25108 9.97081 0.05883
0.25159 10.07785 0.05854
0.25209 9.99898 0.05820
0.25260 9.90260 0.05820
0.25311 10.07181 0.05943
0.25361 10.00222 0.05891
0.25412 9.96807 0.05805
0.25463 9.94984 0.05795
0.25513 9.88350 0.05905
0.25564 9.88306 0.05891
0.25615 9.87213 0.05697
0.25665 9.85776 0.05780
0.25716 9.92159 0.05835
0.25767 9.95302 0.05694
0.25817 9.83036 0.05708
0.25868 9.94029 0.05747
0.25919 9.89500 0.05550
0.25969 9.90557 0.05613
0.26020 9.83658 0.05581
0.26071 9.88895 0.05612
0.26121 9.87362 0.05585
0.26172 9.85641 0.05445
0.26223 9.89050 0.05635
0.26273 9.77809 0.05540
0.26324 9.70398 0.05523
0.26375 9.76861 0.05695
0.26425 9.86999 0.05610
0.26476 9.83589 0.05549
0.26527 9.77003 0.05475
0.26577 9.80005 0.05488
0.26628 9.71022 0.05555
0.26679 9.73450 0.05595
0.26729 9.66789 0.05396
0.26780 9.66443 0.05597
0.26831 9.71533 0.05461
0.26881 9.67898 0.05343
0.26932 9.69924 0.05395
0.26983 9.70451 0.05481
0.27033 9.64476 0.05499
0.27084 9.65678 0.05415
0.27134 9.63383 0.05466
0.27185 9.65426 0.05478
0.27236 9.59283 0.05354
0.27286 9.71343 0.05389
0.27337 9.63440 0.05559
0.27388 9.64752 0.05404
0.27438 9.67492 0.05324
0.27489 9.53434 0.05322
0.27540 9.53932 0.05345
0.27590 9.64649 0.05452
0.27641 9.61756 0.05355
0.27692 9.56276 0.05303
0.27742 9.62228 0.05296
0.27793 9.57221 0.05230
0.27844 9.65045 0.05363
0.27894 9.56396 0.05355
0.27945 9.49034 0.05218
0.27996 9.61318 0.05316
0.28046 9.47484 0.05252
0.28097 9.56410 0.05291
0.28148 9.41272 0.05209
0.28198 9.45372 0.05300
0.28249 9.45945 0.05150
0.28300 9.54335 0.05282
0.28350 9.51702 0.05178
0.28401 9.55913 0.05144
0.28452 9.49688 0.05194
0.28502 9.55734 0.05199
0.28553 9.49746 0.05115
0.28604 9.45517 0.05130
0.28654 9.46289 0.05130
0.28705 9.44106 0.05199
0.28756 9.48928 0.05279
0.28806 9.42263 0.05236
0.28857 9.45154 0.05283
0.28908 9.44973 0.05138
0.28958 9.40427 0.05071
0.29009 9.35556 0.05228
0.29059 9.37246 0.05281
0.29110 9.37473 0.05235
0.29161 9.43198 0.05148
0.29211 9.44952 0.05252
0.29262 9.42506 0.05222
0.29313 9.39592 0.05187
0.29363 9.37967 0.05313
0.29414 9.35769 0.05303
0.29465 9.39273 0.05208
0.29515 9.47442 0.05255
0.29566 9.27888 0.05259
0.29617 9.34255 0.05296
0.29667 9.33163 0.05169
0.29718 9.28882 0.05349
0.29769 9.30116 0.05248
0.29819 9.33654 0.05284
0.29870 9.26898 0.05258
0.29921 9.30522 0.05082
0.29971 9.20128 0.05083
0.30022 9.24689 0.05170
0.30073 9.32653 0.05251
0.30123 9.20905 0.05217
0.30174 9.32507 0.05200
0.30225 9.24545 0.05290
0.30275 9.22806 0.05057
0.30326 9.26477 0.05150
0.30377 9.23736 0.05131
0.30427 9.17581 0.05128
0.30478 9.15104 0.05002
0.30529 9.22748 0.05157
0.30579 9.22272 0.05174
0.30630 9.05414 0.05133
0.30680 9.08794 0.05014
0.30731 9.20997 0.05128
0.30782 9.10844 0.05058
0.30832 9.19158 0.05062
0.30883 9.09475 0.05058
0.30934 9.03357 0.05077
0.30984 9.04132 0.04990
0.31035 9.14592 0.05172
0.31086 9.11895 0.05280
0.31136 9.12836 0.05252
0.31187 9.14381 0.05200
0.31238 9.21832 0.05312
0.31288 9.16106 0.05337
0.31339 9.10825 0.05426
0.31390 9.07424 0.05311
0.31440 9.11603 0.05296
0.31491 9.07381 0.05473
0.31542 9.07075 0.05531
0.31592 8.99760 0.05338
0.31643 9.07289 0.05514
0.31694 9.12801 0.05503
0.31744 9.06420 0.05378
0.31795 9.07012 0.05572
0.31845 8.94077 0.05438
0.31896 9.07290 0.05618
0.31947 9.02381 0.05563
0.31997 9.11695 0.05531
0.32048 9.08484 0.05513
0.32099 9.05924 0.05555
0.32149 9.11470 0.05488
0.32200 9.10867 0.05379
0.32251 9.06590 0.05552
0.32301 9.05334 0.06007
0.32352 9.03708 0.05530
0.32403 8.93562 0.05557
0.32453 8.92074 0.05517
0.32504 8.95677 0.05446
0.32555 9.10148 0.05516
0.32605 8.88509 0.05511
0.32656 8.98559 0.05573
0.32707 9.03616 0.05552
0.32757 8.98305 0.05493
0.32808 8.93409 0.05377
0.32859 8.92387 0.05442
0.32909 8.93286 0.05580
0.32960 8.95993 0.05597
0.33010 9.04491 0.05555
0.33061 8.96009 0.05511
0.33112 8.97349 0.05448
0.33162 8.82180 0.05546
0.33213 8.90234 0.05471
0.33264 8.94925 0.05496
0.33314 8.86846 0.05620
0.33365 8.96945 0.05588
0.33416 8.92192 0.05442
0.33466 8.89865 0.05606
0.33517 9.01698 0.05675
0.33568 8.89278 0.05660
0.33618 8.86078 0.05544
0.33669 8.93728 0.05534
0.33720 8.93900 0.05672
0.33770 8.92351 0.05644
0.33821 8.97527 0.05576
0.33872 8.86101 0.05663
0.33922 8.90642 0.05605
0.33973 8.90617 0.05697
0.34023 8.90536 0.05570
0.34074 8.95960 0.05781
0.34125 8.89471 0.05666
0.34175 8.88501 0.05591
0.34226 8.79082 0.05751
0.34277 8.92922 0.05696
0.34327 8.87728 0.05603
0.34378 8.84317 0.05697
0.34429 8.73949 0.05632
0.34479 8.97898 0.05748
0.34530 8.80508 0.05750
0.34581 8.87217 0.05726
0.34631 8.84499 0.05563
0.34682 8.71709 0.05835
0.34733 8.78384 0.05804
0.34783 8.84365 0.05736
0.34834 8.85704 0.05652
0.34884 8.81592 0.05678
0.34935 8.74532 0.05683
0.34986 8.73730 0.05628
0.35036 8.78101 0.05713
0.35087 8.73316 0.05748
0.35138 8.80096 0.05606
0.35188 8.71968 0.05628
0.35239 8.87099 0.05916
0.35290 8.73879 0.05732
0.35340 8.78865 0.05546
0.35391 8.70245 0.05330
0.35442 8.76684 0.05448
0.35492 8.77018 0.05453
0.35543 8.70699 0.05419
0.35594 8.75708 0.05373
0.35644 8.76277 0.05313
0.35695 8.63930 0.05447
0.35745 8.70334 0.05440
0.35796 8.56085 0.05577
0.35847 8.68292 0.05452
0.35897 8.72223 0.05471
0.35948 8.68960 0.05443
0.35999 8.62734 0.05405
0.36049 8.75239 0.05509
0.36100 8.68960 0.05464
0.36151 8.62024 0.05463
0.36201 8.69350 0.05558
0.36252 8.66779 0.05445
0.36303 8.71208 0.05452
0.36353 8.62184 0.05486
0.36404 8.65536 0.05549
0.36455 8.68084 0.05633
0.36505 8.68083 0.05504
0.36556 8.64128 0.05581
0.36606 8.64959 0.05642
0.36657 8.70022 0.05646
0.36708 8.55253 0.05729
0.36758 8.59904 0.05686
0.36809 8.46916 0.05689
0.36860 8.55527 0.05925
0.36910 8.56065 0.05985
0.36961 8.42453 0.05881
0.37012 8.58772 0.05885
0.37062 8.46529 0.05861
0.37113 8.54159 0.05874
0.37164 8.60055 0.05815
0.37214 8.65061 0.05828
0.37265 8.61268 0.06013
0.37315 8.58566 0.05907
0.37366 8.49688 0.05777
0.37417 8.57297 0.05935
0.37467 8.57702 0.05874
0.37518 8.52938 0.05892
0.37569 8.63814 0.06091
0.37619 8.64486 0.06037
0.37670 8.65514 0.06112
0.37721 8.64141 0.06130
0.37771 8.54427 0.06184
0.37822 8.53730 0.06131
0.37873 8.55853 0.06220
0.37923 8.49227 0.06208
0.37974 8.52027 0.06097
0.38024 8.47190 0.06123
0.38075 8.46899 0.06118
0.38126 8.47554 0.06292
0.38176 8.48334 0.06267
0.38227 8.43901 0.06253
0.38278 8.50981 0.06340
0.38328 8.47276 0.06338
0.38379 8.46076 0.06323
0.38430 8.48102 0.06291
0.38480 8.49715 0.06339
0.38531 8.37629 0.06445
0.38582 8.51096 0.06374
0.38632 8.50976 0.06512
0.38683 8.55174 0.06549
0.38733 8.45350 0.06676
0.38784 8.46288 0.06716
0.38835 8.41481 0.06550
0.38885 8.42721 0.06714
0.38936 8.37099 0.06723
0.38987 8.35697 0.06739
0.39037 8.34607 0.06785
0.39088 8.47247 0.06761
0.39139 8.47652 0.06887
0.39189 8.37457 0.06857
0.39240 8.46882 0.06678
0.39290 8.45562 0.06824
0.39341 8.30930 0.06829
0.39392 8.46289 0.06959
0.39442 8.49372 0.07292
0.39493 8.33637 0.07154
0.39544 8.50411 0.07130
0.39594 8.42925 0.06925
0.39645 8.43406 0.07023
0.39696 8.39775 0.07098
0.39746 8.25197 0.07118
0.39797 8.18178 0.07042
0.39847 8.36984 0.07186
0.39898 8.47322 0.07294
0.39949 8.40533 0.07653
0.39999 8.27590 0.07380
0.40050 8.32409 0.07319
0.40101 8.28842 0.07282
0.40151 8.26128 0.07481
0.40202 8.37882 0.07614
0.40253 8.34161 0.07479
0.40303 8.29177 0.07686
0.40354 8.38777 0.07361
0.40405 8.17445 0.07616
0.40455 8.31184 0.07650
0.40506 8.29481 0.07789
0.40556 8.39765 0.07274
0.40607 8.26794 0.07576
0.40658 8.24829 0.07762
0.40708 8.32818 0.07749
0.40759 8.20813 0.07678
0.40810 8.27557 0.07866
0.40860 8.33486 0.07711
0.40911 8.14669 0.07567
0.40962 8.32935 0.07777
0.41012 8.23656 0.07871
0.41063 8.20723 0.07772
0.41113 8.33443 0.07926
0.41164 8.20534 0.07693
0.41215 8.19066 0.07743
0.41265 8.13738 0.07545
0.41316 8.14240 0.08080
0.41367 8.35184 0.07890
0.41417 8.22453 0.08048
0.41468 8.23821 0.07968
0.41518 8.33739 0.08270
0.41569 8.12690 0.07717
0.41620 8.28145 0.07957
0.41670 8.29306 0.07948
0.41721 8.15623 0.07880
0.41772 8.02626 0.07952
0.41822 8.09794 0.07942
0.41873 8.09422 0.08047
0.41924 8.14972 0.08234
0.41974 8.24410 0.08257
0.42025 8.19884 0.08400
0.42075 8.21772 0.08261
0.42126 8.19187 0.08138
0.42177 8.02823 0.08387
0.42227 8.11181 0.08240
0.42278 8.02555 0.07932
0.42329 8.03671 0.08635
0.42379 8.22508 0.08692
0.42430 8.07968 0.08579
0.42481 8.15109 0.08515
0.42531 8.06621 0.08659
0.42582 8.28957 0.08894
0.42632 8.24245 0.08865
0.42683 8.02567 0.08813
0.42734 8.15404 0.08579
0.42784 8.05522 0.08873
0.42835 8.14849 0.09318
0.42886 8.01136 0.09042
0.42936 8.09804 0.08824
0.42987 8.01083 0.09200
0.43037 8.18805 0.09670
0.43088 8.20551 0.09520
0.43139 8.15102 0.09241
0.43189 8.12066 0.09460
0.43240 8.21076 0.09711
0.43291 8.02462 0.09530
0.43341 8.25830 0.09635
0.43392 8.00878 0.09594
0.43443 8.17335 0.10016
0.43493 7.93421 0.09746
0.43544 8.19921 0.10442
0.43594 7.89398 0.09845
0.43645 8.05828 0.10237
0.43696 8.17811 0.10196
0.43746 7.88921 0.10941
0.43797 8.02761 0.11013
0.43848 7.90175 0.10414
0.43898 7.93363 0.10314
0.43949 7.99515 0.10952
0.43999 7.99997 0.11509
