0.01140 1561.03785 60.72737
0.01191 1097.61045 48.66598
0.01242 734.44059 51.23798
0.01292 440.39026 37.13113
0.01343 301.01184 25.58393
0.01394 228.96563 18.73730
0.01444 188.92335 15.47996
0.01495 153.73773 12.80249
0.01546 118.25440 8.13296
0.01596 108.43775 7.51246
0.01647 95.75098 6.15469
0.01698 78.20756 4.60219
0.01748 71.85797 3.95404
0.01799 65.63135 3.28427
0.01850 59.22354 2.71718
0.01900 52.36864 2.22664
0.01951 48.90654 1.93536
0.02002 47.90202 1.68708
0.02052 44.22561 1.31446
0.02103 42.12669 1.21287
0.02154 39.41246 0.94933
0.02204 37.80440 0.80030
0.02255 36.14885 0.66092
0.02306 35.24006 0.60631
0.02356 34.24510 0.56740
0.02407 32.87268 0.49497
0.02458 32.23673 0.41667
0.02509 31.06932 0.40268
0.02559 30.18308 0.35278
0.02610 29.97989 0.35135
0.02661 29.08370 0.30441
0.02711 28.14931 0.29141
0.02762 27.54775 0.25764
0.02813 26.90199 0.25004
0.02863 26.54878 0.24676
0.02914 26.25365 0.25069
0.02965 25.46737 0.23298
0.03015 25.45068 0.23314
0.03066 24.47388 0.23454
0.03117 24.25657 0.22240
0.03167 24.24182 0.21781
0.03218 24.38420 0.22772
0.03269 23.63398 0.23198
0.03319 23.58693 0.20979
0.03370 23.10213 0.21153
0.03421 22.79878 0.20388
0.03471 23.07185 0.20584
0.03522 22.45332 0.19530
0.03573 22.67138 0.19158
0.03623 22.44712 0.20184
0.03674 22.01158 0.18729
0.03725 22.34122 0.19356
0.03775 21.73643 0.18692
0.03826 21.80418 0.18144
0.03877 21.48444 0.18667
0.03927 21.26814 0.17713
0.03978 21.29077 0.17623
0.04029 21.27320 0.17507
0.04080 21.31934 0.18249
0.04130 20.97298 0.17174
0.04181 21.00435 0.16384
0.04232 21.03224 0.17800
0.04282 20.93099 0.16521
0.04333 20.29834 0.16572
0.04384 20.77433 0.16536
0.04434 20.53194 0.16965
0.04485 20.35911 0.16767
0.04536 20.54758 0.16765
0.04586 20.18722 0.16688
0.04637 20.34830 0.16734
0.04688 20.35283 0.16107
0.04738 20.03920 0.15684
0.04789 20.19971 0.16304
0.04840 20.12558 0.15449
0.04890 20.05422 0.15158
0.04941 19.92675 0.15380
0.04992 19.89690 0.15288
0.05042 19.80560 0.15567
0.05093 19.78423 0.14413
0.05144 19.77324 0.14773
0.05194 19.77411 0.14088
0.05245 19.88855 0.14579
0.05296 19.56604 0.14501
0.05346 19.71404 0.14959
0.05397 19.75027 0.14052
0.05448 19.63307 0.14532
0.05498 19.52157 0.14548
0.05549 19.59595 0.14884
0.05600 19.53044 0.14344
0.05650 19.59366 0.14494
0.05701 19.30399 0.14054
0.05752 19.44344 0.13964
0.05803 19.23580 0.13574
0.05853 19.06994 0.14127
0.05904 19.17326 0.14277
0.05955 19.35915 0.14059
0.06005 19.11732 0.13841
0.06056 19.37664 0.13975
0.06107 19.23369 0.13087
0.06157 19.24492 0.13132
0.06208 19.27630 0.13839
0.06259 18.87916 0.13724
0.06309 19.11269 0.13815
0.06360 18.81009 0.13328
0.06411 19.04412 0.13382
0.06461 19.12843 0.13119
0.06512 18.85168 0.13272
0.06563 18.89113 0.13256
0.06613 18.76077 0.13061
0.06664 18.91177 0.12735
0.06715 18.82210 0.13185
0.06765 18.92844 0.13298
0.06816 18.73664 0.12599
0.06867 18.88231 0.12210
0.06917 18.68322 0.12462
0.06968 18.65725 0.12790
0.07019 18.90116 0.12053
0.07069 18.52038 0.12075
0.07120 18.77700 0.12388
0.07171 18.64391 0.12630
0.07221 18.65811 0.12168
0.07272 18.88275 0.11586
0.07323 18.57643 0.12542
0.07373 18.62743 0.12244
0.07424 18.74961 0.11999
0.07475 18.54059 0.12110
0.07526 18.53941 0.12228
0.07576 18.67262 0.12252
0.07627 18.59170 0.11835
0.07678 18.34645 0.11776
0.07728 18.59914 0.11636
0.07779 18.56377 0.11702
0.07830 18.51635 0.11725
0.07880 18.49333 0.11485
0.07931 18.42281 0.11687
0.07982 18.37192 0.11564
0.08032 18.53361 0.11447
0.08083 18.56293 0.11374
0.08134 18.42439 0.11458
0.08184 18.37634 0.11696
0.08235 18.53576 0.11139
0.08286 18.42016 0.11883
0.08336 18.33421 0.11791
0.08387 18.63189 0.11838
0.08438 18.27589 0.11704
0.08488 18.31984 0.11374
0.08539 18.61402 0.11844
0.08590 18.44852 0.11519
0.08640 18.20572 0.11687
0.08691 18.25860 0.11706
0.08742 18.24033 0.11935
0.08792 18.18358 0.11876
0.08843 18.49299 0.11977
0.08894 18.26730 0.11847
0.08944 18.36028 0.11380
0.08995 18.29836 0.11760
0.09046 18.32340 0.11581
0.09096 18.06879 0.11987
0.09147 18.12209 0.11843
0.09198 18.63192 0.12224
0.09248 18.00760 0.11751
0.09299 18.03752 0.12114
0.09350 18.12052 0.12194
0.09401 18.10415 0.12147
0.09451 18.19389 0.11762
0.09502 18.11184 0.11508
0.09553 18.29600 0.11878
0.09603 18.25397 0.11948
0.09654 18.31795 0.11685
0.09705 18.10783 0.11840
0.09755 17.84235 0.11787
0.09806 18.05726 0.11690
0.09857 18.15814 0.11803
0.09907 18.14512 0.11768
0.09958 18.12895 0.11566
0.10009 18.10672 0.12088
0.10059 18.06280 0.11746
0.10110 18.09229 0.11760
0.10161 18.16698 0.11176
0.10211 17.96074 0.11688
0.10262 18.08978 0.11341
0.10313 18.02103 0.11423
0.10363 18.02054 0.11667
0.10414 17.87506 0.10799
0.10465 18.02774 0.11579
0.10515 18.15042 0.11345
0.10566 17.80472 0.11415
0.10617 17.98495 0.11161
0.10667 17.98347 0.10669
0.10718 17.93774 0.10761
0.10769 18.12559 0.10946
0.10819 17.81317 0.10684
0.10870 18.00026 0.11121
0.10921 17.85776 0.10797
0.10971 18.03440 0.10723
0.11022 17.68220 0.10442
0.11073 17.95895 0.10673
0.11123 17.99662 0.10409
0.11174 17.84425 0.10720
0.11225 17.84349 0.10658
0.11275 17.81370 0.10516
0.11326 17.99919 0.10692
0.11377 17.74827 0.10308
0.11428 17.82902 0.09996
0.11478 17.86593 0.10352
0.11529 17.52296 0.10123
0.11580 17.70064 0.10278
0.11630 17.81444 0.10382
0.11681 17.74013 0.10297
0.11732 17.88317 0.10128
0.11782 17.84045 0.10253
0.11833 17.65961 0.10214
0.11884 17.95767 0.10084
0.11934 17.88855 0.09826
0.11985 17.74550 0.09623
0.12036 17.63656 0.09564
0.12086 17.62155 0.09840
0.12137 17.85008 0.09825
0.12188 17.72087 0.09967
0.12238 17.64262 0.09784
0.12289 17.79768 0.09743
0.12340 17.67799 0.09444
0.12390 17.72098 0.09488
0.12441 17.69026 0.09675
0.12492 17.71673 0.09687
0.12542 17.69849 0.09320
0.12593 17.62622 0.09318
0.12644 17.62850 0.09581
0.12694 17.58608 0.09534
0.12745 17.62918 0.09212
0.12796 17.66577 0.09375
0.12846 17.68235 0.09478
0.12897 17.52679 0.09047
0.12948 17.65783 0.09276
0.12998 17.48084 0.09394
0.13049 17.42732 0.09175
0.13100 17.68804 0.09098
0.13150 17.65776 0.09216
0.13201 17.51232 0.08823
0.13252 17.50036 0.09303
0.13302 17.52531 0.09162
0.13353 17.51448 0.08941
0.13404 17.50653 0.08864
0.13454 17.44689 0.08941
0.13505 17.64176 0.09177
0.13556 17.44880 0.08975
0.13606 17.58551 0.08839
0.13657 17.44224 0.09044
0.13708 17.45584 0.08776
0.13758 17.48415 0.08761
0.13809 17.51721 0.08748
0.13860 17.47522 0.08661
0.13911 17.49093 0.08799
0.13961 17.43280 0.08883
0.14012 17.53742 0.08796
0.14063 17.36321 0.08746
0.14113 17.32988 0.08514
0.14164 17.29391 0.08743
0.14215 17.34883 0.08638
0.14265 17.33168 0.08572
0.14316 17.27604 0.08616
0.14367 17.33810 0.08744
0.14417 17.28930 0.08785
0.14468 17.18234 0.08708
0.14519 17.27206 0.08560
0.14569 17.21202 0.08527
0.14620 17.20389 0.08408
0.14671 17.28608 0.08564
0.14721 17.24269 0.08438
0.14772 17.21198 0.08570
0.14823 17.08489 0.08428
0.14873 17.16865 0.08539
0.14924 17.17950 0.08523
0.14975 17.10380 0.08223
0.15025 16.97923 0.08292
0.15076 17.21190 0.08328
0.15127 17.02531 0.08164
0.15177 17.07079 0.08212
0.15228 17.01571 0.08128
0.15279 17.01784 0.08083
0.15329 17.12923 0.08206
0.15380 17.07830 0.08276
0.15431 17.07838 0.08278
0.15481 17.01900 0.08132
0.15532 16.84481 0.08197
0.15583 16.85623 0.08174
0.15633 16.96812 0.08162
0.15684 16.88074 0.08207
0.15735 17.01050 0.08131
0.15785 17.01606 0.07951
0.15836 16.92230 0.07891
0.15887 16.77417 0.08047
0.15937 16.93811 0.08042
0.15988 16.95706 0.08179
0.16039 16.79853 0.07910
0.16089 16.92623 0.08150
0.16140 16.70491 0.07931
0.16191 16.75878 0.07673
0.16241 16.70265 0.07858
0.16292 16.70975 0.07741
0.16343 16.63590 0.07813
0.16393 16.75856 0.07957
0.16444 16.72014 0.07744
0.16495 16.53643 0.07911
0.16545 16.61920 0.07880
0.16596 16.68475 0.07639
0.16647 16.73631 0.07920
0.16697 16.69261 0.07770
0.16748 16.60020 0.07728
0.16799 16.59604 0.07916
0.16849 16.66777 0.07700
0.16900 16.53913 0.07792
0.16951 16.61796 0.07520
0.17001 16.70107 0.07731
0.17052 16.64770 0.07750
0.17103 16.74332 0.07966
0.17153 16.42550 0.08034
0.17204 16.63736 0.08113
0.17255 16.55105 0.07811
0.17305 16.52182 0.07938
0.17356 16.54376 0.07946
0.17407 16.66599 0.07893
0.17457 16.56170 0.07880
0.17508 16.44232 0.07993
0.17559 16.49566 0.07924
0.17610 16.36604 0.07914
0.17660 16.49932 0.08042
0.17711 16.44827 0.07816
0.17762 16.59387 0.07954
0.17812 16.51119 0.07852
0.17863 16.40118 0.07686
0.17914 16.43104 0.07951
0.17964 16.45931 0.08095
0.18015 16.46764 0.08298
0.18066 16.51212 0.08102
0.18116 16.26771 0.07967
0.18167 16.41998 0.08318
0.18218 16.34489 0.07995
0.18268 16.56770 0.08081
0.18319 16.44110 0.08096
0.18370 16.34963 0.08396
0.18420 16.41071 0.08135
0.18471 16.53532 0.08211
0.18522 16.39101 0.08326
0.18572 16.39046 0.08108
0.18623 16.28218 0.08150
0.18674 16.36402 0.08389
0.18724 16.47924 0.08286
0.18775 16.38918 0.08524
0.18826 16.37501 0.08187
0.18876 16.18559 0.08203
0.18927 16.24963 0.08308
0.18978 16.32567 0.08551
0.19028 16.32591 0.08436
0.19079 16.26333 0.08538
0.19130 16.46720 0.08541
0.19180 16.43614 0.08576
0.19231 16.18443 0.08530
0.19282 16.31437 0.08498
0.19332 16.18882 0.08567
0.19383 16.18051 0.08387
0.19434 16.29455 0.08516
0.19484 16.29919 0.08381
0.19535 16.12389 0.08417
0.19586 16.14395 0.08588
0.19636 16.14721 0.08487
0.19687 16.32050 0.08688
0.19738 16.00569 0.08529
0.19788 16.08789 0.08649
0.19839 16.23096 0.08615
0.19890 16.16349 0.08479
0.19940 16.27900 0.08806
0.19991 16.17460 0.08543
0.20042 16.11145 0.08588
0.20092 16.15407 0.08288
0.20143 16.09016 0.08183
0.20194 16.11268 0.08446
0.20244 15.97864 0.08548
0.20295 15.97603 0.08387
0.20346 16.22314 0.08589
0.20396 16.07858 0.08483
0.20447 16.10640 0.08696
0.20498 16.03679 0.08553
0.20548 16.08284 0.08572
0.20599 16.13929 0.08472
0.20650 16.10683 0.08511
0.20700 16.01829 0.08410
0.20751 15.79870 0.08336
0.20802 15.96762 0.08426
0.20852 16.10284 0.08471
0.20903 15.90833 0.08597
0.20954 16.08009 0.08299
0.21004 15.92696 0.08661
0.21055 16.04295 0.08653
0.21106 15.99329 0.08417
0.21156 16.03486 0.08448
0.21207 15.99335 0.08624
0.21258 15.98325 0.08455
0.21308 15.97878 0.08596
0.21359 16.04770 0.08761
0.21410 15.96071 0.08574
0.21460 15.95580 0.08500
0.21511 15.93709 0.08148
0.21562 15.88863 0.08545
0.21612 15.88905 0.08588
0.21663 15.73602 0.08650
0.21714 15.94286 0.08493
0.21764 15.91770 0.08413
0.21815 15.75994 0.08318
0.21866 15.89918 0.08373
0.21916 15.68005 0.08683
0.21967 15.71182 0.08179
0.22018 15.66953 0.08356
0.22068 15.73636 0.08173
0.22119 15.72651 0.08329
0.22170 15.82405 0.08371
0.22220 15.77096 0.08510
0.22271 15.81149 0.08506
0.22322 15.84620 0.08443
0.22372 15.75550 0.08206
0.22423 15.86622 0.08342
0.22474 15.56816 0.08066
0.22524 15.62105 0.08130
0.22575 15.72520 0.08177
0.22626 15.77012 0.08189
0.22676 15.75416 0.08438
0.22727 15.74550 0.08132
0.22778 15.55873 0.08227
0.22828 15.58403 0.08102
0.22879 15.66190 0.08216
0.22930 15.59073 0.07973
0.22980 15.49081 0.08300
0.23031 15.61330 0.07873
0.23082 15.64747 0.08140
0.23132 15.56063 0.08012
0.23183 15.56933 0.07855
0.23234 15.55683 0.08023
0.23284 15.50590 0.07651
0.23335 15.53204 0.07736
0.23386 15.56702 0.07733
0.23436 15.53152 0.07789
0.23487 15.42834 0.07830
0.23538 15.36027 0.07584
0.23588 15.43613 0.07708
0.23639 15.43886 0.07870
0.23690 15.51189 0.07747
0.23740 15.36278 0.07618
0.23791 15.35354 0.07674
0.23842 15.50965 0.07807
0.23892 15.33837 0.07610
0.23943 15.48843 0.07834
0.23994 15.49885 0.07604
0.24044 15.41521 0.07579
0.24095 15.44117 0.07718
0.24145 15.41240 0.07628
0.24196 15.32757 0.07502
0.24247 15.37757 0.07505
0.24297 15.39462 0.07517
0.24348 15.24787 0.07484
0.24399 15.39828 0.07563
0.24449 15.32756 0.07688
0.24500 15.40435 0.07520
0.24551 15.29517 0.07295
0.24601 15.40571 0.07516
0.24652 15.32448 0.07472
0.24703 15.34833 0.07402
0.24753 15.26654 0.07162
0.24804 15.27395 0.07392
0.24855 15.33590 0.07404
0.24905 15.22343 0.07439
0.24956 15.17244 0.07247
0.25007 15.23942 0.07474
0.25057 15.22087 0.07384
0.25108 15.14074 0.07261
0.25159 15.29912 0.07253
0.25209 15.24671 0.07183
0.25260 15.18163 0.07211
0.25311 15.07904 0.07238
0.25361 15.17554 0.07054
0.25412 15.13932 0.07177
0.25463 15.13621 0.07148
0.25513 15.10067 0.07121
0.25564 15.19597 0.07182
0.25615 15.14987 0.07237
0.25665 15.12906 0.07049
0.25716 15.14448 0.07011
0.25767 15.16946 0.07211
0.25817 14.99037 0.06868
0.25868 15.09155 0.06936
0.25919 15.12242 0.06876
0.25969 15.08119 0.06931
0.26020 14.95516 0.07051
0.26071 15.13953 0.06967
0.26121 15.18120 0.06917
0.26172 15.06651 0.06910
0.26223 14.94009 0.06930
0.26273 15.05963 0.06947
0.26324 14.96757 0.06788
0.26375 15.04779 0.07029
0.26425 15.06694 0.06984
0.26476 15.00564 0.06974
0.26527 14.90661 0.06933
0.26577 14.92401 0.06879
0.26628 14.95829 0.06757
0.26679 15.02623 0.06942
0.26729 15.05892 0.06851
0.26780 14.87534 0.06825
0.26831 14.78200 0.06724
0.26881 14.96357 0.06881
0.26932 15.05248 0.06856
0.26983 15.00237 0.06758
0.27033 14.88853 0.06935
0.27084 14.89701 0.06697
0.27134 14.78186 0.06784
0.27185 14.88462 0.06784
0.27236 14.82531 0.06944
0.27286 14.99904 0.06831
0.27337 14.82031 0.06627
0.27388 14.96982 0.06839
0.27438 14.81411 0.06736
0.27489 14.74281 0.06602
0.27540 14.77548 0.06571
0.27590 14.74543 0.06660
0.27641 14.76355 0.06739
0.27692 14.71761 0.06575
0.27742 14.70120 0.06636
0.27793 14.78461 0.06558
0.27844 14.85438 0.06655
0.27894 14.71976 0.06526
0.27945 14.77083 0.06471
0.27996 14.81837 0.06440
0.28046 14.74700 0.06491
0.28097 14.76828 0.06604
0.28148 14.70403 0.06409
0.28198 14.73300 0.06453
0.28249 14.75681 0.06627
0.28300 14.55246 0.06445
0.28350 14.70114 0.06578
0.28401 14.59022 0.06284
0.28452 14.65616 0.06476
0.28502 14.83167 0.06474
0.28553 14.60795 0.06581
0.28604 14.60245 0.06457
0.28654 14.62798 0.06508
0.28705 14.68626 0.06610
0.28756 14.58951 0.06384
0.28806 14.52026 0.06350
0.28857 14.57180 0.06466
0.28908 14.48131 0.06440
0.28958 14.58227 0.06469
0.29009 14.59336 0.06530
0.29059 14.61708 0.06512
0.29110 14.53275 0.06556
0.29161 14.55782 0.06481
0.29211 14.48853 0.06470
0.29262 14.59464 0.06601
0.29313 14.56776 0.06610
0.29363 14.45243 0.06582
0.29414 14.45570 0.06436
0.29465 14.41892 0.06454
0.29515 14.56761 0.06407
0.29566 14.34306 0.06576
0.29617 14.33230 0.06534
0.29667 14.36221 0.06476
0.29718 14.43376 0.06269
0.29769 14.50118 0.06602
0.29819 14.27745 0.06476
0.29870 14.51393 0.06674
0.29921 14.42182 0.06603
0.29971 14.35235 0.06548
0.30022 14.23188 0.06562
0.30073 14.25645 0.06398
0.30123 14.20010 0.06486
0.30174 14.18386 0.06492
0.30225 14.46101 0.06498
0.30275 14.20076 0.06364
0.30326 14.35100 0.06422
0.30377 14.26558 0.06396
0.30427 14.23825 0.06334
0.30478 14.33202 0.06542
0.30529 14.15991 0.06148
0.30579 14.12225 0.06337
0.30630 14.30441 0.06432
0.30680 14.15176 0.06398
0.30731 14.11942 0.06331
0.30782 14.17203 0.06287
0.30832 14.07820 0.06344
0.30883 14.08740 0.06251
0.30934 14.17715 0.06350
0.30984 14.16164 0.06443
0.31035 14.07819 0.06348
0.31086 14.12679 0.06612
0.31136 14.13427 0.06640
0.31187 14.04744 0.06621
0.31238 14.11084 0.06568
0.31288 14.14182 0.06741
0.31339 14.05072 0.06634
0.31390 13.92125 0.06643
0.31440 14.00822 0.06748
0.31491 13.94135 0.06710
0.31542 14.18307 0.06744
0.31592 14.07303 0.06793
0.31643 14.06869 0.06688
0.31694 13.94493 0.06924
0.31744 14.05942 0.06919
0.31795 13.99405 0.06746
0.31845 14.00776 0.06885
0.31896 13.98904 0.06969
0.31947 14.05743 0.06976
0.31997 13.98489 0.07063
0.32048 13.98803 0.06836
0.32099 13.88053 0.06857
0.32149 13.93569 0.07050
0.32200 13.97473 0.06958
0.32251 13.89422 0.06830
0.32301 13.95355 0.06794
0.32352 13.89247 0.06905
0.32403 13.94791 0.06786
0.32453 13.85982 0.06915
0.32504 13.79076 0.06934
0.32555 13.91726 0.06859
0.32605 13.84265 0.06886
0.32656 13.85808 0.06692
0.32707 13.87778 0.07044
0.32757 13.94970 0.06885
0.32808 13.88444 0.06912
0.32859 13.87847 0.06870
0.32909 13.80146 0.06929
0.32960 13.81909 0.06790
0.33010 13.86720 0.06914
0.33061 13.69954 0.06828
0.33112 13.90197 0.06903
0.33162 13.88881 0.07011
0.33213 13.73114 0.06765
0.33264 13.67078 0.06975
0.33314 13.83196 0.06865
0.33365 13.74993 0.06891
0.33416 13.74669 0.06931
0.33466 13.71146 0.06962
0.33517 13.71436 0.07147
0.33568 13.84317 0.06909
0.33618 13.66872 0.06960
0.33669 13.69789 0.06986
0.33720 13.76695 0.06768
0.33770 13.79992 0.07082
0.33821 13.64271 0.06912
0.33872 13.56299 0.06852
0.33922 13.82271 0.06864
0.33973 13.57835 0.06806
0.34023 13.62989 0.06947
0.34074 13.59843 0.06924
0.34125 13.68873 0.06980
0.34175 13.63396 0.07000
0.34226 13.52078 0.07060
0.34277 13.64664 0.07036
0.34327 13.70351 0.07059
0.34378 13.58264 0.07011
0.34429 13.75327 0.06920
0.34479 13.64265 0.07218
0.34530 13.58334 0.06954
0.34581 13.60544 0.07076
0.34631 13.62085 0.07027
0.34682 13.49433 0.07115
0.34733 13.56128 0.06977
0.34783 13.58670 0.07191
0.34834 13.62735 0.07195
0.34884 13.60459 0.07116
0.34935 13.53988 0.07131
0.34986 13.51761 0.07108
0.35036 13.47799 0.06995
0.35087 13.43802 0.07122
0.35138 13.69294 0.07251
0.35188 13.48646 0.07282
0.35239 13.45091 0.07171
0.35290 13.51763 0.07004
0.35340 13.51017 0.06936
0.35391 13.51076 0.06796
0.35442 13.53156 0.06657
0.35492 13.35583 0.06715
0.35543 13.28615 0.06842
0.35594 13.31790 0.06511
0.35644 13.37368 0.06638
0.35695 13.44034 0.06756
0.35745 13.37201 0.06853
0.35796 13.37991 0.06601
0.35847 13.31398 0.06810
0.35897 13.35072 0.06938
0.35948 13.39860 0.06717
0.35999 13.37975 0.06865
0.36049 13.34579 0.06989
0.36100 13.36096 0.06689
0.36151 13.35726 0.06717
0.36201 13.35200 0.06991
0.36252 13.25905 0.06857
0.36303 13.31612 0.06759
0.36353 13.37831 0.06898
0.36404 13.27203 0.07004
0.36455 13.35782 0.06812
0.36505 13.35212 0.07028
0.36556 13.29493 0.07085
0.36606 13.30745 0.06926
0.36657 13.28810 0.06999
0.36708 13.19981 0.07018
0.36758 13.20917 0.07150
0.36809 13.20918 0.07375
0.36860 13.11763 0.07279
0.36910 13.09392 0.07403
0.36961 13.08914 0.07291
0.37012 13.07763 0.07367
0.37062 13.14591 0.07377
0.37113 13.07422 0.07248
0.37164 13.11734 0.07145
0.37214 13.09484 0.07451
0.37265 13.12083 0.07149
0.37315 13.01795 0.07063
0.37366 13.09580 0.07262
0.37417 12.99719 0.07330
0.37467 13.08251 0.07428
0.37518 13.01881 0.07328
0.37569 13.16851 0.07529
0.37619 13.15338 0.07467
0.37670 13.19686 0.07621
0.37721 13.18081 0.07585
0.37771 13.11909 0.07575
0.37822 13.01641 0.07646
0.37873 12.91629 0.07584
0.37923 13.05490 0.07524
0.37974 13.16123 0.07791
0.38024 13.07707 0.07890
0.38075 13.01747 0.07744
0.38126 13.16227 0.07819
0.38176 13.10038 0.07877
0.38227 13.08369 0.08004
0.38278 12.87497 0.07827
0.38328 12.96677 0.07924
0.38379 12.84317 0.07822
0.38430 12.88972 0.07925
0.38480 12.99257 0.07973
0.38531 13.10052 0.08132
0.38582 12.92531 0.07988
0.38632 12.78709 0.07967
0.38683 12.91952 0.08144
0.38733 12.92845 0.08267
0.38784 12.82150 0.08171
0.38835 12.94368 0.08040
0.38885 12.84366 0.08250
0.38936 12.86716 0.08276
0.38987 12.88287 0.08452
0.39037 12.87258 0.08367
0.39088 12.91665 0.08497
0.39139 12.82475 0.08217
0.39189 12.93875 0.08213
0.39240 12.84098 0.08481
0.39290 13.04199 0.08482
0.39341 12.84376 0.08713
0.39392 13.01717 0.10555
0.39442 12.75989 0.08291
0.39493 12.83276 0.08668
0.39544 12.76850 0.08784
0.39594 12.76668 0.08655
0.39645 12.87687 0.08872
0.39696 12.81834 0.08717
0.39746 12.87082 0.08789
0.39797 12.87625 0.09038
0.39847 12.77372 0.08918
0.39898 12.84322 0.08932
0.39949 12.84845 0.09175
0.39999 12.65399 0.09157
0.40050 12.76208 0.09280
0.40101 12.86164 0.09434
0.40151 12.62756 0.09222
0.40202 12.57548 0.09239
0.40253 12.70605 0.09039
0.40303 12.47829 0.09294
0.40354 12.73877 0.09291
0.40405 12.64497 0.09533
0.40455 12.83385 0.09301
0.40506 12.59630 0.09345
0.40556 12.58679 0.09362
0.40607 12.50866 0.09405
0.40658 12.58842 0.09386
0.40708 12.25580 0.09566
0.40759 12.65669 0.09350
0.40810 12.53032 0.09509
0.40860 12.44471 0.09573
0.40911 12.56603 0.09670
0.40962 12.58907 0.09744
0.41012 12.62779 0.09662
0.41063 12.55927 0.09793
0.41113 12.39022 0.09928
0.41164 12.49258 0.09528
0.41215 12.61322 0.09994
0.41265 12.55259 0.09432
0.41316 12.58378 0.09724
0.41367 12.35182 0.09542
0.41417 12.30572 0.09736
0.41468 12.41802 0.09942
0.41518 12.36984 0.09856
0.41569 12.45085 0.10096
0.41620 12.41177 0.09944
0.41670 12.36637 0.09853
0.41721 12.27163 0.09982
0.41772 12.33881 0.10298
0.41822 12.25747 0.09861
0.41873 12.32842 0.09934
0.41924 12.35765 0.10265
0.41974 12.39624 0.10267
0.42025 12.40623 0.10410
0.42075 12.18322 0.10157
0.42126 12.40317 0.10041
0.42177 12.35398 0.10846
0.42227 12.22064 0.10360
0.42278 12.31328 0.10433
0.42329 12.25435 0.10668
0.42379 12.21002 0.10789
0.42430 12.21443 0.10912
0.42481 12.16133 0.10582
0.42531 12.30246 0.10630
0.42582 12.25389 0.10785
0.42632 12.22105 0.10872
0.42683 12.05821 0.11056
0.42734 12.14863 0.11135
0.42784 12.23574 0.11056
0.42835 12.29829 0.11797
0.42886 12.15609 0.11137
0.42936 12.10881 0.11351
0.42987 12.13040 0.11444
0.43037 12.23437 0.11175
0.43088 12.17941 0.11647
0.43139 12.18918 0.11858
0.43189 12.09330 0.11635
0.43240 11.96827 0.11972
0.43291 12.04338 0.11673
0.43341 12.23085 0.12410
0.43392 11.79251 0.11870
0.43443 12.22314 0.12471
0.43493 12.17336 0.12321
0.43544 12.16213 0.12213
0.43594 12.30100 0.13153
0.43645 12.20590 0.12088
0.43696 12.12323 0.13515
0.43746 11.88750 0.12735
0.43797 12.16471 0.11997
0.43848 12.10593 0.13276
0.43898 12.17344 0.12743
0.43949 12.14259 0.13443
0.43999 12.24390 0.14245
