0.01140 1544.03777 63.07829
0.01191 1078.16849 51.55514
0.01242 713.60411 53.68355
0.01292 418.26512 38.77313
0.01343 280.98229 26.37925
0.01394 207.83935 19.38721
0.01444 169.47008 15.15706
0.01495 139.67559 12.90072
0.01546 106.82096 8.41395
0.01596 100.62122 7.92286
0.01647 87.70212 6.13348
0.01698 71.54827 4.73229
0.01748 66.55571 3.95811
0.01799 61.69193 3.30243
0.01850 56.54261 2.82407
0.01900 51.37921 2.30389
0.01951 48.08552 2.02376
0.02002 45.39983 1.62366
0.02052 41.43440 1.28423
0.02103 40.69480 1.16112
0.02154 37.82787 0.88966
0.02204 37.34143 0.84701
0.02255 35.54461 0.68013
0.02306 34.49083 0.61590
0.02356 33.41228 0.57882
0.02407 32.14095 0.45471
0.02458 32.21903 0.45519
0.02509 31.40933 0.39595
0.02559 30.65917 0.39992
0.02610 29.42374 0.34043
0.02661 28.99325 0.30232
0.02711 28.20129 0.28293
0.02762 27.57592 0.24576
0.02813 27.11847 0.25932
0.02863 26.40950 0.24776
0.02914 26.54001 0.24221
0.02965 25.71738 0.23812
0.03015 25.39628 0.21623
0.03066 25.54736 0.23491
0.03117 24.70814 0.21834
0.03167 24.87343 0.22733
0.03218 24.28639 0.21727
0.03269 24.29032 0.22274
0.03319 24.08305 0.22523
0.03370 23.67706 0.20133
0.03421 23.79695 0.20340
0.03471 23.49836 0.19173
0.03522 23.04975 0.19560
0.03573 23.32367 0.19720
0.03623 22.63877 0.21079
0.03674 22.36812 0.20314
0.03725 22.32447 0.19594
0.03775 22.69602 0.18910
0.03826 22.15724 0.18509
0.03877 22.16288 0.19129
0.03927 21.71833 0.18617
0.03978 21.34186 0.18391
0.04029 21.46384 0.17704
0.04080 21.63733 0.17786
0.04130 21.52309 0.17847
0.04181 21.43757 0.17384
0.04232 21.12609 0.17980
0.04282 20.65931 0.16989
0.04333 21.12511 0.17943
0.04384 20.87111 0.17228
0.04434 20.81235 0.16880
0.04485 20.48652 0.16094
0.04536 20.38982 0.16184
0.04586 20.59179 0.16655
0.04637 20.27791 0.16469
0.04688 19.96788 0.16118
0.04738 20.17100 0.15381
0.04789 19.71714 0.16211
0.04840 19.86813 0.14192
0.04890 19.93076 0.15715
0.04941 19.75432 0.15062
0.04992 19.79311 0.15403
0.05042 19.87878 0.15815
0.05093 19.65285 0.14853
0.05144 19.61875 0.15125
0.05194 19.38690 0.14401
0.05245 19.28246 0.14145
0.05296 19.09339 0.14151
0.05346 19.24732 0.15120
0.05397 19.13258 0.14427
0.05448 19.25276 0.14242
0.05498 19.09705 0.15361
0.05549 19.05546 0.14288
0.05600 18.94614 0.14799
0.05650 19.25211 0.14312
0.05701 19.15738 0.14054
0.05752 18.84671 0.13692
0.05803 18.75475 0.13469
0.05853 18.76959 0.13479
0.05904 18.39304 0.13766
0.05955 18.30059 0.13308
0.06005 18.63869 0.13187
0.06056 18.47904 0.12988
0.06107 18.35098 0.13416
0.06157 18.15960 0.12994
0.06208 18.34766 0.13172
0.06259 18.10360 0.13107
0.06309 18.09190 0.13238
0.06360 18.06585 0.12480
0.06411 17.94257 0.12302
0.06461 18.22229 0.13068
0.06512 18.13171 0.12807
0.06563 17.72111 0.12389
0.06613 17.81965 0.12588
0.06664 17.62914 0.12839
0.06715 17.70845 0.12003
0.06765 17.71829 0.12117
0.06816 17.60698 0.12061
0.06867 17.69566 0.12068
0.06917 17.45498 0.11833
0.06968 17.55848 0.11653
0.07019 17.36435 0.12322
0.07069 17.29434 0.11958
0.07120 17.40357 0.11521
0.07171 17.36574 0.11732
0.07221 17.11347 0.11741
0.07272 17.10708 0.11693
0.07323 17.12775 0.11817
0.07373 17.06395 0.11774
0.07424 16.95976 0.12139
0.07475 17.01627 0.11571
0.07526 17.01227 0.11228
0.07576 16.74285 0.10661
0.07627 16.68488 0.11536
0.07678 16.72510 0.11221
0.07728 16.69961 0.11024
0.07779 16.80333 0.10892
0.07830 16.77229 0.11045
0.07880 16.63140 0.11111
0.07931 16.51843 0.10689
0.07982 16.64613 0.10868
0.08032 16.59475 0.10991
0.08083 16.56023 0.10678
0.08134 16.54778 0.10807
0.08184 16.34314 0.10653
0.08235 16.24606 0.10989
0.08286 16.47613 0.11144
0.08336 16.14579 0.10841
0.08387 16.28489 0.11046
0.08438 16.30977 0.10801
0.08488 16.21305 0.11267
0.08539 16.27515 0.10999
0.08590 16.08435 0.11191
0.08640 16.00080 0.10891
0.08691 15.91486 0.11547
0.08742 16.05807 0.11181
0.08792 16.18374 0.11384
0.08843 15.90313 0.11356
0.08894 15.94886 0.10449
0.08944 15.86748 0.10573
0.08995 16.03575 0.10813
0.09046 15.86108 0.10716
0.09096 15.73550 0.11298
0.09147 15.55710 0.11246
0.09198 15.67997 0.11192
0.09248 15.43310 0.11141
0.09299 15.49898 0.11001
0.09350 15.75386 0.11715
0.09401 15.70848 0.11143
0.09451 15.57216 0.11223
0.09502 15.52039 0.11319
0.09553 15.36499 0.10841
0.09603 15.28747 0.10739
0.09654 15.56307 0.11278
0.09705 15.45809 0.11399
0.09755 15.33873 0.10291
0.09806 15.19172 0.10805
0.09857 15.29915 0.10993
0.09907 15.15909 0.10399
0.09958 15.22949 0.10871
0.10009 15.26952 0.10315
0.10059 15.11813 0.10932
0.10110 15.06740 0.10344
0.10161 14.94591 0.10251
0.10211 14.94402 0.10162
0.10262 15.00123 0.10569
0.10313 15.13795 0.10260
0.10363 15.01204 0.10402
0.10414 14.99747 0.10756
0.10465 14.83219 0.10682
0.10515 14.86816 0.10565
0.10566 14.46895 0.10532
0.10617 14.75519 0.10197
0.10667 14.67453 0.09876
0.10718 14.65046 0.09959
0.10769 14.59448 0.10322
0.10819 14.37223 0.09671
0.10870 14.54589 0.09748
0.10921 14.69995 0.09586
0.10971 14.68521 0.09849
0.11022 14.50906 0.09772
0.11073 14.26679 0.09380
0.11123 14.46964 0.09438
0.11174 14.54502 0.09621
0.11225 14.25944 0.09418
0.11275 14.52408 0.09464
0.11326 14.25846 0.09150
0.11377 14.48540 0.09355
0.11428 14.53887 0.09283
0.11478 14.26586 0.09041
0.11529 14.17812 0.09091
0.11580 14.14422 0.09052
0.11630 14.17158 0.09032
0.11681 14.38340 0.08995
0.11732 14.10793 0.08885
0.11782 14.12515 0.08818
0.11833 14.05187 0.09062
0.11884 13.98129 0.08804
0.11934 14.20649 0.08872
0.11985 13.98013 0.09032
0.12036 14.07870 0.08619
0.12086 13.94233 0.08717
0.12137 14.11735 0.08943
0.12188 13.97518 0.08688
0.12238 13.91501 0.08554
0.12289 13.91636 0.08591
0.12340 13.76832 0.08345
0.12390 13.77156 0.08375
0.12441 13.70628 0.08509
0.12492 13.81869 0.08601
0.12542 13.76126 0.08341
0.12593 13.85002 0.08103
0.12644 13.72789 0.08170
0.12694 13.74154 0.08215
0.12745 13.67850 0.08322
0.12796 13.62636 0.08340
0.12846 13.67575 0.08150
0.12897 13.69665 0.08123
0.12948 13.66573 0.08261
0.12998 13.60224 0.08121
0.13049 13.57401 0.07864
0.13100 13.57718 0.08051
0.13150 13.50955 0.07965
0.13201 13.46968 0.07825
0.13252 13.62585 0.08117
0.13302 13.47747 0.07891
0.13353 13.55096 0.07924
0.13404 13.36092 0.07761
0.13454 13.41605 0.07964
0.13505 13.32853 0.07914
0.13556 13.40116 0.07863
0.13606 13.35876 0.07764
0.13657 13.42007 0.07859
0.13708 13.32698 0.07832
0.13758 13.26612 0.07782
0.13809 13.41117 0.07904
0.13860 13.27136 0.07491
0.13911 13.27106 0.07409
0.13961 13.26619 0.07768
0.14012 13.15217 0.07624
0.14063 13.19682 0.07459
0.14113 13.09922 0.07397
0.14164 13.20879 0.07468
0.14215 13.03700 0.07555
0.14265 13.16195 0.07639
0.14316 13.03084 0.07621
0.14367 13.03170 0.07613
0.14417 13.02863 0.07486
0.14468 13.05755 0.07373
0.14519 13.14809 0.07345
0.14569 12.97714 0.07297
0.14620 12.95164 0.07272
0.14671 12.88640 0.07488
0.14721 12.89102 0.07387
0.14772 12.72290 0.07402
0.14823 12.82676 0.07221
0.14873 12.77344 0.07218
0.14924 12.92071 0.07341
0.14975 12.94344 0.07308
0.15025 12.73258 0.07199
0.15076 12.68537 0.07208
0.15127 12.72121 0.07162
0.15177 12.63726 0.07169
0.15228 12.72747 0.07145
0.15279 12.57884 0.06907
0.15329 12.66631 0.07039
0.15380 12.58994 0.06993
0.15431 12.63888 0.07307
0.15481 12.52654 0.06929
0.15532 12.63866 0.07114
0.15583 12.48640 0.06867
0.15633 12.41366 0.06979
0.15684 12.39994 0.06811
0.15735 12.58001 0.06801
0.15785 12.52804 0.06855
0.15836 12.51449 0.06714
0.15887 12.45763 0.06997
0.15937 12.46143 0.06783
0.15988 12.40477 0.06812
0.16039 12.25909 0.06737
0.16089 12.32229 0.06678
0.16140 12.36580 0.06707
0.16191 12.29484 0.06640
0.16241 12.32556 0.06802
0.16292 12.24433 0.06977
0.16343 12.25748 0.06558
0.16393 12.22003 0.06829
0.16444 12.24544 0.06817
0.16495 12.20589 0.06750
0.16545 12.04401 0.06645
0.16596 12.12191 0.06704
0.16647 12.13026 0.06665
0.16697 12.13458 0.06593
0.16748 12.09566 0.06684
0.16799 12.03482 0.06589
0.16849 11.98588 0.06457
0.16900 12.17009 0.06497
0.16951 12.04579 0.06595
0.17001 11.89215 0.06416
0.17052 12.06253 0.06691
0.17103 11.99551 0.06755
0.17153 11.91323 0.06813
0.17204 11.83229 0.06610
0.17255 12.04338 0.06738
0.17305 11.88770 0.06789
0.17356 11.89407 0.06592
0.17407 11.83409 0.06599
0.17457 11.85773 0.06734
0.17508 11.92753 0.06679
0.17559 11.85150 0.06549
0.17610 11.85626 0.06635
0.17660 11.76301 0.06720
0.17711 11.74153 0.06703
0.17762 11.73577 0.06713
0.17812 11.82592 0.06780
0.17863 11.75473 0.06599
0.17914 11.63397 0.06655
0.17964 11.69975 0.06723
0.18015 11.75950 0.06828
0.18066 11.76911 0.06678
0.18116 11.83124 0.06785
0.18167 11.74828 0.06936
0.18218 11.79157 0.06897
0.18268 11.66163 0.06737
0.18319 11.61191 0.06799
0.18370 11.61014 0.06967
0.18420 11.61830 0.07083
0.18471 11.55305 0.06873
0.18522 11.53780 0.07114
0.18572 11.57988 0.06969
0.18623 11.47588 0.06885
0.18674 11.58888 0.06852
0.18724 11.50169 0.07055
0.18775 11.49431 0.07059
0.18826 11.61858 0.06978
0.18876 11.60956 0.07103
0.18927 11.41015 0.07004
0.18978 11.49178 0.06937
0.19028 11.45114 0.06938
0.19079 11.46904 0.07128
0.19130 11.44295 0.06841
0.19180 11.33030 0.07128
0.19231 11.34622 0.07069
0.19282 11.53718 0.07299
0.19332 11.41540 0.06843
0.19383 11.43024 0.07013
0.19434 11.44107 0.06928
0.19484 11.31108 0.07152
0.19535 11.35466 0.07178
0.19586 11.32021 0.07028
0.19636 11.38885 0.07101
0.19687 11.30703 0.07219
0.19738 11.31160 0.07051
0.19788 11.20825 0.07018
0.19839 11.29365 0.07123
0.19890 11.24808 0.07121
0.19940 11.31273 0.07051
0.19991 11.19397 0.07026
0.20042 11.21604 0.07176
0.20092 11.21503 0.07030
0.20143 11.23129 0.07126
0.20194 11.15824 0.07078
0.20244 11.21234 0.06918
0.20295 11.11000 0.07090
0.20346 11.24585 0.07142
0.20396 11.22487 0.07066
0.20447 11.26136 0.07175
0.20498 11.11985 0.07218
0.20548 11.22051 0.07383
0.20599 11.09727 0.07152
0.20650 11.07162 0.07029
0.20700 11.05228 0.07242
0.20751 11.08227 0.07034
0.20802 11.06623 0.06982
0.20852 11.06866 0.07040
0.20903 11.03641 0.07083
0.20954 11.03637 0.06958
0.21004 10.96490 0.07055
0.21055 11.04829 0.07055
0.21106 11.06000 0.07053
0.21156 10.93836 0.07067
0.21207 10.93405 0.07184
0.21258 10.88097 0.07043
0.21308 10.79443 0.07140
0.21359 10.95311 0.07034
0.21410 10.91298 0.06859
0.21460 10.90829 0.07091
0.21511 10.80397 0.07133
0.21562 10.97219 0.06979
0.21612 10.92098 0.07109
0.21663 10.86909 0.07119
0.21714 10.98278 0.07115
0.21764 10.84680 0.07003
0.21815 10.78474 0.06856
0.21866 10.80438 0.07196
0.21916 10.86090 0.06786
0.21967 10.76938 0.06955
0.22018 10.73787 0.06973
0.22068 10.84374 0.07114
0.22119 10.78318 0.06778
0.22170 10.72300 0.07028
0.22220 10.77300 0.07146
0.22271 10.61635 0.06804
0.22322 10.85128 0.06807
0.22372 10.73993 0.07067
0.22423 10.70813 0.06968
0.22474 10.61281 0.06888
0.22524 10.74327 0.06892
0.22575 10.65642 0.06894
0.22626 10.66396 0.06809
0.22676 10.67150 0.06825
0.22727 10.61503 0.06656
0.22778 10.58675 0.06659
0.22828 10.66256 0.06664
0.22879 10.57470 0.06881
0.22930 10.62361 0.06550
0.22980 10.50054 0.06521
0.23031 10.64730 0.06456
0.23082 10.55273 0.06562
0.23132 10.56470 0.06545
0.23183 10.50014 0.06441
0.23234 10.55373 0.06468
0.23284 10.42917 0.06365
0.23335 10.57155 0.06343
0.23386 10.51725 0.06524
0.23436 10.55823 0.06550
0.23487 10.43896 0.06410
0.23538 10.52723 0.06380
0.23588 10.62176 0.06401
0.23639 10.46229 0.06371
0.23690 10.47684 0.06484
0.23740 10.54951 0.06446
0.23791 10.41688 0.06432
0.23842 10.46612 0.06279
0.23892 10.44300 0.06160
0.23943 10.35113 0.06185
0.23994 10.44136 0.06297
0.24044 10.39282 0.06334
0.24095 10.36577 0.06298
0.24145 10.39121 0.06157
0.24196 10.34113 0.06137
0.24247 10.33104 0.06183
0.24297 10.37603 0.06292
0.24348 10.37027 0.06118
0.24399 10.35042 0.06117
0.24449 10.30364 0.06207
0.24500 10.31653 0.06026
0.24551 10.32510 0.06113
0.24601 10.31493 0.06123
0.24652 10.26670 0.06096
0.24703 10.19325 0.05973
0.24753 10.26704 0.06075
0.24804 10.25945 0.06019
0.24855 10.23457 0.06068
0.24905 10.17889 0.05999
0.24956 10.20197 0.06067
0.25007 10.14894 0.05851
0.25057 10.19544 0.06100
0.25108 10.21895 0.05920
0.25159 10.17052 0.05828
0.25209 10.12531 0.05821
0.25260 10.23033 0.05846
0.25311 10.11242 0.05893
0.25361 10.20175 0.05719
0.25412 10.14659 0.05817
0.25463 10.22054 0.05909
0.25513 10.09489 0.05862
0.25564 10.12962 0.05934
0.25615 10.15121 0.05822
0.25665 10.15335 0.05830
0.25716 10.16452 0.05838
0.25767 10.08985 0.05753
0.25817 10.04720 0.05669
0.25868 10.10106 0.05740
0.25919 10.09727 0.05693
0.25969 10.06805 0.05649
0.26020 10.03604 0.05668
0.26071 9.96035 0.05558
0.26121 10.06439 0.05596
0.26172 9.88623 0.05708
0.26223 10.01493 0.05663
0.26273 9.97254 0.05657
0.26324 9.87398 0.05609
0.26375 10.02871 0.05552
0.26425 10.02752 0.05646
0.26476 9.94892 0.05530
0.26527 10.02321 0.05540
0.26577 9.97497 0.05642
0.26628 9.94835 0.05660
0.26679 9.95098 0.05487
0.26729 9.96036 0.05565
0.26780 9.89621 0.05560
0.26831 9.98935 0.05423
0.26881 9.90798 0.05625
0.26932 9.85238 0.05386
0.26983 9.91261 0.05596
0.27033 9.91011 0.05431
0.27084 9.87898 0.05504
0.27134 9.82829 0.05503
0.27185 9.92204 0.05619
0.27236 9.92373 0.05499
0.27286 9.89036 0.05409
0.27337 9.80638 0.05436
0.27388 9.79645 0.05450
0.27438 9.90875 0.05496
0.27489 9.87285 0.05339
0.27540 9.74581 0.05382
0.27590 9.79964 0.05427
0.27641 9.76906 0.05329
0.27692 9.73818 0.05340
0.27742 9.68621 0.05207
0.27793 9.81379 0.05449
0.27844 9.70781 0.05434
0.27894 9.73292 0.05424
0.27945 9.70679 0.05257
0.27996 9.62470 0.05318
0.28046 9.73999 0.05332
0.28097 9.78852 0.05416
0.28148 9.81484 0.05309
0.28198 9.72579 0.05290
0.28249 9.63785 0.05280
0.28300 9.72198 0.05341
0.28350 9.70207 0.05273
0.28401 9.73539 0.05311
0.28452 9.71068 0.05111
0.28502 9.79331 0.05261
0.28553 9.67193 0.05241
0.28604 9.61897 0.05374
0.28654 9.60171 0.05234
0.28705 9.60989 0.05270
0.28756 9.59899 0.05300
0.28806 9.57880 0.05233
0.28857 9.62956 0.05224
0.28908 9.67892 0.05349
0.28958 9.69197 0.05203
0.29009 9.55155 0.05167
0.29059 9.54864 0.05267
0.29110 9.57438 0.05286
0.29161 9.57294 0.05249
0.29211 9.56292 0.05316
0.29262 9.67731 0.05322
0.29313 9.63569 0.05345
0.29363 9.55171 0.05331
0.29414 9.50468 0.05204
0.29465 9.53932 0.05262
0.29515 9.57484 0.05226
0.29566 9.48394 0.05386
0.29617 9.44866 0.05229
0.29667 9.51453 0.05253
0.29718 9.55973 0.05196
0.29769 9.47254 0.05312
0.29819 9.49858 0.05269
0.29870 9.38515 0.05142
0.29921 9.50621 0.05202
0.29971 9.48473 0.05292
0.30022 9.43758 0.05213
0.30073 9.50134 0.05429
0.30123 9.38863 0.05233
0.30174 9.37019 0.05150
0.30225 9.39569 0.05148
0.30275 9.39024 0.05125
0.30326 9.39353 0.05107
0.30377 9.44001 0.05193
0.30427 9.45174 0.05273
0.30478 9.39902 0.05144
0.30529 9.37282 0.05246
0.30579 9.39862 0.05121
0.30630 9.33458 0.05181
0.30680 9.35518 0.05195
0.30731 9.37055 0.05135
0.30782 9.32439 0.05089
0.30832 9.36905 0.05018
0.30883 9.31710 0.05104
0.30934 9.30041 0.05100
0.30984 9.28388 0.05146
0.31035 9.32295 0.05373
0.31086 9.20399 0.05434
0.31136 9.21002 0.05343
0.31187 9.27481 0.05382
0.31238 9.23657 0.05232
0.31288 9.22962 0.05440
0.31339 9.27058 0.05386
0.31390 9.29255 0.05462
0.31440 9.29088 0.05493
0.31491 9.23151 0.05354
0.31542 9.19122 0.05635
0.31592 9.20096 0.05529
0.31643 9.19816 0.05555
0.31694 9.22212 0.05461
0.31744 9.28032 0.05546
0.31795 9.21412 0.05441
0.31845 9.27145 0.05579
0.31896 9.25199 0.05646
0.31947 9.18640 0.05658
0.31997 9.16552 0.05595
0.32048 9.27279 0.05635
0.32099 9.17501 0.05520
0.32149 9.11710 0.05512
0.32200 9.20253 0.05524
0.32251 9.02613 0.05588
0.32301 9.07484 0.05484
0.32352 9.11087 0.05558
0.32403 9.16436 0.05618
0.32453 9.17705 0.05536
0.32504 9.04802 0.05422
0.32555 9.09256 0.05551
0.32605 9.18160 0.05534
0.32656 9.10678 0.05550
0.32707 9.18629 0.05690
0.32757 9.04319 0.05430
0.32808 9.14530 0.05709
0.32859 9.23692 0.05736
0.32909 9.13168 0.05489
0.32960 9.21954 0.05618
0.33010 9.11811 0.05527
0.33061 9.05136 0.05538
0.33112 9.14623 0.05619
0.33162 9.08951 0.05629
0.33213 9.06104 0.05529
0.33264 9.14727 0.05718
0.33314 9.17715 0.05609
0.33365 9.03482 0.05631
0.33416 9.06780 0.05593
0.33466 9.02572 0.05518
0.33517 9.04559 0.05525
0.33568 9.08956 0.05491
0.33618 9.00986 0.05568
0.33669 9.09396 0.05659
0.33720 9.09887 0.05619
0.33770 9.10030 0.05648
0.33821 9.10831 0.05851
0.33872 9.14439 0.05763
0.33922 9.02576 0.05637
0.33973 9.03357 0.05703
0.34023 9.06227 0.05756
0.34074 8.97282 0.05729
0.34125 9.04493 0.05684
0.34175 8.93614 0.05631
0.34226 9.02114 0.05693
0.34277 9.10869 0.05750
0.34327 9.09224 0.05748
0.34378 9.08228 0.05722
0.34429 8.91950 0.05876
0.34479 8.91287 0.05763
0.34530 8.93655 0.05654
0.34581 8.91495 0.05647
0.34631 9.13321 0.05798
0.34682 9.08163 0.05694
0.34733 9.01485 0.05761
0.34783 9.04249 0.05672
0.34834 8.99451 0.05660
0.34884 8.83391 0.05520
0.34935 8.92766 0.05649
0.34986 9.07310 0.05793
0.35036 8.95284 0.05829
0.35087 8.96752 0.05867
0.35138 9.04413 0.05828
0.35188 8.96870 0.05740
0.35239 8.89881 0.05563
0.35290 8.82506 0.05790
0.35340 8.94280 0.05606
0.35391 8.94035 0.05544
0.35442 8.97349 0.05459
0.35492 8.90108 0.05536
0.35543 8.82989 0.05474
0.35594 8.86870 0.05457
0.35644 8.80108 0.05496
0.35695 8.85068 0.05352
0.35745 8.86008 0.05455
0.35796 8.87434 0.05566
0.35847 8.84336 0.05460
0.35897 8.78881 0.05607
0.35948 8.88886 0.05560
0.35999 8.79886 0.05476
0.36049 8.74745 0.05684
0.36100 8.75586 0.05476
0.36151 8.87487 0.05501
0.36201 8.80770 0.05670
0.36252 8.77701 0.05567
0.36303 8.68115 0.05459
0.36353 8.87410 0.05454
0.36404 8.76332 0.05605
0.36455 8.75271 0.05509
0.36505 8.72194 0.05412
0.36556 8.76762 0.05649
0.36606 8.77834 0.05668
0.36657 8.83798 0.05704
0.36708 8.76289 0.05592
0.36758 8.65158 0.05704
0.36809 8.74814 0.05961
0.36860 8.71452 0.05898
0.36910 8.70323 0.05929
0.36961 8.64419 0.05827
0.37012 8.75482 0.06111
0.37062 8.63369 0.06011
0.37113 8.62750 0.05905
0.37164 8.70881 0.05745
0.37214 8.73754 0.05816
0.37265 8.62852 0.05760
0.37315 8.72452 0.05845
0.37366 8.73312 0.05862
0.37417 8.70319 0.06001
0.37467 8.74043 0.06053
0.37518 8.74493 0.05977
0.37569 8.70629 0.06051
0.37619 8.64074 0.06033
0.37670 8.71971 0.06050
0.37721 8.58473 0.06025
0.37771 8.58786 0.06220
0.37822 8.57359 0.06108
0.37873 8.65753 0.06259
0.37923 8.70643 0.06225
0.37974 8.69859 0.06327
0.38024 8.57916 0.06091
0.38075 8.68108 0.06219
0.38126 8.59837 0.06423
0.38176 8.69966 0.06488
0.38227 8.66181 0.06233
0.38278 8.49399 0.06466
0.38328 8.53370 0.06381
0.38379 8.55771 0.06490
0.38430 8.62191 0.06496
0.38480 8.65292 0.06546
0.38531 8.63629 0.06466
0.38582 8.60608 0.06509
0.38632 8.66890 0.06513
0.38683 8.69993 0.06556
0.38733 8.67795 0.06725
0.38784 8.67895 0.06590
0.38835 8.57712 0.06321
0.38885 8.57512 0.06884
0.38936 8.46107 0.06710
0.38987 8.57530 0.06752
0.39037 8.67080 0.06806
0.39088 8.49238 0.06703
0.39139 8.64596 0.06779
0.39189 8.58930 0.06831
0.39240 8.53283 0.07016
0.39290 8.44754 0.06973
0.39341 8.48906 0.07004
0.39392 8.64978 0.07116
0.39442 8.53413 0.07043
0.39493 8.47063 0.06997
0.39544 8.53539 0.06894
0.39594 8.58693 0.07230
0.39645 8.51734 0.07331
0.39696 8.42773 0.07371
0.39746 8.57229 0.07322
0.39797 8.61970 0.07526
0.39847 8.54260 0.07165
0.39898 8.51984 0.07267
0.39949 8.51772 0.07343
0.39999 8.47425 0.07341
0.40050 8.41696 0.07563
0.40101 8.46083 0.07508
0.40151 8.54269 0.07470
0.40202 8.37697 0.07542
0.40253 8.57892 0.07818
0.40303 8.44318 0.07655
0.40354 8.27383 0.07265
0.40405 8.32467 0.07359
0.40455 8.46925 0.07790
0.40506 8.32139 0.07583
0.40556 8.44854 0.08013
0.40607 8.37105 0.07818
0.40658 8.40032 0.07792
0.40708 8.44124 0.07907
0.40759 8.43731 0.07897
0.40810 8.25992 0.07548
0.40860 8.28027 0.07713
0.40911 8.56833 0.07849
0.40962 8.50971 0.08170
0.41012 8.43109 0.07891
0.41063 8.27615 0.07700
0.41113 8.37960 0.07700
0.41164 8.37437 0.07842
0.41215 8.30175 0.07787
0.41265 8.37375 0.08155
0.41316 8.30599 0.08189
0.41367 8.37555 0.08153
0.41417 8.37988 0.08258
0.41468 8.36193 0.07851
0.41518 8.30284 0.07982
0.41569 8.46692 0.07812
0.41620 8.26785 0.07832
0.41670 8.26043 0.08000
0.41721 8.23319 0.07940
0.41772 8.24769 0.08064
0.41822 8.30192 0.08034
0.41873 8.30100 0.08343
0.41924 8.20822 0.08376
0.41974 8.24749 0.08523
0.42025 8.21887 0.08385
0.42075 8.32134 0.08002
0.42126 8.28451 0.08230
0.42177 8.33500 0.08710
0.42227 8.32708 0.08546
0.42278 8.25855 0.08255
0.42329 8.41687 0.08658
0.42379 8.15348 0.08518
0.42430 8.39386 0.08183
0.42481 8.35458 0.08579
0.42531 8.26069 0.08870
0.42582 8.23329 0.09018
0.42632 8.09495 0.08707
0.42683 8.14083 0.08801
0.42734 8.40483 0.09317
0.42784 8.19794 0.08912
0.42835 8.16194 0.09046
0.42886 8.25296 0.09825
0.42936 8.27866 0.09144
0.42987 8.36478 0.09627
0.43037 8.34014 0.09589
0.43088 8.20889 0.09622
0.43139 8.30041 0.09136
0.43189 8.15758 0.09627
0.43240 8.19670 0.09353
0.43291 8.19818 0.09593
0.43341 8.12657 0.09319
0.43392 8.27163 0.10026
0.43443 8.14571 0.10037
0.43493 8.29399 0.10383
0.43544 8.17097 0.09864
0.43594 8.10182 0.10289
0.43645 8.30054 0.10181
0.43696 8.11758 0.10440
0.43746 8.16035 0.10552
0.43797 8.10370 0.10634
0.43848 8.28849 0.10789
0.43898 8.07923 0.10751
0.43949 8.16579 0.11330
0.43999 8.23179 0.10705
