0.01140 1530.61346 63.77864
0.01191 1073.33125 50.38156
0.01242 702.76768 53.43023
0.01292 415.35260 38.62349
0.01343 281.74700 26.37411
0.01394 206.15465 19.30663
0.01444 171.56384 15.88796
0.01495 140.70661 13.18969
0.01546 105.19428 8.38148
0.01596 98.77943 7.93105
0.01647 87.14723 6.16795
0.01698 73.58969 4.79223
0.01748 65.29910 4.10141
0.01799 60.18793 3.23795
0.01850 55.35715 2.71927
0.01900 48.95822 2.29377
0.01951 47.58291 1.84810
0.02002 43.95757 1.69127
0.02052 41.73159 1.33393
0.02103 40.19830 1.18927
0.02154 38.43083 0.96681
0.02204 36.70438 0.75236
0.02255 34.53939 0.66727
0.02306 33.55989 0.64497
0.02356 32.97819 0.52790
0.02407 32.18364 0.47516
0.02458 31.42845 0.42920
0.02509 30.23568 0.39666
0.02559 30.08891 0.38100
0.02610 29.52035 0.36258
0.02661 28.47564 0.30703
0.02711 27.57998 0.27484
0.02762 27.03835 0.26816
0.02813 26.87140 0.27777
0.02863 26.22913 0.24727
0.02914 25.77041 0.24960
0.02965 25.91382 0.24276
0.03015 24.96530 0.23184
0.03066 24.52140 0.22404
0.03117 24.75350 0.23609
0.03167 24.57179 0.21768
0.03218 24.34428 0.22041
0.03269 23.93496 0.21351
0.03319 23.65139 0.21805
0.03370 23.45233 0.20226
0.03421 22.95983 0.20131
0.03471 22.93935 0.20285
0.03522 22.93443 0.19970
0.03573 22.57768 0.20255
0.03623 22.41054 0.18586
0.03674 22.32637 0.19666
0.03725 22.09833 0.18232
0.03775 22.02819 0.18888
0.03826 21.67117 0.18731
0.03877 21.78846 0.17191
0.03927 21.49967 0.18496
0.03978 21.69637 0.17404
0.04029 21.37946 0.17685
0.04080 21.39307 0.17551
0.04130 21.17030 0.17353
0.04181 21.04547 0.17014
0.04232 20.65098 0.17381
0.04282 20.56973 0.17318
0.04333 20.67195 0.16941
0.04384 20.92581 0.17337
0.04434 20.46287 0.16503
0.04485 20.38788 0.16891
0.04536 20.19502 0.16816
0.04586 20.14849 0.16935
0.04637 20.07869 0.15867
0.04688 20.15645 0.16590
0.04738 19.80791 0.15767
0.04789 19.71196 0.15738
0.04840 19.59088 0.15476
0.04890 19.72501 0.14797
0.04941 19.54741 0.14862
0.04992 19.63314 0.15285
0.05042 19.47142 0.14668
0.05093 19.23743 0.15221
0.05144 19.23781 0.15401
0.05194 19.34680 0.14774
0.05245 19.35084 0.14522
0.05296 18.90730 0.13907
0.05346 18.98175 0.14498
0.05397 18.97538 0.13787
0.05448 18.74827 0.14332
0.05498 18.66811 0.13940
0.05549 19.01290 0.13767
0.05600 18.61240 0.13425
0.05650 18.59140 0.13872
0.05701 18.74162 0.13559
0.05752 18.52170 0.13883
0.05803 18.36724 0.13521
0.05853 18.38650 0.13368
0.05904 18.41111 0.13592
0.05955 18.17369 0.13476
0.06005 18.16305 0.13492
0.06056 18.19590 0.12811
0.06107 18.21887 0.12916
0.06157 18.15290 0.13046
0.06208 17.95919 0.12705
0.06259 17.91327 0.13071
0.06309 17.79636 0.12967
0.06360 17.82781 0.13159
0.06411 17.72153 0.12989
0.06461 17.49591 0.12174
0.06512 17.30293 0.11794
0.06563 17.45458 0.12433
0.06613 17.35893 0.12266
0.06664 17.53853 0.12583
0.06715 17.44631 0.12033
0.06765 17.29139 0.11847
0.06816 17.25940 0.11837
0.06867 17.25228 0.12102
0.06917 17.15091 0.11850
0.06968 17.52140 0.11637
0.07019 16.98056 0.11686
0.07069 17.00833 0.12560
0.07120 16.79298 0.11842
0.07171 16.82799 0.11857
0.07221 17.13482 0.11729
0.07272 16.78909 0.11916
0.07323 16.91883 0.11793
0.07373 16.60397 0.11752
0.07424 16.91668 0.11187
0.07475 16.69361 0.11155
0.07526 16.80632 0.11145
0.07576 16.79798 0.11211
0.07627 16.77851 0.11185
0.07678 16.53976 0.11014
0.07728 16.55921 0.11318
0.07779 16.72685 0.11335
0.07830 16.49121 0.11011
0.07880 16.47285 0.10876
0.07931 16.39793 0.10690
0.07982 16.45116 0.10513
0.08032 16.39514 0.10636
0.08083 16.26199 0.10592
0.08134 16.18207 0.10716
0.08184 16.19417 0.10991
0.08235 16.21936 0.10685
0.08286 16.09359 0.11260
0.08336 15.93351 0.11116
0.08387 16.03502 0.10669
0.08438 15.88655 0.10773
0.08488 16.03470 0.10920
0.08539 15.90303 0.11071
0.08590 15.81740 0.10963
0.08640 16.06891 0.11185
0.08691 15.88799 0.10942
0.08742 15.93516 0.10513
0.08792 15.89008 0.10687
0.08843 15.66326 0.10574
0.08894 15.73774 0.10987
0.08944 15.57886 0.10724
0.08995 15.54173 0.10723
0.09046 15.65309 0.10728
0.09096 15.43238 0.11253
0.09147 15.42792 0.11089
0.09198 15.29423 0.11245
0.09248 15.44128 0.11536
0.09299 15.29841 0.11270
0.09350 15.35423 0.11397
0.09401 15.37639 0.11384
0.09451 15.38688 0.10696
0.09502 15.41405 0.10751
0.09553 15.11234 0.10989
0.09603 15.25840 0.10799
0.09654 15.11415 0.10686
0.09705 15.07989 0.10604
0.09755 14.98548 0.10896
0.09806 15.18100 0.10989
0.09857 15.17084 0.10688
0.09907 15.00570 0.10675
0.09958 15.16396 0.10787
0.10009 14.88417 0.10393
0.10059 14.88460 0.10758
0.10110 14.95337 0.10332
0.10161 15.01024 0.10077
0.10211 14.80161 0.10326
0.10262 14.86221 0.09858
0.10313 14.90449 0.10392
0.10363 14.65755 0.10579
0.10414 14.73099 0.10239
0.10465 14.69299 0.10546
0.10515 14.72619 0.10342
0.10566 14.67202 0.10284
0.10617 14.66926 0.09923
0.10667 14.61022 0.10197
0.10718 14.59465 0.09981
0.10769 14.65826 0.09541
0.10819 14.44058 0.09612
0.10870 14.49334 0.09953
0.10921 14.57677 0.09485
0.10971 14.50904 0.09632
0.11022 14.46072 0.10079
0.11073 14.48622 0.09459
0.11123 14.29952 0.09340
0.11174 14.50640 0.09515
0.11225 14.36964 0.09529
0.11275 14.26980 0.09540
0.11326 14.31401 0.09420
0.11377 14.25700 0.09355
0.11428 14.15201 0.09305
0.11478 14.13384 0.08952
0.11529 14.09618 0.09096
0.11580 14.06749 0.08819
0.11630 13.95221 0.08935
0.11681 14.05665 0.08753
0.11732 13.87699 0.08851
0.11782 14.04139 0.08786
0.11833 14.06265 0.08670
0.11884 13.91901 0.08922
0.11934 14.19915 0.09120
0.11985 13.75434 0.08738
0.12036 13.91987 0.08485
0.12086 13.82160 0.08748
0.12137 13.84780 0.08832
0.12188 13.69522 0.08490
0.12238 13.73850 0.08741
0.12289 13.85044 0.08674
0.12340 13.82182 0.08613
0.12390 13.66827 0.08487
0.12441 13.56890 0.08455
0.12492 13.76122 0.08242
0.12542 13.70283 0.08581
0.12593 13.48687 0.08460
0.12644 13.55879 0.08482
0.12694 13.74616 0.08285
0.12745 13.63937 0.08203
0.12796 13.57873 0.08291
0.12846 13.61728 0.08289
0.12897 13.42824 0.08221
0.12948 13.45730 0.08000
0.12998 13.56837 0.08259
0.13049 13.38341 0.08114
0.13100 13.41860 0.08120
0.13150 13.45114 0.07915
0.13201 13.40810 0.07782
0.13252 13.58150 0.07945
0.13302 13.30277 0.07940
0.13353 13.24782 0.07991
0.13404 13.36092 0.07834
0.13454 13.33476 0.07755
0.13505 13.30411 0.08156
0.13556 13.29759 0.07771
0.13606 13.27614 0.07627
0.13657 13.20763 0.07761
0.13708 13.28216 0.07781
0.13758 13.22738 0.07832
0.13809 13.21264 0.07645
0.13860 13.09932 0.07547
0.13911 13.15463 0.07440
0.13961 13.15594 0.07808
0.14012 13.09018 0.07650
0.14063 13.00022 0.07387
0.14113 13.06861 0.07545
0.14164 13.01890 0.07469
0.14215 13.12832 0.07545
0.14265 13.04622 0.07312
0.14316 12.86208 0.07473
0.14367 12.81625 0.07489
0.14417 12.92022 0.07413
0.14468 12.89117 0.07302
0.14519 12.88436 0.07418
0.14569 12.94701 0.07435
0.14620 12.80696 0.07351
0.14671 12.84477 0.07256
0.14721 12.92619 0.07429
0.14772 12.80842 0.07090
0.14823 12.80832 0.07258
0.14873 12.71016 0.07224
0.14924 12.71294 0.07138
0.14975 12.62471 0.07196
0.15025 12.68953 0.07050
0.15076 12.64230 0.06936
0.15127 12.60891 0.06957
0.15177 12.68835 0.07110
0.15228 12.56193 0.07091
0.15279 12.59218 0.06862
0.15329 12.51964 0.06987
0.15380 12.42185 0.07128
0.15431 12.54409 0.07171
0.15481 12.47329 0.06898
0.15532 12.42952 0.06919
0.15583 12.28684 0.06889
0.15633 12.39713 0.06951
0.15684 12.36626 0.06979
0.15735 12.30259 0.07113
0.15785 12.41371 0.06882
0.15836 12.19512 0.06644
0.15887 12.36273 0.06671
0.15937 12.37738 0.06868
0.15988 12.29122 0.06869
0.16039 12.21219 0.06826
0.16089 12.32305 0.06752
0.16140 12.25082 0.06719
0.16191 12.24516 0.06794
0.16241 12.30566 0.06719
0.16292 12.12010 0.06502
0.16343 12.29334 0.06585
0.16393 12.04414 0.06674
0.16444 12.10493 0.06685
0.16495 11.97876 0.06779
0.16545 12.08849 0.06689
0.16596 12.01615 0.06718
0.16647 12.06462 0.06668
0.16697 12.10837 0.06569
0.16748 12.01634 0.06551
0.16799 11.96805 0.06521
0.16849 11.87248 0.06578
0.16900 11.87066 0.06381
0.16951 11.92520 0.06463
0.17001 11.90612 0.06499
0.17052 11.95980 0.06469
0.17103 11.99366 0.06680
0.17153 11.92823 0.06430
0.17204 11.85709 0.06549
0.17255 11.85389 0.06626
0.17305 11.86640 0.06663
0.17356 11.73085 0.06660
0.17407 11.90179 0.06698
0.17457 11.93977 0.06658
0.17508 11.82153 0.06669
0.17559 11.68520 0.06676
0.17610 11.83160 0.06704
0.17660 11.83244 0.06762
0.17711 11.73370 0.06525
0.17762 11.71712 0.06622
0.17812 11.71259 0.06662
0.17863 11.54834 0.06708
0.17914 11.72122 0.06711
0.17964 11.53099 0.06585
0.18015 11.58721 0.06879
0.18066 11.58422 0.06798
0.18116 11.63429 0.06734
0.18167 11.73036 0.06788
0.18218 11.61415 0.06810
0.18268 11.75382 0.06985
0.18319 11.67913 0.06761
0.18370 11.64051 0.06902
0.18420 11.47621 0.06969
0.18471 11.55137 0.06948
0.18522 11.63022 0.06966
0.18572 11.58833 0.07056
0.18623 11.45935 0.06721
0.18674 11.46537 0.06988
0.18724 11.42337 0.07019
0.18775 11.51275 0.07044
0.18826 11.50914 0.06855
0.18876 11.38631 0.06822
0.18927 11.48868 0.07024
0.18978 11.43393 0.07047
0.19028 11.43936 0.07093
0.19079 11.25494 0.07006
0.19130 11.47328 0.07051
0.19180 11.42194 0.07158
0.19231 11.36445 0.06885
0.19282 11.26074 0.06919
0.19332 11.41407 0.07054
0.19383 11.36898 0.07019
0.19434 11.23622 0.06866
0.19484 11.29584 0.06878
0.19535 11.21391 0.07067
0.19586 11.34307 0.07005
0.19636 11.25034 0.07162
0.19687 11.23441 0.07119
0.19738 11.31386 0.07135
0.19788 11.29084 0.07163
0.19839 11.32950 0.07178
0.19890 11.22456 0.07186
0.19940 11.24210 0.07186
0.19991 11.32064 0.07160
0.20042 11.20284 0.07039
0.20092 11.15670 0.07115
0.20143 11.29575 0.07019
0.20194 11.17241 0.06933
0.20244 11.21877 0.07202
0.20295 11.08406 0.06977
0.20346 11.09023 0.07084
0.20396 11.00901 0.06972
0.20447 11.05993 0.07185
0.20498 11.13421 0.06720
0.20548 11.14591 0.07213
0.20599 11.03481 0.07034
0.20650 10.97879 0.07001
0.20700 11.08158 0.06872
0.20751 11.18729 0.06848
0.20802 11.02824 0.06968
0.20852 11.04754 0.06807
0.20903 10.94877 0.06952
0.20954 11.06183 0.06928
0.21004 11.02353 0.07213
0.21055 10.99383 0.07085
0.21106 10.94043 0.07064
0.21156 10.86457 0.07057
0.21207 11.03282 0.07139
0.21258 10.99970 0.07176
0.21308 10.84718 0.07196
0.21359 10.80758 0.06911
0.21410 10.85639 0.07100
0.21460 10.84483 0.07171
0.21511 10.94431 0.07226
0.21562 10.91139 0.07167
0.21612 10.73146 0.06840
0.21663 10.87372 0.07155
0.21714 10.91873 0.07062
0.21764 10.80403 0.06979
0.21815 10.69869 0.06928
0.21866 10.86665 0.07118
0.21916 10.80861 0.06975
0.21967 10.83220 0.06891
0.22018 10.82837 0.07103
0.22068 10.80266 0.06754
0.22119 10.79939 0.06893
0.22170 10.70986 0.06855
0.22220 10.69731 0.06941
0.22271 10.65916 0.06943
0.22322 10.70763 0.06914
0.22372 10.71675 0.06771
0.22423 10.66487 0.06650
0.22474 10.68080 0.06584
0.22524 10.70381 0.06730
0.22575 10.48986 0.06786
0.22626 10.53519 0.06772
0.22676 10.57978 0.06747
0.22727 10.57305 0.06681
0.22778 10.73075 0.06794
0.22828 10.62311 0.06664
0.22879 10.43506 0.06478
0.22930 10.48548 0.06610
0.22980 10.52803 0.06692
0.23031 10.64980 0.06586
0.23082 10.46794 0.06641
0.23132 10.50571 0.06529
0.23183 10.47893 0.06494
0.23234 10.55702 0.06529
0.23284 10.50997 0.06318
0.23335 10.42972 0.06434
0.23386 10.47813 0.06432
0.23436 10.49389 0.06574
0.23487 10.41721 0.06330
0.23538 10.43736 0.06460
0.23588 10.45076 0.06274
0.23639 10.34397 0.06250
0.23690 10.32847 0.06283
0.23740 10.48871 0.06327
0.23791 10.34918 0.06389
0.23842 10.44499 0.06512
0.23892 10.23822 0.06141
0.23943 10.32998 0.06291
0.23994 10.25850 0.06274
0.24044 10.18154 0.06168
0.24095 10.28477 0.06247
0.24145 10.28225 0.06166
0.24196 10.37024 0.06070
0.24247 10.34897 0.06176
0.24297 10.27056 0.05987
0.24348 10.29881 0.06298
0.24399 10.32723 0.06124
0.24449 10.28018 0.05987
0.24500 10.29740 0.06255
0.24551 10.24885 0.06192
0.24601 10.28774 0.06156
0.24652 10.30563 0.06043
0.24703 10.28969 0.06211
0.24753 10.14453 0.05919
0.24804 10.21972 0.05923
0.24855 10.20229 0.05954
0.24905 10.24634 0.06160
0.24956 10.15960 0.06043
0.25007 10.18738 0.06046
0.25057 10.20937 0.06008
0.25108 10.20411 0.05953
0.25159 10.12683 0.06032
0.25209 10.08191 0.05785
0.25260 10.19801 0.05941
0.25311 10.18095 0.05831
0.25361 10.09247 0.05966
0.25412 10.14415 0.06035
0.25463 9.97833 0.05917
0.25513 10.09145 0.05945
0.25564 10.14406 0.05928
0.25615 10.00255 0.05834
0.25665 10.01850 0.05852
0.25716 10.16485 0.05771
0.25767 10.03708 0.05836
0.25817 10.07317 0.05756
0.25868 10.17572 0.05765
0.25919 10.04025 0.05499
0.25969 10.02292 0.05725
0.26020 9.99634 0.05597
0.26071 10.07308 0.05671
0.26121 9.95159 0.05601
0.26172 10.06046 0.05649
0.26223 9.95074 0.05727
0.26273 10.07500 0.05629
0.26324 10.05837 0.05657
0.26375 9.97572 0.05538
0.26425 9.91411 0.05542
0.26476 9.84236 0.05619
0.26527 9.89742 0.05565
0.26577 10.00893 0.05637
0.26628 9.92225 0.05439
0.26679 9.93499 0.05690
0.26729 9.91835 0.05503
0.26780 9.89463 0.05512
0.26831 9.90340 0.05573
0.26881 9.88879 0.05605
0.26932 9.90637 0.05471
0.26983 9.87497 0.05557
0.27033 9.91821 0.05541
0.27084 9.82039 0.05435
0.27134 9.88501 0.05536
0.27185 9.87488 0.05521
0.27236 9.80438 0.05343
0.27286 9.88789 0.05520
0.27337 9.84052 0.05637
0.27388 9.73473 0.05503
0.27438 9.70537 0.05438
0.27489 9.86162 0.05424
0.27540 9.77257 0.05405
0.27590 9.71824 0.05448
0.27641 9.76753 0.05432
0.27692 9.77686 0.05379
0.27742 9.76194 0.05390
0.27793 9.68623 0.05323
0.27844 9.70423 0.05264
0.27894 9.73441 0.05296
0.27945 9.79760 0.05358
0.27996 9.70150 0.05384
0.28046 9.83489 0.05452
0.28097 9.76418 0.05329
0.28148 9.70905 0.05316
0.28198 9.66931 0.05255
0.28249 9.58095 0.05155
0.28300 9.72552 0.05244
0.28350 9.67157 0.05317
0.28401 9.70316 0.05296
0.28452 9.53158 0.05334
0.28502 9.68204 0.05125
0.28553 9.62937 0.05200
0.28604 9.58326 0.05219
0.28654 9.64386 0.05146
0.28705 9.62644 0.05215
0.28756 9.61958 0.05131
0.28806 9.53027 0.05150
0.28857 9.65697 0.05238
0.28908 9.57506 0.05265
0.28958 9.59214 0.05304
0.29009 9.56751 0.05202
0.29059 9.59736 0.05269
0.29110 9.65775 0.05238
0.29161 9.53918 0.05178
0.29211 9.49621 0.05191
0.29262 9.53393 0.05279
0.29313 9.53661 0.05236
0.29363 9.43248 0.05209
0.29414 9.50438 0.05319
0.29465 9.46124 0.05221
0.29515 9.43257 0.05441
0.29566 9.49085 0.05199
0.29617 9.51553 0.05234
0.29667 9.43517 0.05296
0.29718 9.47121 0.05203
0.29769 9.45041 0.05210
0.29819 9.40225 0.05310
0.29870 9.37770 0.05186
0.29921 9.41415 0.05181
0.29971 9.46841 0.05224
0.30022 9.48762 0.05178
0.30073 9.36801 0.05167
0.30123 9.39810 0.05273
0.30174 9.43861 0.05175
0.30225 9.32662 0.05141
0.30275 9.42631 0.05172
0.30326 9.41079 0.05296
0.30377 9.29935 0.05266
0.30427 9.29013 0.05094
0.30478 9.35993 0.05219
0.30529 9.40599 0.05100
0.30579 9.34866 0.05159
0.30630 9.29874 0.05110
0.30680 9.31819 0.05019
0.30731 9.34031 0.05065
0.30782 9.27728 0.05091
0.30832 9.29574 0.05099
0.30883 9.22873 0.05127
0.30934 9.28429 0.05114
0.30984 9.28124 0.05229
0.31035 9.35391 0.05256
0.31086 9.28317 0.05312
0.31136 9.31056 0.05346
0.31187 9.28609 0.05280
0.31238 9.23657 0.05332
0.31288 9.31450 0.05468
0.31339 9.26898 0.05371
0.31390 9.19683 0.05299
0.31440 9.18659 0.05354
0.31491 9.23151 0.05464
0.31542 9.20449 0.05420
0.31592 9.28873 0.05458
0.31643 9.20551 0.05505
0.31694 9.16969 0.05488
0.31744 9.20941 0.05518
0.31795 9.17778 0.05542
0.31845 9.19396 0.05639
0.31896 9.28092 0.05456
0.31947 9.20492 0.05609
0.31997 9.17138 0.05527
0.32048 9.13191 0.05540
0.32099 9.18121 0.05510
0.32149 9.16388 0.05524
0.32200 9.14361 0.05584
0.32251 9.11605 0.05535
0.32301 9.16426 0.05758
0.32352 9.20004 0.05656
0.32403 9.07741 0.05630
0.32453 9.07105 0.05386
0.32504 9.08937 0.05510
0.32555 9.16508 0.05506
0.32605 9.02316 0.05542
0.32656 9.21841 0.05530
0.32707 9.12921 0.05594
0.32757 9.15312 0.05662
0.32808 9.04509 0.05537
0.32859 9.10995 0.05578
0.32909 9.05926 0.05518
0.32960 9.01629 0.05598
0.33010 9.15629 0.05740
0.33061 9.12051 0.05653
0.33112 9.16318 0.05624
0.33162 8.97844 0.05568
0.33213 9.10780 0.05556
0.33264 9.07049 0.05577
0.33314 9.05439 0.05587
0.33365 9.20357 0.05676
0.33416 9.11536 0.05576
0.33466 9.14280 0.05558
0.33517 9.07964 0.05580
0.33568 8.97444 0.05567
0.33618 9.03968 0.05718
0.33669 9.03216 0.05558
0.33720 9.02762 0.05605
0.33770 9.01427 0.05698
0.33821 9.03073 0.05658
0.33872 9.06814 0.05620
0.33922 9.04662 0.05672
0.33973 8.96291 0.05562
0.34023 8.92846 0.05720
0.34074 8.86116 0.05648
0.34125 8.93735 0.05590
0.34175 9.06509 0.05674
0.34226 8.88080 0.05572
0.34277 8.87652 0.05637
0.34327 8.90136 0.05781
0.34378 8.96402 0.05567
0.34429 8.97402 0.05681
0.34479 8.97563 0.05811
0.34530 8.96194 0.05732
0.34581 8.95407 0.05694
0.34631 8.97827 0.05860
0.34682 9.00099 0.05699
0.34733 8.93609 0.05762
0.34783 8.93591 0.05934
0.34834 8.93316 0.05680
0.34884 8.92651 0.05739
0.34935 8.91316 0.05747
0.34986 8.94774 0.05725
0.35036 8.95777 0.05770
0.35087 9.00273 0.05906
0.35138 8.86300 0.05850
0.35188 8.88513 0.05759
0.35239 8.93158 0.05700
0.35290 8.90353 0.05749
0.35340 8.82173 0.05514
0.35391 8.87113 0.05518
0.35442 8.81789 0.05500
0.35492 8.80798 0.05483
0.35543 8.75312 0.05355
0.35594 8.89903 0.05470
0.35644 8.79424 0.05364
0.35695 8.87697 0.05532
0.35745 8.77102 0.05531
0.35796 8.78829 0.05436
0.35847 8.80519 0.05550
0.35897 8.84130 0.05504
0.35948 8.74738 0.05422
0.35999 8.87364 0.05617
0.36049 8.74815 0.05485
0.36100 8.76953 0.05418
0.36151 8.74085 0.05720
0.36201 8.79139 0.05584
0.36252 8.72944 0.05521
0.36303 8.75048 0.05458
0.36353 8.77035 0.05596
0.36404 8.73813 0.05502
0.36455 8.74229 0.05652
0.36505 8.74777 0.05646
0.36556 8.83919 0.05555
0.36606 8.78975 0.05570
0.36657 8.80373 0.05764
0.36708 8.75023 0.05691
0.36758 8.63271 0.05654
0.36809 8.68631 0.05820
0.36860 8.68962 0.05861
0.36910 8.56332 0.05907
0.36961 8.63009 0.05952
0.37012 8.66375 0.05899
0.37062 8.62900 0.06110
0.37113 8.66829 0.05944
0.37164 8.65448 0.05868
0.37214 8.66776 0.05938
0.37265 8.67521 0.05803
0.37315 8.56835 0.05913
0.37366 8.70165 0.05869
0.37417 8.59926 0.05983
0.37467 8.58411 0.05957
0.37518 8.62212 0.06116
0.37569 8.70157 0.05947
0.37619 8.69567 0.05929
0.37670 8.65170 0.06096
0.37721 8.78967 0.06277
0.37771 8.64773 0.06180
0.37822 8.71655 0.06246
0.37873 8.72799 0.06181
0.37923 8.74583 0.06260
0.37974 8.72687 0.06263
0.38024 8.60300 0.06241
0.38075 8.74686 0.06419
0.38126 8.58284 0.06493
0.38176 8.65677 0.06435
0.38227 8.58273 0.06420
0.38278 8.70875 0.06380
0.38328 8.64079 0.06371
0.38379 8.52294 0.06391
0.38430 8.60436 0.06351
0.38480 8.56234 0.06533
0.38531 8.55532 0.06579
0.38582 8.66022 0.06579
0.38632 8.68471 0.06651
0.38683 8.58376 0.06623
0.38733 8.52606 0.06779
0.38784 8.65797 0.06756
0.38835 8.62755 0.06526
0.38885 8.58906 0.06676
0.38936 8.50044 0.06747
0.38987 8.53709 0.06795
0.39037 8.67080 0.06910
0.39088 8.64281 0.06848
0.39139 8.35533 0.06852
0.39189 8.44894 0.06808
0.39240 8.49854 0.06942
0.39290 8.55444 0.06985
0.39341 8.53050 0.07265
0.39392 8.44117 0.07180
0.39442 8.60365 0.07014
0.39493 8.63653 0.07280
0.39544 8.43014 0.07159
0.39594 8.47170 0.07078
0.39645 8.43776 0.07051
0.39696 8.57013 0.07066
0.39746 8.55680 0.07312
0.39797 8.53751 0.07193
0.39847 8.55526 0.07275
0.39898 8.41495 0.07151
0.39949 8.50596 0.07282
0.39999 8.38719 0.07240
0.40050 8.45772 0.07502
0.40101 8.55944 0.07597
0.40151 8.35147 0.07430
0.40202 8.42720 0.07451
0.40253 8.36431 0.07255
0.40303 8.43415 0.07586
0.40354 8.26817 0.07735
0.40405 8.30069 0.07527
0.40455 8.25557 0.07559
0.40506 8.44567 0.07439
0.40556 8.48152 0.07738
0.40607 8.46981 0.07752
0.40658 8.47049 0.07918
0.40708 8.32596 0.07594
0.40759 8.36943 0.07627
0.40810 8.30761 0.08049
0.40860 8.40441 0.07630
0.40911 8.29423 0.07923
0.40962 8.15424 0.07735
0.41012 8.39942 0.07820
0.41063 8.36856 0.07864
0.41113 8.28624 0.08011
0.41164 8.34784 0.07873
0.41215 8.24582 0.08172
0.41265 8.27890 0.08148
0.41316 8.43230 0.08077
0.41367 8.36484 0.07790
0.41417 8.41717 0.08127
0.41468 8.19748 0.07973
0.41518 8.37744 0.07791
0.41569 8.23580 0.07964
0.41620 8.29346 0.08068
0.41670 8.28112 0.07986
0.41721 8.38389 0.08149
0.41772 8.36000 0.08080
0.41822 8.41533 0.08205
0.41873 8.27639 0.08134
0.41924 8.33121 0.08288
0.41974 8.36954 0.08194
0.42025 8.20635 0.08164
0.42075 8.17022 0.08096
0.42126 8.27164 0.08353
0.42177 8.29875 0.08101
0.42227 8.21678 0.08488
0.42278 8.27641 0.08589
0.42329 8.34231 0.08456
0.42379 8.17367 0.08300
0.42430 8.23116 0.08878
0.42481 8.36500 0.08778
0.42531 8.32520 0.09059
0.42582 8.29345 0.08882
0.42632 8.18579 0.08861
0.42683 8.30952 0.08929
0.42734 8.15903 0.09038
0.42784 8.13779 0.08768
0.42835 8.30479 0.09072
0.42886 8.18746 0.09388
0.42936 8.37003 0.09709
0.42987 8.24570 0.09280
0.43037 8.26178 0.09670
0.43088 8.18413 0.09595
0.43139 8.30608 0.09222
0.43189 8.06528 0.09429
0.43240 8.06903 0.09814
0.43291 8.22046 0.09959
0.43341 8.16519 0.09905
0.43392 8.18727 0.09777
0.43443 8.16456 0.10537
0.43493 8.09453 0.09791
0.43544 8.24284 0.10379
0.43594 8.15478 0.10238
0.43645 8.41042 0.10347
0.43696 8.17273 0.10283
0.43746 8.09566 0.10639
0.43797 8.22065 0.10603
0.43848 8.24996 0.10643
0.43898 7.99915 0.10811
0.43949 8.08715 0.10357
0.43999 8.06512 0.11019
