0.01140 1483.67384 61.88466
0.01191 1029.49381 49.93427
0.01242 664.58564 50.54192
0.01292 398.61499 36.77522
0.01343 266.31553 25.25896
0.01394 198.48793 18.61002
0.01444 165.04035 14.87006
0.01495 134.62904 12.62987
0.01546 101.41424 8.15276
0.01596 94.68445 7.50578
0.01647 84.89721 6.19517
0.01698 69.68965 4.51230
0.01748 62.30292 3.86563
0.01799 57.58199 3.23640
0.01850 51.54296 2.77360
0.01900 47.13680 2.21843
0.01951 44.52509 1.84514
0.02002 42.08254 1.64230
0.02052 38.20222 1.37083
0.02103 38.66732 1.22579
0.02154 36.18745 0.95105
0.02204 35.27741 0.82201
0.02255 33.29021 0.64242
0.02306 31.88589 0.61636
0.02356 31.33828 0.52600
0.02407 30.09518 0.49673
0.02458 29.62900 0.41044
0.02509 28.20639 0.38098
0.02559 28.02825 0.38499
0.02610 27.90934 0.32414
0.02661 26.32986 0.28305
0.02711 25.59725 0.26913
0.02762 25.33407 0.27051
0.02813 24.90899 0.24205
0.02863 24.38204 0.23310
0.02914 23.96722 0.23160
0.02965 23.93161 0.22826
0.03015 23.36483 0.22806
0.03066 23.26434 0.22405
0.03117 22.64208 0.22651
0.03167 22.62840 0.22750
0.03218 22.00686 0.20089
0.03269 22.20868 0.20828
0.03319 21.73334 0.20767
0.03370 21.82118 0.20325
0.03421 22.03657 0.20832
0.03471 21.74692 0.20227
0.03522 21.10911 0.19878
0.03573 20.96499 0.18324
0.03623 21.03765 0.18440
0.03674 21.07761 0.18658
0.03725 20.37965 0.19047
0.03775 20.37211 0.18379
0.03826 20.50362 0.18490
0.03877 20.20437 0.17571
0.03927 19.64908 0.16667
0.03978 20.45945 0.17942
0.04029 19.54341 0.16652
0.04080 19.52506 0.17197
0.04130 19.71131 0.17289
0.04181 19.34051 0.15563
0.04232 19.32684 0.16318
0.04282 19.11001 0.16684
0.04333 18.99995 0.16624
0.04384 19.25668 0.16545
0.04434 18.86331 0.15736
0.04485 18.99736 0.16474
0.04536 18.64894 0.15776
0.04586 18.60765 0.15614
0.04637 18.49423 0.15661
0.04688 18.62576 0.15062
0.04738 18.39306 0.15714
0.04789 18.52686 0.14807
0.04840 18.41008 0.14746
0.04890 18.28223 0.14404
0.04941 18.33793 0.14594
0.04992 18.23863 0.14670
0.05042 18.13226 0.14394
0.05093 17.96866 0.14435
0.05144 17.64095 0.14128
0.05194 17.88388 0.13515
0.05245 17.81765 0.13841
0.05296 17.92545 0.13885
0.05346 17.62454 0.13974
0.05397 17.53597 0.13580
0.05448 17.82687 0.14023
0.05498 17.51803 0.14212
0.05549 17.35313 0.13703
0.05600 17.30555 0.13597
0.05650 17.21557 0.13603
0.05701 16.98433 0.13394
0.05752 17.23522 0.13372
0.05803 17.02996 0.12789
0.05853 17.29238 0.12789
0.05904 17.05952 0.13040
0.05955 16.97211 0.12765
0.06005 16.75109 0.12480
0.06056 17.09172 0.12834
0.06107 17.15707 0.12847
0.06157 17.02737 0.12901
0.06208 16.70490 0.12675
0.06259 16.93120 0.12405
0.06309 16.65359 0.12482
0.06360 16.50023 0.12536
0.06411 16.72503 0.11910
0.06461 16.56488 0.12250
0.06512 16.36351 0.11714
0.06563 16.73268 0.12879
0.06613 16.31134 0.11975
0.06664 16.35716 0.12262
0.06715 16.39248 0.11737
0.06765 16.10128 0.11803
0.06816 16.10889 0.11725
0.06867 15.91527 0.11822
0.06917 16.34376 0.11956
0.06968 16.28275 0.11879
0.07019 15.91739 0.11567
0.07069 16.13169 0.11947
0.07120 15.98104 0.11451
0.07171 16.10825 0.11739
0.07221 15.80861 0.11046
0.07272 15.73708 0.10948
0.07323 15.72342 0.11014
0.07373 15.81905 0.11081
0.07424 15.80720 0.10637
0.07475 15.67530 0.10497
0.07526 15.59627 0.10767
0.07576 15.59508 0.10617
0.07627 15.61386 0.10564
0.07678 15.55638 0.11007
0.07728 15.58403 0.10731
0.07779 15.44646 0.10585
0.07830 15.45509 0.10615
0.07880 15.42741 0.10295
0.07931 15.53667 0.10448
0.07982 15.56616 0.11185
0.08032 15.25106 0.10344
0.08083 15.36286 0.10152
0.08134 15.22537 0.10747
0.08184 15.28132 0.10570
0.08235 15.32820 0.10834
0.08286 15.33155 0.10650
0.08336 15.07097 0.10838
0.08387 15.18268 0.11094
0.08438 15.19470 0.10457
0.08488 14.98092 0.10565
0.08539 15.11802 0.10696
0.08590 15.17995 0.10786
0.08640 14.87576 0.10738
0.08691 15.10035 0.10978
0.08742 14.96347 0.10652
0.08792 14.66800 0.10401
0.08843 14.92201 0.10349
0.08894 14.74281 0.10615
0.08944 14.71906 0.10555
0.08995 14.84336 0.10396
0.09046 14.73506 0.10359
0.09096 14.72880 0.10655
0.09147 14.72551 0.10802
0.09198 14.50312 0.10880
0.09248 14.52363 0.10998
0.09299 14.63456 0.11017
0.09350 14.54824 0.10790
0.09401 14.35483 0.11060
0.09451 14.27123 0.10790
0.09502 14.60589 0.10643
0.09553 14.32371 0.10909
0.09603 14.31226 0.10950
0.09654 14.39805 0.10315
0.09705 14.46003 0.10260
0.09755 14.26200 0.10490
0.09806 14.04505 0.10359
0.09857 14.22348 0.10288
0.09907 14.20782 0.10226
0.09958 14.24568 0.10395
0.10009 14.24042 0.10234
0.10059 14.16820 0.10232
0.10110 14.03220 0.09958
0.10161 13.99995 0.09876
0.10211 14.17063 0.10313
0.10262 13.94214 0.09862
0.10313 14.14398 0.10138
0.10363 14.07397 0.09702
0.10414 14.04490 0.09816
0.10465 13.98510 0.10324
0.10515 14.03262 0.09807
0.10566 13.83957 0.09948
0.10617 13.79414 0.09832
0.10667 13.77826 0.09430
0.10718 13.77886 0.09978
0.10769 13.79546 0.09709
0.10819 13.72826 0.09496
0.10870 13.60330 0.09591
0.10921 13.76467 0.09354
0.10971 13.69255 0.09461
0.11022 13.61162 0.09476
0.11073 13.50801 0.09075
0.11123 13.63865 0.09344
0.11174 13.63923 0.09003
0.11225 13.55922 0.09267
0.11275 13.47741 0.09117
0.11326 13.59492 0.08791
0.11377 13.54904 0.09115
0.11428 13.60567 0.09026
0.11478 13.30976 0.08711
0.11529 13.45091 0.09074
0.11580 13.52266 0.09060
0.11630 13.38753 0.08752
0.11681 13.53061 0.08768
0.11732 13.57043 0.08933
0.11782 13.24107 0.08860
0.11833 13.16880 0.08609
0.11884 13.24617 0.08569
0.11934 13.26240 0.08320
0.11985 13.18157 0.08437
0.12036 13.20819 0.08321
0.12086 13.38554 0.08418
0.12137 13.28464 0.08590
0.12188 13.19564 0.08363
0.12238 13.27286 0.08264
0.12289 13.14917 0.08403
0.12340 12.98066 0.08295
0.12390 12.97649 0.08222
0.12441 13.08308 0.08189
0.12492 13.14441 0.08357
0.12542 13.08619 0.08341
0.12593 12.99250 0.08117
0.12644 13.03082 0.08161
0.12694 12.95017 0.08171
0.12745 12.95788 0.08182
0.12796 13.02465 0.08182
0.12846 13.01992 0.07973
0.12897 12.79697 0.08004
0.12948 12.85701 0.07891
0.12998 12.92136 0.07842
0.13049 12.81848 0.07802
0.13100 12.83422 0.08025
0.13150 12.89630 0.07909
0.13201 12.92220 0.07800
0.13252 12.87727 0.07951
0.13302 12.82189 0.07729
0.13353 12.61789 0.07632
0.13404 12.80524 0.07622
0.13454 12.74004 0.07661
0.13505 12.83076 0.07807
0.13556 12.72562 0.07726
0.13606 12.74208 0.07569
0.13657 12.69557 0.07795
0.13708 12.60598 0.07816
0.13758 12.61445 0.07421
0.13809 12.51127 0.07345
0.13860 12.56427 0.07376
0.13911 12.54005 0.07336
0.13961 12.58408 0.07458
0.14012 12.47697 0.07499
0.14063 12.53955 0.07300
0.14113 12.55270 0.07159
0.14164 12.51149 0.07408
0.14215 12.23688 0.07181
0.14265 12.37858 0.07541
0.14316 12.48574 0.07315
0.14367 12.40533 0.07153
0.14417 12.28526 0.07184
0.14468 12.37310 0.07238
0.14519 12.42003 0.07178
0.14569 12.30531 0.07177
0.14620 12.32910 0.07212
0.14671 12.23008 0.07377
0.14721 12.27705 0.07069
0.14772 12.27346 0.07175
0.14823 12.21594 0.07069
0.14873 12.23346 0.07037
0.14924 12.04459 0.07069
0.14975 12.12635 0.07216
0.15025 12.27376 0.07139
0.15076 12.05202 0.07160
0.15127 12.19197 0.07056
0.15177 12.08185 0.06870
0.15228 12.06572 0.06936
0.15279 12.07758 0.06972
0.15329 11.97920 0.07000
0.15380 11.92638 0.06777
0.15431 11.99744 0.06948
0.15481 12.05965 0.06907
0.15532 11.90984 0.06883
0.15583 11.81530 0.06706
0.15633 11.86772 0.06819
0.15684 11.97700 0.06740
0.15735 11.94725 0.06759
0.15785 12.01939 0.06607
0.15836 11.82787 0.06619
0.15887 11.88935 0.06752
0.15937 11.85105 0.06721
0.15988 11.78253 0.06617
0.16039 11.77520 0.06780
0.16089 11.90562 0.06626
0.16140 11.80913 0.06625
0.16191 11.68520 0.06566
0.16241 11.72420 0.06601
0.16292 11.67644 0.06665
0.16343 11.72297 0.06607
0.16393 11.68009 0.06623
0.16444 11.56881 0.06657
0.16495 11.68047 0.06538
0.16545 11.56866 0.06410
0.16596 11.54242 0.06616
0.16647 11.56445 0.06312
0.16697 11.52192 0.06488
0.16748 11.54223 0.06356
0.16799 11.55086 0.06417
0.16849 11.61496 0.06484
0.16900 11.45139 0.06263
0.16951 11.50618 0.06368
0.17001 11.43442 0.06432
0.17052 11.47010 0.06318
0.17103 11.43538 0.06488
0.17153 11.41941 0.06464
0.17204 11.50947 0.06369
0.17255 11.43293 0.06440
0.17305 11.36209 0.06606
0.17356 11.41229 0.06413
0.17407 11.34390 0.06555
0.17457 11.30928 0.06495
0.17508 11.31188 0.06428
0.17559 11.37842 0.06389
0.17610 11.33346 0.06560
0.17660 11.33278 0.06660
0.17711 11.24367 0.06400
0.17762 11.25475 0.06593
0.17812 11.33332 0.06580
0.17863 11.33855 0.06483
0.17914 11.26441 0.06636
0.17964 11.26050 0.06660
0.18015 11.19270 0.06571
0.18066 11.18403 0.06584
0.18116 11.26616 0.06690
0.18167 11.18472 0.06558
0.18218 11.17285 0.06502
0.18268 11.23445 0.06701
0.18319 11.18096 0.06726
0.18370 11.29315 0.06786
0.18420 11.23702 0.06756
0.18471 11.15823 0.06778
0.18522 11.08716 0.06807
0.18572 11.24976 0.06942
0.18623 11.23900 0.06912
0.18674 11.16449 0.06753
0.18724 11.14108 0.06856
0.18775 11.16095 0.06866
0.18826 11.20764 0.06907
0.18876 11.06335 0.06985
0.18927 11.00577 0.06750
0.18978 11.11182 0.06958
0.19028 11.02945 0.06935
0.19079 11.02611 0.07001
0.19130 11.01829 0.06990
0.19180 11.03291 0.06932
0.19231 11.13588 0.07054
0.19282 10.93016 0.06971
0.19332 10.96377 0.07054
0.19383 11.10085 0.07006
0.19434 10.90657 0.06919
0.19484 10.96291 0.07023
0.19535 10.86249 0.06977
0.19586 11.05763 0.07113
0.19636 10.85595 0.06845
0.19687 10.84030 0.06962
0.19738 10.98862 0.07006
0.19788 10.80483 0.06907
0.19839 10.89068 0.07053
0.19890 10.90383 0.06992
0.19940 10.87211 0.06974
0.19991 10.92205 0.07013
0.20042 10.80877 0.06919
0.20092 10.82087 0.07019
0.20143 10.84364 0.07124
0.20194 10.86202 0.07101
0.20244 10.81078 0.06866
0.20295 10.82740 0.06969
0.20346 10.63304 0.07075
0.20396 10.81165 0.07235
0.20447 10.68293 0.06906
0.20498 10.71929 0.07032
0.20548 10.72465 0.06984
0.20599 10.77294 0.06985
0.20650 10.76156 0.06975
0.20700 10.79605 0.06985
0.20751 10.75840 0.06794
0.20802 10.62284 0.06946
0.20852 10.59147 0.06798
0.20903 10.67936 0.06767
0.20954 10.63458 0.06760
0.21004 10.71087 0.06915
0.21055 10.60282 0.07048
0.21106 10.61660 0.06968
0.21156 10.69644 0.06934
0.21207 10.69250 0.06969
0.21258 10.50280 0.06788
0.21308 10.55402 0.06875
0.21359 10.64933 0.06912
0.21410 10.53930 0.06637
0.21460 10.57687 0.06879
0.21511 10.59185 0.06979
0.21562 10.50917 0.06818
0.21612 10.51884 0.06954
0.21663 10.56988 0.07015
0.21714 10.52557 0.07056
0.21764 10.50868 0.06840
0.21815 10.51875 0.06859
0.21866 10.56832 0.07136
0.21916 10.38149 0.06738
0.21967 10.44428 0.06956
0.22018 10.39769 0.06690
0.22068 10.31016 0.06915
0.22119 10.37522 0.06805
0.22170 10.44444 0.06890
0.22220 10.49800 0.06590
0.22271 10.35952 0.06995
0.22322 10.39841 0.06950
0.22372 10.36020 0.06582
0.22423 10.43226 0.06785
0.22474 10.41887 0.06665
0.22524 10.49202 0.06738
0.22575 10.37388 0.06783
0.22626 10.36300 0.06823
0.22676 10.41659 0.06609
0.22727 10.26138 0.06523
0.22778 10.28697 0.06578
0.22828 10.25403 0.06546
0.22879 10.38513 0.06599
0.22930 10.28415 0.06382
0.22980 10.26138 0.06683
0.23031 10.31411 0.06548
0.23082 10.24392 0.06429
0.23132 10.18473 0.06487
0.23183 10.26685 0.06442
0.23234 10.27194 0.06485
0.23284 10.27284 0.06273
0.23335 10.24707 0.06340
0.23386 10.12892 0.06208
0.23436 10.20113 0.06177
0.23487 10.19376 0.06438
0.23538 10.08707 0.06341
0.23588 10.28214 0.06338
0.23639 10.12035 0.06312
0.23690 10.19830 0.06170
0.23740 10.15491 0.06418
0.23791 10.05686 0.06267
0.23842 10.16451 0.06284
0.23892 10.14803 0.06039
0.23943 10.07692 0.06107
0.23994 10.22031 0.06278
0.24044 10.07359 0.06163
0.24095 10.10743 0.06147
0.24145 10.03480 0.06039
0.24196 9.96645 0.06088
0.24247 10.15789 0.06255
0.24297 10.08693 0.06109
0.24348 10.11324 0.06163
0.24399 10.06431 0.05978
0.24449 10.06125 0.06019
0.24500 9.92773 0.05814
0.24551 9.89366 0.06059
0.24601 10.15143 0.06013
0.24652 10.06222 0.06076
0.24703 9.92549 0.05962
0.24753 9.98619 0.06049
0.24804 9.94075 0.05942
0.24855 9.94443 0.06114
0.24905 10.06599 0.05999
0.24956 9.93736 0.05920
0.25007 10.00227 0.06031
0.25057 9.96090 0.05925
0.25108 9.90507 0.05961
0.25159 9.93268 0.05879
0.25209 9.91641 0.05798
0.25260 9.88926 0.05928
0.25311 9.89657 0.05798
0.25361 9.79197 0.05785
0.25412 9.93603 0.05979
0.25463 9.83829 0.05765
0.25513 9.90829 0.05774
0.25564 9.84391 0.05784
0.25615 9.79387 0.05722
0.25665 9.77535 0.05625
0.25716 9.87782 0.05803
0.25767 9.75428 0.05711
0.25817 9.87285 0.05699
0.25868 9.89455 0.05673
0.25919 9.84603 0.05659
0.25969 9.88752 0.05705
0.26020 9.82223 0.05610
0.26071 9.84366 0.05500
0.26121 9.81091 0.05539
0.26172 9.78122 0.05597
0.26223 9.70287 0.05658
0.26273 9.74634 0.05459
0.26324 9.77819 0.05472
0.26375 9.75528 0.05462
0.26425 9.66343 0.05611
0.26476 9.74293 0.05478
0.26527 9.73616 0.05499
0.26577 9.70682 0.05409
0.26628 9.63321 0.05425
0.26679 9.67438 0.05503
0.26729 9.72486 0.05474
0.26780 9.73536 0.05473
0.26831 9.58404 0.05388
0.26881 9.65874 0.05457
0.26932 9.65914 0.05546
0.26983 9.68680 0.05442
0.27033 9.76000 0.05433
0.27084 9.70914 0.05450
0.27134 9.61014 0.05464
0.27185 9.59406 0.05269
0.27236 9.56970 0.05365
0.27286 9.66526 0.05488
0.27337 9.66025 0.05384
0.27388 9.64752 0.05440
0.27438 9.62103 0.05377
0.27489 9.65678 0.05395
0.27540 9.50252 0.05301
0.27590 9.55153 0.05274
0.27641 9.58822 0.05382
0.27692 9.50455 0.05413
0.27742 9.55979 0.05330
0.27793 9.57612 0.05223
0.27844 9.57605 0.05407
0.27894 9.59554 0.05331
0.27945 9.53351 0.05280
0.27996 9.54525 0.05238
0.28046 9.48403 0.05376
0.28097 9.53352 0.05113
0.28148 9.50073 0.05177
0.28198 9.55797 0.05299
0.28249 9.47190 0.05318
0.28300 9.49206 0.05164
0.28350 9.50058 0.05221
0.28401 9.49466 0.05109
0.28452 9.44247 0.05192
0.28502 9.52681 0.05251
0.28553 9.49304 0.05148
0.28604 9.46166 0.05147
0.28654 9.40771 0.05232
0.28705 9.41267 0.05242
0.28756 9.40046 0.05223
0.28806 9.25998 0.05160
0.28857 9.30860 0.05286
0.28908 9.38824 0.05156
0.28958 9.34508 0.05250
0.29009 9.39488 0.05190
0.29059 9.30651 0.05184
0.29110 9.36109 0.05087
0.29161 9.42576 0.05185
0.29211 9.37402 0.05197
0.29262 9.26711 0.05080
0.29313 9.34597 0.05338
0.29363 9.28629 0.05192
0.29414 9.27052 0.05181
0.29465 9.36551 0.05216
0.29515 9.31391 0.05176
0.29566 9.30407 0.05277
0.29617 9.28548 0.05184
0.29667 9.29113 0.05234
0.29718 9.35268 0.05261
0.29769 9.39160 0.05272
0.29819 9.24467 0.05188
0.29870 9.22520 0.05309
0.29921 9.31617 0.05297
0.29971 9.22681 0.05087
0.30022 9.26525 0.05394
0.30073 9.27379 0.05153
0.30123 9.20490 0.05244
0.30174 9.22362 0.05198
0.30225 9.25637 0.05149
0.30275 9.31545 0.05181
0.30326 9.25547 0.05070
0.30377 9.14641 0.05185
0.30427 9.15405 0.05128
0.30478 9.15045 0.05238
0.30529 9.26233 0.05095
0.30579 9.13692 0.05022
0.30630 9.17142 0.05053
0.30680 9.04303 0.05098
0.30731 9.09588 0.05091
0.30782 9.11241 0.04995
0.30832 9.17318 0.05125
0.30883 9.03261 0.04904
0.30934 9.05861 0.04982
0.30984 9.15651 0.05073
0.31035 9.18963 0.05165
0.31086 9.20973 0.05062
0.31136 9.10300 0.05245
0.31187 9.10652 0.05354
0.31238 9.09812 0.05268
0.31288 9.02063 0.05364
0.31339 9.02676 0.05327
0.31390 9.09068 0.05340
0.31440 9.09479 0.05362
0.31491 9.00988 0.05479
0.31542 9.03126 0.05303
0.31592 9.08139 0.05459
0.31643 9.06988 0.05386
0.31694 9.05205 0.05399
0.31744 9.05606 0.05456
0.31795 8.98487 0.05518
0.31845 9.09269 0.05407
0.31896 9.06050 0.05482
0.31947 8.99397 0.05462
0.31997 8.98526 0.05544
0.32048 9.16730 0.05591
0.32099 9.02961 0.05460
0.32149 8.91795 0.05514
0.32200 9.05660 0.05625
0.32251 9.02440 0.05572
0.32301 9.07553 0.05669
0.32352 9.03605 0.05548
0.32403 8.92335 0.05405
0.32453 8.95857 0.05473
0.32504 9.02580 0.05484
0.32555 8.93854 0.05523
0.32605 8.93096 0.05447
0.32656 8.88500 0.05479
0.32707 8.87457 0.05391
0.32757 8.96300 0.05484
0.32808 8.93548 0.05401
0.32859 8.86091 0.05566
0.32909 9.00981 0.05650
0.32960 8.94268 0.05674
0.33010 8.90129 0.05631
0.33061 8.82214 0.05466
0.33112 8.85939 0.05535
0.33162 8.90439 0.05700
0.33213 8.88569 0.05410
0.33264 8.91548 0.05422
0.33314 8.82144 0.05654
0.33365 8.94280 0.05581
0.33416 8.94373 0.05652
0.33466 8.87318 0.05471
0.33517 8.78698 0.05665
0.33568 8.94531 0.05743
0.33618 8.87802 0.05587
0.33669 8.93874 0.05638
0.33720 8.85220 0.05631
0.33770 8.88001 0.05555
0.33821 8.95352 0.05818
0.33872 8.81152 0.05650
0.33922 8.89288 0.05639
0.33973 8.83516 0.05583
0.34023 8.81041 0.05732
0.34074 8.79174 0.05548
0.34125 8.75340 0.05451
0.34175 8.86982 0.05781
0.34226 8.72528 0.05698
0.34277 8.86547 0.05656
0.34327 8.89807 0.05772
0.34378 8.90545 0.05747
0.34429 8.77534 0.05601
0.34479 8.79179 0.05727
0.34530 8.83832 0.05621
0.34581 8.86165 0.05716
0.34631 8.83677 0.05620
0.34682 8.76612 0.05768
0.34733 8.74351 0.05514
0.34783 8.86361 0.05721
0.34834 8.75138 0.05670
0.34884 8.80130 0.05585
0.34935 8.71137 0.05629
0.34986 8.82803 0.05779
0.35036 8.71501 0.05602
0.35087 8.74111 0.05702
0.35138 8.76037 0.05656
0.35188 8.83432 0.05705
0.35239 8.76305 0.05699
0.35290 8.82730 0.05561
0.35340 8.73121 0.05636
0.35391 8.76605 0.05452
0.35442 8.77628 0.05462
0.35492 8.65257 0.05433
0.35543 8.76758 0.05348
0.35594 8.73148 0.05400
0.35644 8.63211 0.05477
0.35695 8.64830 0.05424
0.35745 8.77067 0.05464
0.35796 8.64936 0.05515
0.35847 8.69847 0.05594
0.35897 8.65812 0.05507
0.35948 8.66299 0.05410
0.35999 8.61175 0.05521
0.36049 8.52653 0.05414
0.36100 8.77304 0.05466
0.36151 8.62165 0.05470
0.36201 8.63959 0.05418
0.36252 8.64806 0.05436
0.36303 8.67617 0.05555
0.36353 8.70285 0.05557
0.36404 8.72590 0.05524
0.36455 8.65245 0.05508
0.36505 8.66591 0.05494
0.36556 8.61171 0.05583
0.36606 8.66309 0.05554
0.36657 8.61292 0.05649
0.36708 8.52945 0.05489
0.36758 8.53281 0.05721
0.36809 8.54105 0.05869
0.36860 8.54773 0.05898
0.36910 8.45276 0.05775
0.36961 8.52990 0.05830
0.37012 8.50204 0.05953
0.37062 8.57665 0.05973
0.37113 8.62553 0.05866
0.37164 8.49505 0.05612
0.37214 8.60512 0.05906
0.37265 8.64923 0.05774
0.37315 8.53776 0.05708
0.37366 8.51201 0.05861
0.37417 8.55836 0.05985
0.37467 8.49759 0.06061
0.37518 8.55570 0.05964
0.37569 8.63857 0.06109
0.37619 8.49268 0.06121
0.37670 8.48856 0.06039
0.37721 8.51801 0.06143
0.37771 8.60371 0.06077
0.37822 8.57713 0.06168
0.37873 8.50725 0.06147
0.37923 8.49363 0.06108
0.37974 8.53487 0.06161
0.38024 8.48153 0.06308
0.38075 8.53708 0.06033
0.38126 8.46566 0.06388
0.38176 8.54744 0.06313
0.38227 8.41288 0.06252
0.38278 8.53761 0.06288
0.38328 8.53153 0.06364
0.38379 8.54057 0.06437
0.38430 8.49564 0.06233
0.38480 8.49715 0.06431
0.38531 8.60108 0.06739
0.38582 8.54537 0.06451
0.38632 8.47712 0.06446
0.38683 8.54916 0.06605
0.38733 8.32405 0.06531
0.38784 8.43613 0.06699
0.38835 8.31816 0.06694
0.38885 8.38058 0.06804
0.38936 8.49828 0.06686
0.38987 8.45904 0.06974
0.39037 8.43040 0.06774
0.39088 8.51174 0.06757
0.39139 8.34467 0.06640
0.39189 8.38855 0.06879
0.39240 8.28133 0.06766
0.39290 8.39206 0.06937
0.39341 8.39918 0.07123
0.39392 8.44587 0.06866
0.39442 8.32970 0.07154
0.39493 8.35547 0.07180
0.39544 8.36700 0.07144
0.39594 8.32312 0.06946
0.39645 8.38286 0.07146
0.39696 8.31968 0.07095
0.39746 8.38146 0.07015
0.39797 8.44247 0.07124
0.39847 8.24391 0.07051
0.39898 8.31458 0.07213
0.39949 8.27204 0.07332
0.39999 8.38123 0.07305
0.40050 8.22987 0.07401
0.40101 8.39642 0.07264
0.40151 8.34604 0.07440
0.40202 8.35463 0.07528
0.40253 8.32097 0.07399
0.40303 8.35428 0.07453
0.40354 8.31134 0.07605
0.40405 8.32890 0.07581
0.40455 8.22566 0.07713
0.40506 8.24381 0.07647
0.40556 8.28726 0.07695
0.40607 8.28827 0.07429
0.40658 8.27607 0.07863
0.40708 8.21660 0.07572
0.40759 8.20740 0.07717
0.40810 8.15264 0.07801
0.40860 8.34683 0.08035
0.40911 8.27401 0.07978
0.40962 8.06518 0.07718
0.41012 8.34966 0.08074
0.41063 8.07999 0.07882
0.41113 8.16051 0.08078
0.41164 8.24021 0.07734
0.41215 8.15816 0.07916
0.41265 8.16951 0.08163
0.41316 8.11349 0.07938
0.41367 8.18737 0.07794
0.41417 8.07927 0.08055
0.41468 8.19133 0.07797
0.41518 8.08924 0.08082
0.41569 8.10026 0.07732
0.41620 8.26785 0.08324
0.41670 8.12354 0.07809
0.41721 8.19952 0.08337
0.41772 8.17416 0.08111
0.41822 8.08733 0.07870
0.41873 8.22879 0.08158
0.41924 8.08627 0.08083
0.41974 8.08137 0.08126
0.42025 8.16711 0.08138
0.42075 8.16677 0.08416
0.42126 8.20045 0.08257
0.42177 8.14935 0.08280
0.42227 7.98816 0.08325
0.42278 8.26748 0.08417
0.42329 8.13980 0.08888
0.42379 8.12227 0.08834
0.42430 8.05350 0.08404
0.42481 8.11891 0.08647
0.42531 8.08546 0.08829
0.42582 8.02858 0.08728
0.42632 8.15365 0.08660
0.42683 7.89031 0.09093
0.42734 8.10108 0.09219
0.42784 8.06643 0.09082
0.42835 8.16091 0.08958
0.42886 7.97485 0.09025
0.42936 8.05660 0.08918
0.42987 8.12991 0.09559
0.43037 7.99607 0.09187
0.43088 8.01869 0.09417
0.43139 8.13405 0.09638
0.43189 7.90028 0.09430
0.43240 8.04912 0.09328
0.43291 7.97302 0.09601
0.43341 7.75886 0.09757
0.43392 8.01979 0.09718
0.43443 7.98494 0.09631
0.43493 8.10842 0.09758
0.43544 7.89634 0.10169
0.43594 8.10315 0.10120
0.43645 7.91133 0.10071
0.43696 8.20366 0.10321
0.43746 8.19889 0.10479
0.43797 8.06424 0.10754
0.43848 8.08727 0.10780
0.43898 8.02681 0.10638
0.43949 7.97437 0.11497
0.43999 7.83937 0.11115
