0.01140 1533.82560 63.52072
0.01191 1052.35439 49.92660
0.01242 687.07668 51.99347
0.01292 404.45253 37.36534
0.01343 272.05086 25.60538
0.01394 197.99243 18.92476
0.01444 166.30599 15.52151
0.01495 133.59802 12.87018
0.01546 100.84757 8.10484
0.01596 95.11484 7.85065
0.01647 82.92158 6.23856
0.01698 68.48408 4.65654
0.01748 61.51170 4.05002
0.01799 56.70658 3.31620
0.01850 50.86700 2.77816
0.01900 44.31193 2.27730
0.01951 41.53872 1.92654
0.02002 40.41692 1.61534
0.02052 36.26268 1.32801
0.02103 35.50847 1.19417
0.02154 32.77264 0.86262
0.02204 32.34134 0.79200
0.02255 30.05801 0.63085
0.02306 30.08913 0.61105
0.02356 28.69193 0.52922
0.02407 27.32476 0.47796
0.02458 26.71067 0.42166
0.02509 26.23206 0.38002
0.02559 25.57915 0.33763
0.02610 25.10248 0.35280
0.02661 24.00567 0.26828
0.02711 23.73019 0.27532
0.02762 23.07344 0.26186
0.02813 22.36068 0.24516
0.02863 22.04864 0.22834
0.02914 21.38772 0.22577
0.02965 21.03419 0.20740
0.03015 20.44841 0.19934
0.03066 20.24695 0.22235
0.03117 20.16364 0.21412
0.03167 20.22547 0.20132
0.03218 19.30017 0.19193
0.03269 19.33866 0.19798
0.03319 19.69810 0.19546
0.03370 19.15065 0.17916
0.03421 18.89785 0.18574
0.03471 18.84116 0.18537
0.03522 18.96847 0.18600
0.03573 18.59731 0.17819
0.03623 18.18210 0.17446
0.03674 18.18877 0.18243
0.03725 17.89040 0.17072
0.03775 17.97906 0.17530
0.03826 17.55271 0.16896
0.03877 17.65542 0.16217
0.03927 17.31614 0.15999
0.03978 17.20074 0.15671
0.04029 17.16513 0.16222
0.04080 17.22384 0.15778
0.04130 17.09679 0.15762
0.04181 16.88513 0.15523
0.04232 17.03636 0.15802
0.04282 16.82057 0.16356
0.04333 16.87622 0.14867
0.04384 16.78525 0.14561
0.04434 16.85487 0.15386
0.04485 16.41908 0.15575
0.04536 16.33051 0.15646
0.04586 16.40320 0.14424
0.04637 16.36125 0.14896
0.04688 16.46433 0.13932
0.04738 16.19261 0.13415
0.04789 16.34815 0.14605
0.04840 15.81950 0.14605
0.04890 16.29951 0.14015
0.04941 15.98426 0.13704
0.04992 16.06504 0.13394
0.05042 16.05401 0.14102
0.05093 16.02409 0.13737
0.05144 16.09244 0.13992
0.05194 15.97073 0.13170
0.05245 15.73400 0.13395
0.05296 15.76997 0.12917
0.05346 15.85825 0.13693
0.05397 15.94828 0.13339
0.05448 15.72575 0.13144
0.05498 15.54206 0.12691
0.05549 15.45609 0.12226
0.05600 15.59584 0.12756
0.05650 15.59424 0.13120
0.05701 15.50561 0.12423
0.05752 15.51713 0.12963
0.05803 15.63513 0.12894
0.05853 15.33604 0.12251
0.05904 15.53321 0.12318
0.05955 15.36766 0.12276
0.06005 15.54254 0.12308
0.06056 15.36528 0.11989
0.06107 15.24877 0.12207
0.06157 15.23190 0.11918
0.06208 15.21193 0.12102
0.06259 15.44953 0.12022
0.06309 15.36728 0.11533
0.06360 15.01834 0.11334
0.06411 15.01974 0.11490
0.06461 15.24578 0.11884
0.06512 15.14210 0.11332
0.06563 15.03773 0.11315
0.06613 15.12420 0.11730
0.06664 15.12782 0.11318
0.06715 14.95775 0.11153
0.06765 14.90943 0.10912
0.06816 15.18170 0.11553
0.06867 14.94774 0.10899
0.06917 14.89943 0.11469
0.06968 14.78879 0.10998
0.07019 14.91048 0.11259
0.07069 14.86590 0.11278
0.07120 14.83106 0.10941
0.07171 14.86317 0.10994
0.07221 14.87492 0.11126
0.07272 14.89787 0.10616
0.07323 14.79662 0.10584
0.07373 14.72748 0.10787
0.07424 15.00958 0.10653
0.07475 14.83877 0.11132
0.07526 14.69086 0.10462
0.07576 14.81307 0.10297
0.07627 14.93487 0.10408
0.07678 14.69477 0.10546
0.07728 14.77428 0.10790
0.07779 14.71957 0.10594
0.07830 14.83461 0.09906
0.07880 14.61018 0.10270
0.07931 14.77300 0.10313
0.07982 14.73189 0.10140
0.08032 14.55389 0.09644
0.08083 14.43002 0.10463
0.08134 14.66216 0.09956
0.08184 14.52884 0.10318
0.08235 14.63847 0.10853
0.08286 14.73292 0.10167
0.08336 14.46625 0.10546
0.08387 14.65073 0.10615
0.08438 14.60999 0.10243
0.08488 14.52421 0.10299
0.08539 14.50140 0.10613
0.08590 14.41132 0.10228
0.08640 14.49769 0.10953
0.08691 14.56757 0.10482
0.08742 14.49811 0.10591
0.08792 14.64047 0.10534
0.08843 14.50783 0.10863
0.08894 14.38583 0.10533
0.08944 14.39474 0.10413
0.08995 14.46536 0.10496
0.09046 14.54916 0.10413
0.09096 14.41929 0.10499
0.09147 14.25078 0.11041
0.09198 14.43774 0.10594
0.09248 14.35664 0.11079
0.09299 14.42322 0.11004
0.09350 14.32613 0.10535
0.09401 14.34830 0.10982
0.09451 14.31735 0.10396
0.09502 14.31367 0.10420
0.09553 14.42760 0.10494
0.09603 14.33584 0.11143
0.09654 14.38174 0.10479
0.09705 14.38360 0.10689
0.09755 14.22884 0.10268
0.09806 14.34148 0.10519
0.09857 14.25344 0.10495
0.09907 14.14133 0.10342
0.09958 14.24342 0.10149
0.10009 14.27064 0.10440
0.10059 14.26312 0.10530
0.10110 14.40541 0.10212
0.10161 14.27426 0.10252
0.10211 14.26863 0.09771
0.10262 14.28795 0.09822
0.10313 14.14541 0.10064
0.10363 14.11384 0.10374
0.10414 14.32684 0.10366
0.10465 14.19948 0.10336
0.10515 14.15462 0.10121
0.10566 14.12327 0.10004
0.10617 14.02688 0.09917
0.10667 14.19983 0.09780
0.10718 14.32111 0.10002
0.10769 14.23526 0.09890
0.10819 13.99295 0.09383
0.10870 14.16806 0.09743
0.10921 14.01104 0.09320
0.10971 14.38748 0.09817
0.11022 14.13062 0.09316
0.11073 14.08616 0.09342
0.11123 14.13193 0.09366
0.11174 14.02796 0.09283
0.11225 13.98208 0.09150
0.11275 14.13989 0.08846
0.11326 13.96790 0.09179
0.11377 14.11913 0.08976
0.11428 14.12412 0.09348
0.11478 14.10128 0.09163
0.11529 14.10448 0.09061
0.11580 13.95475 0.08803
0.11630 14.00444 0.09033
0.11681 13.92104 0.09307
0.11732 14.04558 0.08866
0.11782 13.98459 0.08997
0.11833 14.04563 0.08817
0.11884 14.15469 0.09090
0.11934 14.01169 0.08761
0.11985 13.90874 0.08489
0.12036 14.11135 0.08599
0.12086 14.02557 0.08662
0.12137 14.15672 0.08802
0.12188 14.04203 0.08466
0.12238 13.90310 0.09164
0.12289 14.05683 0.08590
0.12340 14.04164 0.08355
0.12390 14.22234 0.08571
0.12441 14.20158 0.08486
0.12492 14.03167 0.08693
0.12542 14.12071 0.08377
0.12593 14.14189 0.08409
0.12644 13.99782 0.08546
0.12694 14.11133 0.08525
0.12745 14.11758 0.08373
0.12796 14.11797 0.08452
0.12846 14.05333 0.08525
0.12897 14.13599 0.08330
0.12948 13.97262 0.08110
0.12998 14.06945 0.08374
0.13049 14.10357 0.08360
0.13100 14.05183 0.08170
0.13150 14.11598 0.08097
0.13201 14.01284 0.08080
0.13252 14.04039 0.08059
0.13302 14.27593 0.08160
0.13353 14.07117 0.07986
0.13404 13.97382 0.08060
0.13454 14.05936 0.08161
0.13505 14.18084 0.07875
0.13556 14.21059 0.07929
0.13606 14.20808 0.07898
0.13657 14.11246 0.07889
0.13708 14.16675 0.08080
0.13758 14.17616 0.08042
0.13809 14.08924 0.07731
0.13860 14.12979 0.07721
0.13911 14.17583 0.07974
0.13961 14.14370 0.08130
0.14012 14.02673 0.07895
0.14063 14.12081 0.07920
0.14113 14.05341 0.07771
0.14164 14.17975 0.07862
0.14215 13.94204 0.07795
0.14265 14.07024 0.07955
0.14316 14.07393 0.07600
0.14367 13.92087 0.07632
0.14417 13.91584 0.07533
0.14468 13.90233 0.07671
0.14519 14.01575 0.07742
0.14569 13.81912 0.07605
0.14620 13.92226 0.07647
0.14671 14.00788 0.07652
0.14721 13.91348 0.07611
0.14772 13.78582 0.07839
0.14823 13.81923 0.07695
0.14873 13.84216 0.07510
0.14924 13.75595 0.07685
0.14975 13.81226 0.07662
0.15025 13.64243 0.07204
0.15076 13.68256 0.07404
0.15127 13.59836 0.07587
0.15177 13.60914 0.07375
0.15228 13.67790 0.07350
0.15279 13.66989 0.07210
0.15329 13.70218 0.07492
0.15380 13.52298 0.07448
0.15431 13.53096 0.07375
0.15481 13.57435 0.07243
0.15532 13.48631 0.07236
0.15583 13.47711 0.07103
0.15633 13.50199 0.07285
0.15684 13.41617 0.07320
0.15735 13.48980 0.07137
0.15785 13.46485 0.07250
0.15836 13.56451 0.07051
0.15887 13.46520 0.07218
0.15937 13.42001 0.06923
0.15988 13.38175 0.06915
0.16039 13.35786 0.06997
0.16089 13.40960 0.07105
0.16140 13.33721 0.07173
0.16191 13.35005 0.07011
0.16241 13.38143 0.06939
0.16292 13.32606 0.06902
0.16343 13.19278 0.06896
0.16393 13.22888 0.07073
0.16444 13.33955 0.07038
0.16495 13.21911 0.07002
0.16545 13.31970 0.06973
0.16596 13.27538 0.06987
0.16647 13.25785 0.06850
0.16697 13.16006 0.06665
0.16748 13.10145 0.06768
0.16799 13.27806 0.07075
0.16849 13.05286 0.06864
0.16900 13.24253 0.06712
0.16951 13.14843 0.06829
0.17001 13.19071 0.06926
0.17052 13.17338 0.06866
0.17103 13.08063 0.06838
0.17153 13.23459 0.06960
0.17204 13.16227 0.06969
0.17255 13.08539 0.07047
0.17305 13.04464 0.06777
0.17356 13.04418 0.07109
0.17407 13.05805 0.07025
0.17457 13.10047 0.06966
0.17508 13.06566 0.06898
0.17559 13.11695 0.06906
0.17610 13.05626 0.07014
0.17660 13.09657 0.06989
0.17711 13.16595 0.06978
0.17762 13.02812 0.07112
0.17812 13.23161 0.07015
0.17863 13.05437 0.06844
0.17914 13.07222 0.07032
0.17964 13.16519 0.06969
0.18015 13.16844 0.07180
0.18066 13.08452 0.07152
0.18116 13.03310 0.07297
0.18167 13.02238 0.07257
0.18218 13.11180 0.07295
0.18268 12.98805 0.07259
0.18319 13.04376 0.07069
0.18370 13.05990 0.07385
0.18420 12.99256 0.07216
0.18471 13.01346 0.07362
0.18522 13.01564 0.07296
0.18572 12.94304 0.07383
0.18623 13.01710 0.07194
0.18674 13.03343 0.07372
0.18724 12.99921 0.07533
0.18775 13.07831 0.07480
0.18826 13.03954 0.07609
0.18876 13.05529 0.07520
0.18927 13.10792 0.07559
0.18978 12.85999 0.07263
0.19028 12.90174 0.07417
0.19079 12.92396 0.07360
0.19130 12.89804 0.07514
0.19180 12.96528 0.07515
0.19231 12.91597 0.07603
0.19282 12.86234 0.07408
0.19332 12.92562 0.07590
0.19383 13.03009 0.07565
0.19434 12.99091 0.07472
0.19484 12.85384 0.07577
0.19535 12.76892 0.07388
0.19586 12.95621 0.07531
0.19636 12.78429 0.07516
0.19687 12.86843 0.07672
0.19738 12.84689 0.07636
0.19788 12.80152 0.07703
0.19839 12.86379 0.07364
0.19890 12.88655 0.07496
0.19940 12.82827 0.07493
0.19991 12.93244 0.07406
0.20042 12.74272 0.07247
0.20092 12.77252 0.07442
0.20143 12.96291 0.07542
0.20194 12.79250 0.07451
0.20244 12.71565 0.07491
0.20295 12.74005 0.07668
0.20346 12.79692 0.07770
0.20396 12.85047 0.07633
0.20447 12.83449 0.07479
0.20498 12.84666 0.07477
0.20548 12.73897 0.07731
0.20599 12.74525 0.07579
0.20650 12.76488 0.07395
0.20700 12.66034 0.07516
0.20751 12.74047 0.07562
0.20802 12.80088 0.07493
0.20852 12.78040 0.07463
0.20903 12.61190 0.07503
0.20954 12.71252 0.07458
0.21004 12.60124 0.07592
0.21055 12.66073 0.07550
0.21106 12.75639 0.07537
0.21156 12.57477 0.07311
0.21207 12.80413 0.07818
0.21258 12.65823 0.07593
0.21308 12.59677 0.07590
0.21359 12.66324 0.07434
0.21410 12.84078 0.07758
0.21460 12.74076 0.07556
0.21511 12.52458 0.07560
0.21562 12.66479 0.07616
0.21612 12.61111 0.07635
0.21663 12.62587 0.07497
0.21714 12.53204 0.07811
0.21764 12.50494 0.07717
0.21815 12.53764 0.07381
0.21866 12.46330 0.07433
0.21916 12.47592 0.07548
0.21967 12.60439 0.07414
0.22018 12.55382 0.07447
0.22068 12.55130 0.07336
0.22119 12.52942 0.07530
0.22170 12.55878 0.07346
0.22220 12.38002 0.07429
0.22271 12.56849 0.07270
0.22322 12.39513 0.07213
0.22372 12.48060 0.07193
0.22423 12.58448 0.07393
0.22474 12.56052 0.07240
0.22524 12.44571 0.07537
0.22575 12.50822 0.07513
0.22626 12.47274 0.07140
0.22676 12.34523 0.07150
0.22727 12.40660 0.07267
0.22778 12.50460 0.07278
0.22828 12.42353 0.07311
0.22879 12.48187 0.07273
0.22930 12.31922 0.07185
0.22980 12.36298 0.07210
0.23031 12.41564 0.07187
0.23082 12.33618 0.07391
0.23132 12.40661 0.07009
0.23183 12.41011 0.07133
0.23234 12.29342 0.07036
0.23284 12.26366 0.06916
0.23335 12.25575 0.06917
0.23386 12.32426 0.06824
0.23436 12.29267 0.06888
0.23487 12.24442 0.06820
0.23538 12.22479 0.06630
0.23588 12.39026 0.06928
0.23639 12.25209 0.07035
0.23690 12.26637 0.07149
0.23740 12.26442 0.06893
0.23791 12.23971 0.06750
0.23842 12.30429 0.06864
0.23892 12.41377 0.06927
0.23943 12.30752 0.06843
0.23994 12.30503 0.06662
0.24044 12.30935 0.06706
0.24095 12.27778 0.06791
0.24145 12.21792 0.06671
0.24196 12.25759 0.06824
0.24247 12.08391 0.06798
0.24297 12.18465 0.06627
0.24348 12.34047 0.06715
0.24399 12.25146 0.06701
0.24449 12.27925 0.06740
0.24500 12.28221 0.06713
0.24551 12.22676 0.06744
0.24601 12.29539 0.06735
0.24652 12.26597 0.06576
0.24703 12.10668 0.06593
0.24753 12.15113 0.06652
0.24804 12.12677 0.06523
0.24855 12.13932 0.06782
0.24905 12.12853 0.06691
0.24956 12.14008 0.06669
0.25007 12.08688 0.06420
0.25057 12.13072 0.06641
0.25108 12.11676 0.06556
0.25159 12.07608 0.06520
0.25209 12.00323 0.06420
0.25260 12.01646 0.06401
0.25311 12.05686 0.06357
0.25361 12.20434 0.06440
0.25412 12.09141 0.06388
0.25463 12.10848 0.06438
0.25513 11.97705 0.06194
0.25564 12.06423 0.06220
0.25615 12.10479 0.06454
0.25665 12.00115 0.06322
0.25716 12.01563 0.06280
0.25767 12.10079 0.06339
0.25817 12.07363 0.06227
0.25868 12.03429 0.06328
0.25919 12.12598 0.06308
0.25969 12.03486 0.06184
0.26020 12.04965 0.06168
0.26071 12.00895 0.06305
0.26121 11.97745 0.06292
0.26172 11.94058 0.06149
0.26223 11.95082 0.06041
0.26273 11.95107 0.06261
0.26324 12.02944 0.06271
0.26375 11.97041 0.06038
0.26425 12.03590 0.06205
0.26476 12.02336 0.06210
0.26527 11.80421 0.06205
0.26577 11.86482 0.06075
0.26628 11.84979 0.06287
0.26679 11.97283 0.06138
0.26729 11.98183 0.05894
0.26780 11.91763 0.06132
0.26831 11.86144 0.05960
0.26881 11.89253 0.06044
0.26932 11.93696 0.05944
0.26983 11.92618 0.06081
0.27033 11.91332 0.05949
0.27084 11.82455 0.05968
0.27134 11.82250 0.06049
0.27185 11.85705 0.05981
0.27236 11.74818 0.05983
0.27286 11.81310 0.05928
0.27337 11.83804 0.05801
0.27388 11.88828 0.05942
0.27438 11.86255 0.06022
0.27489 11.80863 0.05935
0.27540 11.81011 0.06065
0.27590 11.83662 0.05900
0.27641 11.85106 0.05866
0.27692 11.68996 0.05983
0.27742 11.83025 0.05877
0.27793 11.85410 0.05771
0.27844 11.67441 0.05821
0.27894 11.67342 0.05820
0.27945 11.72240 0.05843
0.27996 11.81364 0.05813
0.28046 11.65032 0.05847
0.28097 11.67118 0.05811
0.28148 11.65181 0.05753
0.28198 11.54627 0.05805
0.28249 11.66214 0.05835
0.28300 11.76566 0.05858
0.28350 11.72343 0.05715
0.28401 11.68460 0.05863
0.28452 11.71228 0.05771
0.28502 11.76199 0.05668
0.28553 11.68653 0.05735
0.28604 11.69146 0.05629
0.28654 11.67004 0.05686
0.28705 11.68313 0.05892
0.28756 11.66043 0.05834
0.28806 11.68350 0.05789
0.28857 11.60481 0.05853
0.28908 11.56628 0.05656
0.28958 11.61576 0.05928
0.29009 11.59358 0.05792
0.29059 11.42153 0.05930
0.29110 11.60828 0.06010
0.29161 11.50731 0.05871
0.29211 11.40753 0.05694
0.29262 11.51621 0.05682
0.29313 11.35757 0.05898
0.29363 11.48700 0.05786
0.29414 11.57755 0.05826
0.29465 11.57271 0.05763
0.29515 11.49645 0.05813
0.29566 11.46759 0.05834
0.29617 11.49889 0.05768
0.29667 11.56167 0.05961
0.29718 11.51374 0.05781
0.29769 11.43189 0.05778
0.29819 11.43861 0.05914
0.29870 11.30155 0.05880
0.29921 11.49454 0.05806
0.29971 11.45790 0.05833
0.30022 11.43484 0.05693
0.30073 11.32854 0.05772
0.30123 11.39422 0.05830
0.30174 11.28830 0.05706
0.30225 11.38628 0.05928
0.30275 11.34459 0.05733
0.30326 11.28270 0.05703
0.30377 11.33783 0.05645
0.30427 11.37278 0.05717
0.30478 11.31466 0.05762
0.30529 11.32527 0.05597
0.30579 11.33040 0.05590
0.30630 11.25788 0.05570
0.30680 11.40590 0.05623
0.30731 11.37106 0.05694
0.30782 11.30745 0.05611
0.30832 11.32127 0.05551
0.30883 11.25698 0.05626
0.30934 11.34702 0.05695
0.30984 11.19622 0.05604
0.31035 11.31229 0.05802
0.31086 11.31661 0.05839
0.31136 11.21604 0.05730
0.31187 11.33536 0.05817
0.31238 11.28761 0.05871
0.31288 11.22226 0.06074
0.31339 11.31192 0.05909
0.31390 11.23993 0.05835
0.31440 11.14431 0.05915
0.31491 11.22350 0.06079
0.31542 11.20362 0.06116
0.31592 11.22166 0.06101
0.31643 11.23403 0.06101
0.31694 11.20306 0.06089
0.31744 11.13279 0.06265
0.31795 11.21045 0.06109
0.31845 11.13866 0.06071
0.31896 11.12354 0.06022
0.31947 11.01085 0.06170
0.31997 11.07493 0.06158
0.32048 11.11449 0.05976
0.32099 11.15169 0.06057
0.32149 11.07529 0.06011
0.32200 11.12326 0.06183
0.32251 11.19680 0.05963
0.32301 11.08025 0.05994
0.32352 11.14329 0.06061
0.32403 11.07299 0.06062
0.32453 11.17163 0.06111
0.32504 11.09078 0.06033
0.32555 11.11490 0.06061
0.32605 11.08944 0.06016
0.32656 11.02446 0.06113
0.32707 11.17215 0.06198
0.32757 11.00628 0.06067
0.32808 11.10254 0.06129
0.32859 11.01624 0.06097
0.32909 10.98448 0.06013
0.32960 11.02899 0.06213
0.33010 11.10104 0.05999
0.33061 10.94018 0.06106
0.33112 10.93965 0.06092
0.33162 10.91475 0.06284
0.33213 11.13447 0.06328
0.33264 11.01014 0.06220
0.33314 10.98767 0.06178
0.33365 10.96925 0.06281
0.33416 11.08045 0.06152
0.33466 11.11069 0.06215
0.33517 11.03625 0.06224
0.33568 11.00446 0.06166
0.33618 10.85523 0.06078
0.33669 11.01011 0.06275
0.33720 10.99924 0.06319
0.33770 10.97527 0.06302
0.33821 10.93309 0.06243
0.33872 10.87363 0.06217
0.33922 10.98678 0.06285
0.33973 10.95069 0.06315
0.34023 11.07570 0.06282
0.34074 10.98445 0.06355
0.34125 10.88432 0.06253
0.34175 11.00121 0.06403
0.34226 10.87513 0.06292
0.34277 10.99735 0.06240
0.34327 10.98152 0.06227
0.34378 10.98622 0.06244
0.34429 10.90933 0.06353
0.34479 11.04768 0.06292
0.34530 10.92270 0.06237
0.34581 10.89502 0.06262
0.34631 10.95366 0.06465
0.34682 10.95037 0.06435
0.34733 10.91379 0.06335
0.34783 10.76271 0.06333
0.34834 10.94490 0.06356
0.34884 10.76130 0.06385
0.34935 10.82770 0.06318
0.34986 10.94713 0.06322
0.35036 10.97190 0.06378
0.35087 10.86317 0.06418
0.35138 10.80830 0.06372
0.35188 10.79312 0.06233
0.35239 10.80447 0.06376
0.35290 10.81098 0.06285
0.35340 10.74931 0.06049
0.35391 10.73925 0.06206
0.35442 10.74577 0.06297
0.35492 10.68480 0.06022
0.35543 10.78363 0.05961
0.35594 10.72464 0.05911
0.35644 10.58832 0.06003
0.35695 10.68004 0.05854
0.35745 10.64283 0.05901
0.35796 10.75351 0.06127
0.35847 10.72900 0.06121
0.35897 10.72560 0.06201
0.35948 10.58938 0.06009
0.35999 10.61903 0.05953
0.36049 10.61361 0.06136
0.36100 10.67523 0.06154
0.36151 10.65231 0.06123
0.36201 10.56471 0.06120
0.36252 10.71680 0.06219
0.36303 10.54886 0.06023
0.36353 10.62078 0.06171
0.36404 10.68694 0.06152
0.36455 10.64881 0.06164
0.36505 10.53479 0.05935
0.36556 10.61593 0.06296
0.36606 10.53193 0.06143
0.36657 10.58915 0.06287
0.36708 10.63491 0.06316
0.36758 10.39943 0.06359
0.36809 10.47468 0.06448
0.36860 10.54135 0.06450
0.36910 10.53354 0.06676
0.36961 10.44114 0.06592
0.37012 10.43671 0.06710
0.37062 10.46312 0.06482
0.37113 10.61040 0.06586
0.37164 10.55150 0.06638
0.37214 10.60588 0.06527
0.37265 10.51104 0.06552
0.37315 10.60860 0.06659
0.37366 10.41174 0.06511
0.37417 10.52755 0.06681
0.37467 10.53379 0.06546
0.37518 10.38121 0.06463
0.37569 10.41943 0.06475
0.37619 10.41790 0.06644
0.37670 10.38944 0.06715
0.37721 10.43624 0.06761
0.37771 10.50434 0.06812
0.37822 10.39091 0.06802
0.37873 10.56171 0.06795
0.37923 10.40072 0.07098
0.37974 10.51922 0.06881
0.38024 10.41415 0.07012
0.38075 10.39015 0.06875
0.38126 10.43042 0.06876
0.38176 10.43393 0.07028
0.38227 10.56063 0.06956
0.38278 10.37600 0.07137
0.38328 10.39877 0.07067
0.38379 10.42330 0.07119
0.38430 10.38188 0.06784
0.38480 10.36539 0.07064
0.38531 10.33458 0.07114
0.38582 10.42191 0.07315
0.38632 10.28424 0.07262
0.38683 10.28873 0.07100
0.38733 10.42920 0.07284
0.38784 10.34824 0.07274
0.38835 10.29948 0.07283
0.38885 10.43152 0.07497
0.38936 10.27820 0.07157
0.38987 10.31645 0.07546
0.39037 10.22107 0.07597
0.39088 10.14263 0.07366
0.39139 10.33083 0.07818
0.39189 10.27305 0.07331
0.39240 10.31451 0.07468
0.39290 10.29318 0.07643
0.39341 10.26283 0.07757
0.39392 10.31771 0.07784
0.39442 10.30561 0.07803
0.39493 10.32230 0.07738
0.39544 10.23849 0.07692
0.39594 10.31657 0.07785
0.39645 10.28657 0.07777
0.39696 10.28154 0.07974
0.39746 10.32937 0.07957
0.39797 10.14021 0.08041
0.39847 10.11836 0.08033
0.39898 10.13860 0.08129
0.39949 10.29300 0.08212
0.39999 10.17181 0.08020
0.40050 10.20098 0.08157
0.40101 10.11717 0.08010
0.40151 10.08808 0.08150
0.40202 10.21313 0.08079
0.40253 10.19056 0.08272
0.40303 10.26835 0.08255
0.40354 10.16271 0.08823
0.40405 10.19990 0.08586
0.40455 10.26836 0.08476
0.40506 9.99084 0.08363
0.40556 10.24563 0.08472
0.40607 10.05863 0.08393
0.40658 10.18739 0.08531
0.40708 10.10023 0.08602
0.40759 10.15761 0.08448
0.40810 10.14405 0.08343
0.40860 10.02935 0.08737
0.40911 10.05642 0.08691
0.40962 9.89120 0.08423
0.41012 10.30475 0.08686
0.41063 10.20905 0.08672
0.41113 10.05777 0.08606
0.41164 10.11853 0.08445
0.41215 10.05505 0.08477
0.41265 10.02372 0.08956
0.41316 9.92443 0.08678
0.41367 9.92766 0.08660
0.41417 9.98704 0.08995
0.41468 10.01265 0.08655
0.41518 9.88048 0.08605
0.41569 10.13806 0.08842
0.41620 9.89164 0.08848
0.41670 9.95486 0.08923
0.41721 9.93177 0.09000
0.41772 9.94538 0.09125
0.41822 9.98841 0.08957
0.41873 10.02012 0.08940
0.41924 9.86272 0.09199
0.41974 9.85190 0.09153
0.42025 9.81272 0.09100
0.42075 9.97422 0.09075
0.42126 9.90555 0.09399
0.42177 9.86356 0.09412
0.42227 9.88824 0.09438
0.42278 10.10291 0.09499
0.42329 9.80495 0.09443
0.42379 9.88662 0.09285
0.42430 9.82914 0.09775
0.42481 10.07339 0.09453
0.42531 9.93112 0.09805
0.42582 9.84386 0.09267
0.42632 9.78555 0.09429
0.42683 9.93486 0.09823
0.42734 9.90954 0.10043
0.42784 9.74435 0.09980
0.42835 9.86886 0.09863
0.42886 9.89474 0.10182
0.42936 9.76079 0.09868
0.42987 9.79915 0.10501
0.43037 9.88919 0.10332
0.43088 9.99157 0.10391
0.43139 9.82038 0.10344
0.43189 9.96910 0.10478
0.43240 9.87517 0.10707
0.43291 9.85751 0.10987
0.43341 9.74937 0.11226
0.43392 10.00395 0.11126
0.43443 9.78491 0.10802
0.43493 10.05252 0.10986
0.43544 9.70199 0.10744
0.43594 9.69174 0.10988
0.43645 9.80708 0.11227
0.43696 9.86215 0.11595
0.43746 9.70186 0.10963
0.43797 9.70161 0.11987
0.43848 9.78978 0.11373
0.43898 9.91521 0.11811
0.43949 9.78025 0.11460
0.43999 9.71512 0.11864
