0.01140 1590.25011 63.70095
0.01191 1140.12230 49.24225
0.01242 762.13166 51.20570
0.01292 466.86542 37.61110
0.01343 323.35513 25.98301
0.01394 248.53334 19.24651
0.01444 208.42351 15.59786
0.01495 169.10220 12.92689
0.01546 133.28786 8.23707
0.01596 123.39359 7.74551
0.01647 108.68404 6.16539
0.01698 90.41439 4.68561
0.01748 79.61081 3.82224
0.01799 74.89798 3.33096
0.01850 66.44421 2.79072
0.01900 59.07123 2.27794
0.01951 56.93445 1.89227
0.02002 52.21968 1.70493
0.02052 48.18149 1.40313
0.02103 46.36941 1.17959
0.02154 42.41619 0.97066
0.02204 41.40667 0.89286
0.02255 37.89299 0.66867
0.02306 36.05665 0.61721
0.02356 35.38660 0.58953
0.02407 34.32698 0.50866
0.02458 33.26625 0.45175
0.02509 31.21218 0.39539
0.02559 30.83273 0.39304
0.02610 30.23316 0.37332
0.02661 28.68671 0.31737
0.02711 27.96118 0.30825
0.02762 27.13225 0.26462
0.02813 26.46198 0.25211
0.02863 25.78848 0.23801
0.02914 25.28046 0.23851
0.02965 24.29546 0.21993
0.03015 24.45901 0.22487
0.03066 23.72440 0.21972
0.03117 23.42768 0.20964
0.03167 22.69318 0.22385
0.03218 22.61567 0.21123
0.03269 22.39703 0.21166
0.03319 21.98335 0.20679
0.03370 22.10209 0.19992
0.03421 21.30245 0.20741
0.03471 21.24599 0.19221
0.03522 21.25507 0.19836
0.03573 20.42442 0.19316
0.03623 20.42437 0.19085
0.03674 19.87755 0.18111
0.03725 20.31599 0.17997
0.03775 19.85944 0.17170
0.03826 19.64150 0.17410
0.03877 19.43952 0.17974
0.03927 19.36128 0.17683
0.03978 19.16370 0.17620
0.04029 19.04025 0.16864
0.04080 18.78154 0.16164
0.04130 18.62753 0.16581
0.04181 18.66645 0.15934
0.04232 18.45288 0.16461
0.04282 18.49910 0.16225
0.04333 18.45588 0.16609
0.04384 18.39407 0.15446
0.04434 18.05523 0.15141
0.04485 17.73836 0.15341
0.04536 17.48012 0.15185
0.04586 17.97876 0.15844
0.04637 17.86469 0.15368
0.04688 17.34477 0.14955
0.04738 17.42916 0.14656
0.04789 17.51772 0.14293
0.04840 17.28498 0.14629
0.04890 17.48914 0.14754
0.04941 17.16541 0.14237
0.04992 17.47665 0.13805
0.05042 17.17119 0.14374
0.05093 17.27747 0.13872
0.05144 17.06070 0.13533
0.05194 17.04759 0.13986
0.05245 17.26719 0.14254
0.05296 16.98928 0.13509
0.05346 16.73292 0.13391
0.05397 16.64696 0.13207
0.05448 16.68151 0.13490
0.05498 16.99757 0.13653
0.05549 16.33598 0.12611
0.05600 16.69208 0.13511
0.05650 16.66908 0.12989
0.05701 16.60313 0.13317
0.05752 16.61445 0.13017
0.05803 16.40604 0.12897
0.05853 16.43629 0.12536
0.05904 16.46406 0.12515
0.05955 16.45744 0.12614
0.06005 16.36220 0.12432
0.06056 16.17010 0.12396
0.06107 16.14420 0.12231
0.06157 16.03201 0.12319
0.06208 16.07486 0.12767
0.06259 16.20226 0.12376
0.06309 16.16477 0.12174
0.06360 15.94134 0.12692
0.06411 15.93586 0.11828
0.06461 15.89104 0.12277
0.06512 15.80767 0.11931
0.06563 15.71264 0.11499
0.06613 15.66633 0.11556
0.06664 15.99208 0.12214
0.06715 15.82494 0.12505
0.06765 15.75540 0.11549
0.06816 15.70656 0.11656
0.06867 15.53118 0.11335
0.06917 15.65106 0.11564
0.06968 15.47384 0.11072
0.07019 15.85189 0.11519
0.07069 15.39541 0.11127
0.07120 15.52023 0.11021
0.07171 15.50515 0.11177
0.07221 15.33807 0.11358
0.07272 15.39518 0.11128
0.07323 15.54355 0.11048
0.07373 15.33047 0.10967
0.07424 15.42833 0.10721
0.07475 15.26058 0.11173
0.07526 15.23488 0.11030
0.07576 15.20912 0.10413
0.07627 15.27360 0.11055
0.07678 15.23471 0.10782
0.07728 15.16967 0.10896
0.07779 15.05500 0.10513
0.07830 15.29286 0.10566
0.07880 15.27033 0.10399
0.07931 15.22765 0.10374
0.07982 15.22477 0.10189
0.08032 14.93476 0.10243
0.08083 15.23755 0.10330
0.08134 14.91373 0.10519
0.08184 15.16807 0.10475
0.08235 14.88491 0.10516
0.08286 14.82149 0.10498
0.08336 14.90059 0.10647
0.08387 15.05237 0.10237
0.08438 15.04010 0.10640
0.08488 14.93750 0.10855
0.08539 14.93504 0.10727
0.08590 14.71893 0.10979
0.08640 14.87040 0.10871
0.08691 14.73339 0.10436
0.08742 14.74547 0.11035
0.08792 14.64429 0.10894
0.08843 14.79974 0.10833
0.08894 14.79885 0.10509
0.08944 14.58690 0.10192
0.08995 14.79573 0.10285
0.09046 14.58878 0.10605
0.09096 14.79581 0.10685
0.09147 14.71744 0.10642
0.09198 14.69599 0.10927
0.09248 14.64069 0.10829
0.09299 14.49781 0.10476
0.09350 14.47925 0.11003
0.09401 14.64041 0.10886
0.09451 14.52490 0.10845
0.09502 14.40267 0.10812
0.09553 14.38510 0.10633
0.09603 14.50322 0.10633
0.09654 14.54640 0.10327
0.09705 14.49148 0.10908
0.09755 14.38695 0.10397
0.09806 14.44566 0.10464
0.09857 14.39635 0.10384
0.09907 14.35742 0.10421
0.09958 14.60877 0.10872
0.10009 14.41723 0.10297
0.10059 14.43789 0.10811
0.10110 14.29804 0.10194
0.10161 14.20003 0.09898
0.10211 14.38989 0.09986
0.10262 14.26001 0.09527
0.10313 14.25856 0.09925
0.10363 14.21026 0.10029
0.10414 14.15238 0.09610
0.10465 14.52328 0.10385
0.10515 14.22339 0.10058
0.10566 14.11207 0.10321
0.10617 14.13789 0.09967
0.10667 13.99219 0.10078
0.10718 14.13715 0.10103
0.10769 14.30374 0.09752
0.10819 14.05192 0.09524
0.10870 14.25121 0.09665
0.10921 14.20982 0.09502
0.10971 14.15410 0.09656
0.11022 14.26546 0.09429
0.11073 13.95196 0.09303
0.11123 14.09020 0.09344
0.11174 14.05973 0.09465
0.11225 14.03965 0.09186
0.11275 14.07586 0.09176
0.11326 13.97827 0.09135
0.11377 14.02321 0.09108
0.11428 13.97738 0.09143
0.11478 13.81356 0.08927
0.11529 14.06237 0.09131
0.11580 14.15485 0.08900
0.11630 14.10078 0.09049
0.11681 13.85272 0.08752
0.11732 14.07964 0.09191
0.11782 13.60709 0.08782
0.11833 14.01498 0.08699
0.11884 13.72484 0.08622
0.11934 13.85923 0.09103
0.11985 13.70121 0.08465
0.12036 13.82967 0.08667
0.12086 13.88775 0.08753
0.12137 13.62472 0.08630
0.12188 13.72827 0.08639
0.12238 13.66107 0.08831
0.12289 13.67864 0.08786
0.12340 13.87691 0.08295
0.12390 13.65874 0.08353
0.12441 13.60469 0.08170
0.12492 13.80762 0.08761
0.12542 13.67518 0.08366
0.12593 13.71158 0.08286
0.12644 13.66946 0.08341
0.12694 13.60820 0.08508
0.12745 13.71204 0.08193
0.12796 13.50755 0.08247
0.12846 13.56082 0.08179
0.12897 13.60868 0.08312
0.12948 13.49179 0.08270
0.12998 13.37462 0.08181
0.13049 13.43843 0.07649
0.13100 13.58717 0.08146
0.13150 13.62490 0.08014
0.13201 13.41147 0.07792
0.13252 13.51884 0.07975
0.13302 13.55389 0.07827
0.13353 13.45448 0.07935
0.13404 13.50989 0.07808
0.13454 13.46744 0.07710
0.13505 13.55816 0.07765
0.13556 13.51266 0.08092
0.13606 13.32876 0.07844
0.13657 13.36776 0.07737
0.13708 13.47220 0.07829
0.13758 13.33402 0.07905
0.13809 13.41476 0.07497
0.13860 13.30978 0.07659
0.13911 13.26617 0.07696
0.13961 13.39481 0.07846
0.14012 13.24226 0.07449
0.14063 13.22522 0.07581
0.14113 13.40264 0.07600
0.14164 13.27194 0.07622
0.14215 13.29124 0.07671
0.14265 13.30310 0.07329
0.14316 13.25629 0.07794
0.14367 13.18200 0.07343
0.14417 13.18327 0.07549
0.14468 13.22736 0.07739
0.14519 13.14809 0.07451
0.14569 13.25134 0.07696
0.14620 13.14100 0.07626
0.14671 13.17229 0.07367
0.14721 13.08424 0.07363
0.14772 13.14287 0.07403
0.14823 13.02073 0.07314
0.14873 13.08486 0.07386
0.14924 13.03127 0.07266
0.14975 12.97696 0.07167
0.15025 12.92734 0.07258
0.15076 12.92205 0.07207
0.15127 12.90048 0.07128
0.15177 13.07825 0.07309
0.15228 12.95599 0.07136
0.15279 12.83594 0.07206
0.15329 12.92387 0.07216
0.15380 12.82070 0.07053
0.15431 12.82284 0.07052
0.15481 12.80826 0.07086
0.15532 12.83552 0.07072
0.15583 12.86899 0.07010
0.15633 12.79271 0.06984
0.15684 12.76336 0.07017
0.15735 12.70976 0.06936
0.15785 12.88153 0.06878
0.15836 12.84892 0.06844
0.15887 12.78845 0.07083
0.15937 12.67582 0.06814
0.15988 12.74618 0.06952
0.16039 12.72235 0.07029
0.16089 12.77508 0.06953
0.16140 12.61700 0.06784
0.16191 12.63503 0.06970
0.16241 12.63019 0.06824
0.16292 12.58064 0.06869
0.16343 12.55854 0.06728
0.16393 12.51528 0.06576
0.16444 12.62325 0.06926
0.16495 12.50713 0.06486
0.16545 12.53774 0.06680
0.16596 12.42340 0.06845
0.16647 12.45002 0.06804
0.16697 12.56014 0.06664
0.16748 12.44263 0.06675
0.16799 12.41410 0.06755
0.16849 12.45529 0.06640
0.16900 12.44816 0.06614
0.16951 12.40074 0.06664
0.17001 12.32267 0.06664
0.17052 12.44987 0.06803
0.17103 12.45242 0.06833
0.17153 12.41530 0.06776
0.17204 12.38998 0.06755
0.17255 12.26238 0.06768
0.17305 12.28107 0.06738
0.17356 12.39842 0.06823
0.17407 12.31898 0.06849
0.17457 12.22349 0.06711
0.17508 12.30477 0.06889
0.17559 12.28850 0.06889
0.17610 12.18215 0.06758
0.17660 12.17503 0.06961
0.17711 12.25586 0.06803
0.17762 12.16122 0.06868
0.17812 12.01365 0.06692
0.17863 12.29056 0.06641
0.17914 12.20668 0.06761
0.17964 12.17173 0.06836
0.18015 12.21097 0.07005
0.18066 12.17730 0.07041
0.18116 12.12164 0.06888
0.18167 12.15343 0.06939
0.18218 12.15578 0.06923
0.18268 12.20241 0.06954
0.18319 12.10226 0.06988
0.18370 12.10476 0.07136
0.18420 12.06541 0.07063
0.18471 11.91973 0.07094
0.18522 12.21567 0.07080
0.18572 12.13698 0.07030
0.18623 11.91490 0.07112
0.18674 12.08807 0.06940
0.18724 12.04260 0.07231
0.18775 12.06235 0.07062
0.18826 11.89585 0.07193
0.18876 11.95807 0.07209
0.18927 11.96421 0.07316
0.18978 11.85947 0.07308
0.19028 11.89859 0.07178
0.19079 12.07715 0.07429
0.19130 11.97751 0.07296
0.19180 11.99910 0.07084
0.19231 11.97634 0.07108
0.19282 11.82377 0.07026
0.19332 11.92773 0.07371
0.19383 11.92431 0.07261
0.19434 11.79711 0.07098
0.19484 11.89314 0.07269
0.19535 11.88608 0.07291
0.19586 11.74546 0.07167
0.19636 11.85655 0.07255
0.19687 11.81395 0.07070
0.19738 11.89514 0.07190
0.19788 11.67611 0.07046
0.19839 11.77422 0.07236
0.19890 11.80132 0.07356
0.19940 11.81578 0.07452
0.19991 11.84177 0.07276
0.20042 11.65516 0.07250
0.20092 11.84204 0.07288
0.20143 11.75242 0.07458
0.20194 11.67160 0.07190
0.20244 11.68097 0.07217
0.20295 11.73708 0.07430
0.20346 11.80908 0.07308
0.20396 11.68200 0.07448
0.20447 11.68548 0.07272
0.20498 11.61164 0.07421
0.20548 11.58833 0.07325
0.20599 11.77598 0.07483
0.20650 11.63186 0.07398
0.20700 11.72936 0.07316
0.20751 11.56159 0.07345
0.20802 11.49572 0.07109
0.20852 11.65471 0.07070
0.20903 11.58783 0.07210
0.20954 11.62610 0.06951
0.21004 11.58138 0.07304
0.21055 11.45513 0.07081
0.21106 11.44571 0.07011
0.21156 11.48056 0.07375
0.21207 11.47050 0.07442
0.21258 11.58168 0.07283
0.21308 11.33079 0.07086
0.21359 11.44717 0.07131
0.21410 11.45970 0.07362
0.21460 11.42964 0.07272
0.21511 11.52741 0.07154
0.21562 11.51612 0.07300
0.21612 11.42260 0.07217
0.21663 11.55411 0.07075
0.21714 11.46242 0.07196
0.21764 11.27630 0.07200
0.21815 11.37196 0.07130
0.21866 11.33970 0.07162
0.21916 11.32690 0.07210
0.21967 11.38747 0.07321
0.22018 11.31317 0.07212
0.22068 11.29712 0.07185
0.22119 11.18169 0.06911
0.22170 11.17549 0.06912
0.22220 11.34182 0.07187
0.22271 11.20271 0.07082
0.22322 11.18108 0.07323
0.22372 11.08077 0.06745
0.22423 11.18660 0.07014
0.22474 11.27570 0.06893
0.22524 11.28873 0.06998
0.22575 11.24418 0.06918
0.22626 11.15949 0.06900
0.22676 11.13310 0.07031
0.22727 11.16210 0.06790
0.22778 11.20091 0.06866
0.22828 11.20727 0.06738
0.22879 11.29830 0.06827
0.22930 11.13180 0.06856
0.22980 11.16802 0.06897
0.23031 11.14519 0.06794
0.23082 11.12297 0.06601
0.23132 11.11976 0.06829
0.23183 11.06420 0.06780
0.23234 11.04038 0.06622
0.23284 11.04432 0.06546
0.23335 11.02735 0.06505
0.23386 11.15790 0.06669
0.23436 10.96681 0.06512
0.23487 11.03840 0.06504
0.23538 10.86714 0.06471
0.23588 10.98246 0.06452
0.23639 10.93873 0.06497
0.23690 10.96943 0.06448
0.23740 10.85625 0.06463
0.23791 10.90488 0.06508
0.23842 10.80684 0.06591
0.23892 10.93502 0.06532
0.23943 10.96262 0.06362
0.23994 10.89889 0.06347
0.24044 10.92564 0.06399
0.24095 10.93465 0.06510
0.24145 10.86567 0.06447
0.24196 10.89463 0.06415
0.24247 10.73608 0.06338
0.24297 10.79153 0.06398
0.24348 10.77771 0.06450
0.24399 10.76097 0.06392
0.24449 10.73555 0.06321
0.24500 10.78036 0.06278
0.24551 10.81493 0.06179
0.24601 10.82339 0.06194
0.24652 10.70876 0.06207
0.24703 10.85225 0.06193
0.24753 10.70808 0.06148
0.24804 10.80560 0.06323
0.24855 10.67821 0.06100
0.24905 10.80256 0.06164
0.24956 10.71431 0.06279
0.25007 10.62630 0.06172
0.25057 10.67382 0.06222
0.25108 10.71983 0.06018
0.25159 10.75121 0.06289
0.25209 10.71035 0.06026
0.25260 10.66097 0.06116
0.25311 10.68639 0.06130
0.25361 10.62710 0.05916
0.25412 10.71726 0.06023
0.25463 10.68896 0.06112
0.25513 10.71321 0.05978
0.25564 10.71340 0.05977
0.25615 10.51635 0.05867
0.25665 10.47755 0.05727
0.25716 10.56826 0.05927
0.25767 10.65783 0.05983
0.25817 10.58205 0.05768
0.25868 10.52046 0.05876
0.25919 10.59204 0.05871
0.25969 10.56652 0.05910
0.26020 10.58138 0.05815
0.26071 10.64663 0.05794
0.26121 10.39187 0.05747
0.26172 10.49074 0.05840
0.26223 10.59889 0.05806
0.26273 10.55163 0.05774
0.26324 10.60140 0.05800
0.26375 10.49886 0.05677
0.26425 10.48182 0.05806
0.26476 10.54745 0.05773
0.26527 10.39605 0.05757
0.26577 10.44559 0.05754
0.26628 10.42492 0.05679
0.26679 10.32510 0.05602
0.26729 10.40367 0.05746
0.26780 10.34584 0.05559
0.26831 10.42859 0.05731
0.26881 10.46098 0.05735
0.26932 10.34842 0.05728
0.26983 10.33480 0.05584
0.27033 10.38756 0.05590
0.27084 10.38259 0.05576
0.27134 10.34499 0.05684
0.27185 10.28292 0.05598
0.27236 10.37830 0.05641
0.27286 10.37359 0.05651
0.27337 10.30361 0.05769
0.27388 10.30682 0.05505
0.27438 10.27930 0.05556
0.27489 10.25794 0.05663
0.27540 10.27861 0.05476
0.27590 10.16531 0.05368
0.27641 10.30477 0.05700
0.27692 10.31454 0.05473
0.27742 10.29117 0.05524
0.27793 10.22594 0.05595
0.27844 10.28208 0.05393
0.27894 10.22132 0.05554
0.27945 10.22484 0.05502
0.27996 10.26003 0.05384
0.28046 10.12081 0.05517
0.28097 10.24212 0.05466
0.28148 10.08391 0.05444
0.28198 10.20634 0.05419
0.28249 10.14548 0.05488
0.28300 10.12995 0.05439
0.28350 10.21400 0.05418
0.28401 10.18994 0.05250
0.28452 10.16359 0.05474
0.28502 10.07256 0.05486
0.28553 10.16350 0.05420
0.28604 10.00236 0.05268
0.28654 10.08600 0.05349
0.28705 10.16309 0.05345
0.28756 10.01251 0.05393
0.28806 10.12792 0.05432
0.28857 9.97822 0.05409
0.28908 10.02020 0.05313
0.28958 10.04828 0.05330
0.29009 10.06678 0.05404
0.29059 9.96663 0.05434
0.29110 9.89537 0.05337
0.29161 10.04676 0.05394
0.29211 10.01922 0.05319
0.29262 10.01195 0.05421
0.29313 9.88998 0.05395
0.29363 9.97377 0.05443
0.29414 10.00756 0.05399
0.29465 9.93481 0.05367
0.29515 9.97626 0.05414
0.29566 9.90804 0.05478
0.29617 9.94888 0.05369
0.29667 10.05369 0.05485
0.29718 9.87312 0.05398
0.29769 9.85209 0.05346
0.29819 9.89640 0.05418
0.29870 9.87512 0.05452
0.29921 9.90080 0.05304
0.29971 9.94241 0.05356
0.30022 9.76833 0.05401
0.30073 9.84059 0.05318
0.30123 9.79987 0.05322
0.30174 9.81313 0.05277
0.30225 9.89806 0.05324
0.30275 9.74040 0.05389
0.30326 9.79490 0.05300
0.30377 9.79296 0.05324
0.30427 9.80426 0.05277
0.30478 9.78472 0.05171
0.30529 9.80093 0.05235
0.30579 9.76444 0.05226
0.30630 9.80315 0.05281
0.30680 9.80873 0.05218
0.30731 9.89306 0.05349
0.30782 9.71996 0.05232
0.30832 9.79108 0.05197
0.30883 9.70194 0.05293
0.30934 9.69246 0.05244
0.30984 9.59164 0.05311
0.31035 9.65202 0.05240
0.31086 9.56931 0.05402
0.31136 9.72104 0.05437
0.31187 9.65433 0.05434
0.31238 9.55943 0.05459
0.31288 9.78163 0.05564
0.31339 9.63855 0.05472
0.31390 9.76270 0.05496
0.31440 9.59786 0.05532
0.31491 9.63967 0.05518
0.31542 9.58513 0.05582
0.31592 9.61894 0.05718
0.31643 9.56298 0.05703
0.31694 9.48293 0.05511
0.31744 9.57685 0.05763
0.31795 9.62914 0.05488
0.31845 9.57733 0.05685
0.31896 9.55336 0.05711
0.31947 9.59560 0.05731
0.31997 9.46951 0.05636
0.32048 9.49200 0.05625
0.32099 9.58778 0.05695
0.32149 9.55463 0.05706
0.32200 9.49439 0.05764
0.32251 9.62794 0.05723
0.32301 9.50657 0.06065
0.32352 9.64622 0.05639
0.32403 9.45812 0.05800
0.32453 9.53561 0.05806
0.32504 9.50702 0.05577
0.32555 9.48375 0.05650
0.32605 9.49261 0.05891
0.32656 9.48750 0.05747
0.32707 9.46301 0.05672
0.32757 9.42344 0.05662
0.32808 9.48977 0.05676
0.32859 9.41391 0.05603
0.32909 9.52550 0.05670
0.32960 9.39530 0.05589
0.33010 9.50903 0.05596
0.33061 9.39149 0.05593
0.33112 9.39738 0.05736
0.33162 9.43769 0.05676
0.33213 9.46595 0.05633
0.33264 9.32609 0.05552
0.33314 9.49913 0.05775
0.33365 9.48423 0.05796
0.33416 9.47112 0.05817
0.33466 9.33999 0.05756
0.33517 9.42699 0.05770
0.33568 9.45506 0.05774
0.33618 9.40573 0.05734
0.33669 9.42077 0.05807
0.33720 9.40632 0.05754
0.33770 9.35465 0.05696
0.33821 9.38561 0.05827
0.33872 9.33539 0.05812
0.33922 9.27798 0.05772
0.33973 9.21221 0.05748
0.34023 9.28994 0.05887
0.34074 9.29640 0.05669
0.34125 9.27844 0.05713
0.34175 9.40748 0.05782
0.34226 9.30514 0.05874
0.34277 9.30696 0.05916
0.34327 9.24259 0.05777
0.34378 9.35586 0.05909
0.34429 9.32546 0.05802
0.34479 9.33961 0.05795
0.34530 9.24168 0.05788
0.34581 9.34745 0.05891
0.34631 9.30542 0.05910
0.34682 9.25000 0.05758
0.34733 9.23494 0.05702
0.34783 9.31363 0.05759
0.34834 9.19864 0.05798
0.34884 9.24931 0.05758
0.34935 9.27746 0.05820
0.34986 9.18115 0.05883
0.35036 9.19982 0.05685
0.35087 9.22496 0.05905
0.35138 9.14714 0.05752
0.35188 9.18053 0.06030
0.35239 9.18003 0.05975
0.35290 9.26613 0.05693
0.35340 9.16166 0.05723
0.35391 9.17274 0.05580
0.35442 9.17838 0.05718
0.35492 9.20946 0.05389
0.35543 9.02303 0.05496
0.35594 9.10219 0.05420
0.35644 9.13117 0.05707
0.35695 9.10322 0.05532
0.35745 9.14412 0.05646
0.35796 9.14904 0.05609
0.35847 9.02817 0.05658
0.35897 9.08754 0.05670
0.35948 9.10773 0.05557
0.35999 8.97176 0.05642
0.36049 9.06788 0.05664
0.36100 9.18566 0.05604
0.36151 9.02440 0.05686
0.36201 9.08718 0.05589
0.36252 9.10007 0.05628
0.36303 9.06443 0.05664
0.36353 9.01445 0.05641
0.36404 8.98933 0.05689
0.36455 8.99314 0.05578
0.36505 9.00243 0.05706
0.36556 9.00605 0.05666
0.36606 8.95656 0.05684
0.36657 9.06121 0.05755
0.36708 9.05665 0.05772
0.36758 9.03230 0.05994
0.36809 9.00289 0.06038
0.36860 8.94547 0.05938
0.36910 8.96133 0.05980
0.36961 8.96114 0.05972
0.37012 8.87716 0.05979
0.37062 9.01505 0.06140
0.37113 9.04840 0.06026
0.37164 9.00090 0.05961
0.37214 8.97058 0.06063
0.37265 9.09265 0.06124
0.37315 8.99016 0.06005
0.37366 8.95465 0.06024
0.37417 8.98197 0.06264
0.37467 8.98013 0.06094
0.37518 8.88529 0.06031
0.37569 8.97416 0.06202
0.37619 8.95660 0.06180
0.37670 8.98229 0.06070
0.37721 9.05349 0.06195
0.37771 8.86875 0.06042
0.37822 8.90599 0.06358
0.37873 8.88496 0.06320
0.37923 8.92875 0.06289
0.37974 8.90154 0.06286
0.38024 8.90826 0.06509
0.38075 8.86693 0.06280
0.38126 8.90803 0.06467
0.38176 8.85141 0.06360
0.38227 8.82523 0.06224
0.38278 8.80894 0.06525
0.38328 8.82387 0.06351
0.38379 8.85983 0.06578
0.38430 8.82423 0.06432
0.38480 8.76888 0.06541
0.38531 8.85103 0.06628
0.38582 8.87221 0.06649
0.38632 8.79335 0.06673
0.38683 8.80475 0.06818
0.38733 8.82933 0.06693
0.38784 8.84153 0.06826
0.38835 8.82452 0.06930
0.38885 8.75036 0.06759
0.38936 8.82083 0.06905
0.38987 8.71284 0.06664
0.39037 8.85041 0.06897
0.39088 8.81923 0.06903
0.39139 8.78510 0.06988
0.39189 8.71008 0.06800
0.39240 8.68602 0.06988
0.39290 8.82256 0.06926
0.39341 8.83001 0.07108
0.39392 8.76107 0.07415
0.39442 8.64704 0.07380
0.39493 8.59177 0.07177
0.39544 8.84389 0.07163
0.39594 8.73794 0.07273
0.39645 8.93312 0.07329
0.39696 8.70191 0.07248
0.39746 8.70363 0.07276
0.39797 8.71023 0.07226
0.39847 8.61510 0.07358
0.39898 8.85072 0.07526
0.39949 8.75425 0.07662
0.39999 8.68860 0.07547
0.40050 8.54792 0.07639
0.40101 8.58292 0.07560
0.40151 8.61321 0.07696
0.40202 8.66564 0.07848
0.40253 8.70617 0.07498
0.40303 8.66889 0.07772
0.40354 8.54489 0.07831
0.40405 8.65119 0.07562
0.40455 8.71568 0.08177
0.40506 8.54336 0.07665
0.40556 8.81484 0.08084
0.40607 8.59398 0.07837
0.40658 8.57466 0.07795
0.40708 8.55726 0.07958
0.40759 8.47599 0.07686
0.40810 8.63765 0.07911
0.40860 8.46348 0.07783
0.40911 8.49943 0.07812
0.40962 8.48202 0.07862
0.41012 8.49895 0.07939
0.41063 8.46929 0.07874
0.41113 8.57460 0.07601
0.41164 8.56766 0.07969
0.41215 8.52393 0.08007
0.41265 8.52368 0.07989
0.41316 8.61948 0.07903
0.41367 8.50942 0.08225
0.41417 8.56087 0.08034
0.41468 8.51179 0.08213
0.41518 8.60832 0.08247
0.41569 8.53743 0.08125
0.41620 8.45752 0.08164
0.41670 8.38061 0.08116
0.41721 8.44240 0.07897
0.41772 8.29779 0.08141
0.41822 8.48958 0.08508
0.41873 8.44050 0.08576
0.41924 8.53945 0.08311
0.41974 8.46446 0.08452
0.42025 8.54365 0.08607
0.42075 8.63482 0.08865
0.42126 8.39858 0.08461
0.42177 8.60199 0.08534
0.42227 8.36266 0.08305
0.42278 8.46031 0.08367
0.42329 8.40490 0.08891
0.42379 8.40041 0.08796
0.42430 8.50700 0.08778
0.42481 8.50129 0.08789
0.42531 8.50042 0.09125
0.42582 8.63691 0.09480
0.42632 8.57261 0.08841
0.42683 8.41660 0.09287
0.42734 8.27394 0.09141
0.42784 8.41405 0.08885
0.42835 8.32549 0.09515
0.42886 8.43764 0.09010
0.42936 8.42634 0.09669
0.42987 8.37133 0.09904
0.43037 8.18588 0.09429
0.43088 8.62755 0.09416
0.43139 8.36606 0.09455
0.43189 8.31335 0.09638
0.43240 8.44150 0.09761
0.43291 8.25799 0.09460
0.43341 8.29942 0.10016
0.43392 8.35109 0.10265
0.43443 8.41452 0.10512
0.43493 8.39877 0.10031
0.43544 8.32240 0.10245
0.43594 8.40498 0.10048
0.43645 8.18669 0.10473
0.43696 8.54731 0.10669
0.43746 8.48655 0.10047
0.43797 8.31225 0.10879
0.43848 8.19858 0.10479
0.43898 8.06612 0.10355
0.43949 8.32309 0.11261
0.43999 8.28179 0.10829
