0.01140 1587.00767 65.68828
0.01191 1100.21511 53.33549
0.01242 710.47682 53.79938
0.01292 425.11516 39.42861
0.01343 285.89409 26.81310
0.01394 208.29881 19.28150
0.01444 173.23573 15.87111
0.01495 141.63685 13.10916
0.01546 105.74762 8.40693
0.01596 99.38703 8.01732
0.01647 87.30577 6.41974
0.01698 69.83875 4.89821
0.01748 62.85787 3.95195
0.01799 57.96640 3.34069
0.01850 52.21743 2.76007
0.01900 46.81754 2.27337
0.01951 42.67026 1.85234
0.02002 40.10361 1.62824
0.02052 36.22950 1.28599
0.02103 34.79586 1.12662
0.02154 33.22117 0.94116
0.02204 30.98576 0.79298
0.02255 29.73031 0.67295
0.02306 28.83993 0.58228
0.02356 27.37679 0.50769
0.02407 26.73840 0.43274
0.02458 25.87670 0.41550
0.02509 25.00346 0.38903
0.02559 24.36149 0.35170
0.02610 23.94057 0.34181
0.02661 23.08856 0.28367
0.02711 22.30756 0.26540
0.02762 22.12741 0.23647
0.02813 21.66418 0.24208
0.02863 20.79061 0.23282
0.02914 20.53534 0.21655
0.02965 19.64129 0.20829
0.03015 19.79358 0.22066
0.03066 19.29011 0.20321
0.03117 19.45639 0.19048
0.03167 18.87522 0.19096
0.03218 18.49175 0.17971
0.03269 18.55610 0.18952
0.03319 18.37382 0.19171
0.03370 17.70115 0.18267
0.03421 17.70304 0.17912
0.03471 17.84475 0.18852
0.03522 17.28911 0.17179
0.03573 17.14498 0.16767
0.03623 16.80573 0.16210
0.03674 16.63738 0.16242
0.03725 16.92050 0.16651
0.03775 16.44609 0.16006
0.03826 16.43114 0.16266
0.03877 16.58656 0.17293
0.03927 16.19871 0.16347
0.03978 16.20377 0.15994
0.04029 16.22133 0.16185
0.04080 15.93958 0.15125
0.04130 15.85306 0.14848
0.04181 15.71912 0.14663
0.04232 15.54506 0.15431
0.04282 15.58553 0.14008
0.04333 15.44288 0.15253
0.04384 15.60143 0.14258
0.04434 15.32160 0.14637
0.04485 15.40804 0.14631
0.04536 15.27419 0.14541
0.04586 15.15210 0.13226
0.04637 15.30671 0.13626
0.04688 15.00257 0.14676
0.04738 14.83591 0.13167
0.04789 14.91982 0.13304
0.04840 15.10656 0.13541
0.04890 15.02508 0.13811
0.04941 14.82159 0.13263
0.04992 14.82560 0.13268
0.05042 14.80145 0.13216
0.05093 14.70798 0.12375
0.05144 14.57696 0.13137
0.05194 14.73120 0.12582
0.05245 14.70956 0.12308
0.05296 14.75045 0.12768
0.05346 14.50555 0.12244
0.05397 14.32045 0.11932
0.05448 14.62030 0.12721
0.05498 14.39639 0.12414
0.05549 14.43469 0.12390
0.05600 14.36675 0.12477
0.05650 14.28778 0.12013
0.05701 14.31698 0.11746
0.05752 14.36652 0.12539
0.05803 14.21562 0.11731
0.05853 14.19697 0.11447
0.05904 14.10832 0.11778
0.05955 14.08853 0.11863
0.06005 13.97403 0.11522
0.06056 14.10308 0.11984
0.06107 13.93058 0.11879
0.06157 13.86519 0.11750
0.06208 13.76147 0.11086
0.06259 14.00592 0.11173
0.06309 14.09222 0.11011
0.06360 13.80178 0.11227
0.06411 13.75652 0.11179
0.06461 13.73493 0.11062
0.06512 13.96874 0.10886
0.06563 13.75568 0.11140
0.06613 13.90843 0.10783
0.06664 13.63289 0.10754
0.06715 13.65761 0.10623
0.06765 13.77683 0.10529
0.06816 13.73748 0.10663
0.06867 13.68978 0.10457
0.06917 13.84714 0.10781
0.06968 13.66390 0.10645
0.07019 13.66087 0.10681
0.07069 13.74215 0.10581
0.07120 13.57058 0.10933
0.07171 13.61396 0.10670
0.07221 13.60865 0.10452
0.07272 13.71675 0.10604
0.07323 13.33018 0.10112
0.07373 13.51198 0.10535
0.07424 13.49729 0.10400
0.07475 13.38369 0.10250
0.07526 13.53754 0.10082
0.07576 13.45174 0.09827
0.07627 13.50152 0.10181
0.07678 13.51610 0.09850
0.07728 13.50160 0.10080
0.07779 13.49370 0.09723
0.07830 13.55628 0.09612
0.07880 13.35210 0.09590
0.07931 13.34471 0.09848
0.07982 13.46419 0.09490
0.08032 13.22781 0.09730
0.08083 13.42391 0.09615
0.08134 13.43137 0.09515
0.08184 13.34388 0.10069
0.08235 13.39863 0.10414
0.08286 13.30812 0.10135
0.08336 13.40665 0.10074
0.08387 13.36609 0.09974
0.08438 13.24925 0.09984
0.08488 13.19980 0.09949
0.08539 13.21818 0.09880
0.08590 13.18628 0.09669
0.08640 13.16983 0.09765
0.08691 13.23257 0.10097
0.08742 13.28832 0.10262
0.08792 13.28991 0.09838
0.08843 13.14531 0.09952
0.08894 13.05849 0.09566
0.08944 13.25771 0.09681
0.08995 13.15389 0.10115
0.09046 13.30962 0.10123
0.09096 13.14775 0.10260
0.09147 13.05911 0.10368
0.09198 13.14728 0.10640
0.09248 13.16230 0.10170
0.09299 12.87258 0.10251
0.09350 13.02039 0.10464
0.09401 13.05912 0.10177
0.09451 13.06334 0.10373
0.09502 12.97146 0.09768
0.09553 13.19034 0.09793
0.09603 13.21918 0.10297
0.09654 13.08935 0.10382
0.09705 13.21571 0.09956
0.09755 13.02330 0.09798
0.09806 13.12893 0.09803
0.09857 13.21004 0.10016
0.09907 12.98530 0.10486
0.09958 13.04793 0.09447
0.10009 12.99825 0.10084
0.10059 13.08269 0.09973
0.10110 12.77412 0.09635
0.10161 13.05893 0.09440
0.10211 13.01653 0.09514
0.10262 12.98435 0.09301
0.10313 12.83421 0.09722
0.10363 13.04673 0.09931
0.10414 13.00252 0.09620
0.10465 13.12759 0.09940
0.10515 12.95825 0.09947
0.10566 13.05863 0.09772
0.10617 12.93335 0.09179
0.10667 12.75685 0.09462
0.10718 13.08571 0.09336
0.10769 12.85611 0.09406
0.10819 13.07090 0.09200
0.10870 13.10640 0.09389
0.10921 12.77529 0.08972
0.10971 12.86435 0.09118
0.11022 12.88146 0.09421
0.11073 12.85226 0.08984
0.11123 12.92023 0.08714
0.11174 12.89291 0.08794
0.11225 12.90048 0.08910
0.11275 12.82170 0.08828
0.11326 12.81723 0.08975
0.11377 12.87576 0.08787
0.11428 12.84286 0.08581
0.11478 13.03151 0.08905
0.11529 13.07253 0.08862
0.11580 12.83381 0.09091
0.11630 12.91512 0.08610
0.11681 12.98544 0.08632
0.11732 12.86029 0.08398
0.11782 12.90201 0.08710
0.11833 12.80729 0.08389
0.11884 12.95493 0.08736
0.11934 12.83779 0.08588
0.11985 13.03768 0.08693
0.12036 13.01007 0.08537
0.12086 12.81828 0.08186
0.12137 12.79091 0.08286
0.12188 12.99186 0.08345
0.12238 12.88898 0.08230
0.12289 12.79421 0.08179
0.12340 12.85566 0.08385
0.12390 12.92352 0.08324
0.12441 12.86043 0.08341
0.12492 12.75060 0.08276
0.12542 12.92603 0.08154
0.12593 12.70838 0.07989
0.12644 12.79346 0.08326
0.12694 12.84298 0.08041
0.12745 12.84151 0.07906
0.12796 12.79676 0.08185
0.12846 12.76636 0.08088
0.12897 12.87637 0.07817
0.12948 12.81193 0.08021
0.12998 12.71117 0.07695
0.13049 12.74086 0.07793
0.13100 12.73113 0.08068
0.13150 12.62763 0.07796
0.13201 12.81780 0.07719
0.13252 12.56443 0.07592
0.13302 12.62062 0.07842
0.13353 12.69782 0.07557
0.13404 12.83361 0.07641
0.13454 12.68865 0.07753
0.13505 12.79366 0.07857
0.13556 12.71116 0.07524
0.13606 12.52144 0.07507
0.13657 12.71621 0.07781
0.13708 12.54033 0.07476
0.13758 12.71289 0.07605
0.13809 12.69681 0.07590
0.13860 12.71875 0.07213
0.13911 12.50672 0.07253
0.13961 12.40929 0.07609
0.14012 12.49347 0.07169
0.14063 12.51559 0.07409
0.14113 12.66715 0.07324
0.14164 12.54789 0.07296
0.14215 12.50783 0.07414
0.14265 12.48511 0.07212
0.14316 12.41423 0.07237
0.14367 12.53043 0.07454
0.14417 12.52844 0.07472
0.14468 12.39465 0.07283
0.14519 12.50250 0.07145
0.14569 12.50923 0.07245
0.14620 12.33251 0.07170
0.14671 12.40807 0.07320
0.14721 12.33510 0.07276
0.14772 12.43922 0.07240
0.14823 12.41535 0.07195
0.14873 12.42914 0.07133
0.14924 12.16057 0.07079
0.14975 12.35525 0.06990
0.15025 12.30738 0.06993
0.15076 12.41956 0.07153
0.15127 12.20463 0.06971
0.15177 12.30009 0.06928
0.15228 12.27930 0.07043
0.15279 12.24170 0.06962
0.15329 12.27052 0.07165
0.15380 12.14757 0.06993
0.15431 12.16493 0.06922
0.15481 12.28057 0.06921
0.15532 12.12096 0.06988
0.15583 11.98376 0.06768
0.15633 12.15073 0.06801
0.15684 12.12151 0.06822
0.15735 12.04232 0.06956
0.15785 11.99334 0.06877
0.15836 12.04027 0.06682
0.15887 12.02997 0.06672
0.15937 12.09821 0.06668
0.15988 12.13842 0.06771
0.16039 12.00435 0.06712
0.16089 11.93185 0.06701
0.16140 12.10397 0.06613
0.16191 12.02690 0.06602
0.16241 11.99877 0.06601
0.16292 12.01763 0.06541
0.16343 11.90824 0.06584
0.16393 11.85040 0.06436
0.16444 11.95217 0.06723
0.16495 11.92825 0.06630
0.16545 11.88961 0.06617
0.16596 11.82335 0.06564
0.16647 11.82187 0.06421
0.16697 11.73670 0.06543
0.16748 11.81532 0.06411
0.16799 11.83741 0.06487
0.16849 11.87896 0.06672
0.16900 11.78630 0.06592
0.16951 11.83046 0.06446
0.17001 11.74362 0.06520
0.17052 11.66966 0.06640
0.17103 11.74911 0.06457
0.17153 11.69463 0.06607
0.17204 11.80560 0.06600
0.17255 11.87734 0.06574
0.17305 11.67215 0.06625
0.17356 11.77034 0.06661
0.17407 11.77357 0.06750
0.17457 11.64427 0.06691
0.17508 11.72608 0.06671
0.17559 11.76645 0.06725
0.17610 11.75610 0.06769
0.17660 11.73911 0.06649
0.17711 11.73559 0.06574
0.17762 11.75289 0.06620
0.17812 11.61186 0.06669
0.17863 11.68732 0.06654
0.17914 11.65112 0.06581
0.17964 11.49981 0.06731
0.18015 11.68703 0.06752
0.18066 11.62304 0.06872
0.18116 11.54568 0.06917
0.18167 11.57278 0.06812
0.18218 11.65820 0.06830
0.18268 11.65381 0.07116
0.18319 11.68848 0.06834
0.18370 11.63926 0.06871
0.18420 11.62872 0.07027
0.18471 11.69460 0.07087
0.18522 11.57892 0.06838
0.18572 11.56593 0.07029
0.18623 11.54072 0.06774
0.18674 11.57307 0.06966
0.18724 11.44575 0.06772
0.18775 11.57926 0.07027
0.18826 11.50784 0.07084
0.18876 11.59699 0.07103
0.18927 11.50039 0.07024
0.18978 11.62369 0.07011
0.19028 11.44023 0.07068
0.19079 11.57205 0.07023
0.19130 11.49218 0.07055
0.19180 11.40696 0.07026
0.19231 11.39691 0.07058
0.19282 11.40144 0.07061
0.19332 11.56892 0.07386
0.19383 11.43024 0.07177
0.19434 11.53142 0.07092
0.19484 11.48001 0.07039
0.19535 11.55857 0.07191
0.19586 11.35427 0.07223
0.19636 11.32049 0.07110
0.19687 11.35315 0.07132
0.19738 11.46133 0.07160
0.19788 11.40111 0.06925
0.19839 11.40891 0.07126
0.19890 11.26482 0.07127
0.19940 11.34053 0.07127
0.19991 11.25142 0.07093
0.20042 11.35073 0.07248
0.20092 11.30662 0.07105
0.20143 11.39540 0.07343
0.20194 11.23961 0.07316
0.20244 11.32674 0.07094
0.20295 11.23924 0.07109
0.20346 11.45149 0.07218
0.20396 11.33580 0.07366
0.20447 11.21008 0.07355
0.20498 11.22312 0.07233
0.20548 11.23697 0.07241
0.20599 11.37671 0.07030
0.20650 11.33851 0.07153
0.20700 11.23178 0.07150
0.20751 11.43205 0.07064
0.20802 11.15704 0.06990
0.20852 11.24503 0.07043
0.20903 11.16039 0.07089
0.20954 11.22200 0.07242
0.21004 11.28408 0.07049
0.21055 11.30477 0.07247
0.21106 11.19726 0.07265
0.21156 11.08220 0.07205
0.21207 11.21585 0.07137
0.21258 11.05907 0.07065
0.21308 11.14173 0.07131
0.21359 11.14292 0.07346
0.21410 11.17301 0.07123
0.21460 11.28249 0.07059
0.21511 11.18376 0.07052
0.21562 11.11998 0.07093
0.21612 11.06949 0.07233
0.21663 11.10206 0.06814
0.21714 11.12536 0.07321
0.21764 11.11813 0.06972
0.21815 11.06362 0.07053
0.21866 10.95169 0.07045
0.21916 11.03212 0.07244
0.21967 10.93491 0.07152
0.22018 10.93297 0.07018
0.22068 11.08429 0.07250
0.22119 11.07812 0.06891
0.22170 11.10166 0.07010
0.22220 11.00859 0.06990
0.22271 10.99581 0.06849
0.22322 10.98552 0.07175
0.22372 11.09440 0.07064
0.22423 10.87277 0.06884
0.22474 11.00680 0.06872
0.22524 10.93731 0.06971
0.22575 11.07065 0.06800
0.22626 10.89342 0.06825
0.22676 10.85494 0.06888
0.22727 11.02338 0.07059
0.22778 10.89924 0.06819
0.22828 10.87425 0.06850
0.22879 11.02579 0.06747
0.22930 10.88145 0.06635
0.22980 10.91052 0.06699
0.23031 11.01560 0.06851
0.23082 10.88939 0.06692
0.23132 10.92977 0.06672
0.23183 10.84233 0.06617
0.23234 10.88283 0.06662
0.23284 10.76770 0.06492
0.23335 10.85238 0.06489
0.23386 10.76829 0.06420
0.23436 10.79389 0.06621
0.23487 10.77977 0.06391
0.23538 10.80523 0.06633
0.23588 10.85162 0.06502
0.23639 10.84881 0.06341
0.23690 10.68891 0.06417
0.23740 10.86134 0.06501
0.23791 10.90761 0.06381
0.23842 10.76381 0.06315
0.23892 10.76392 0.06379
0.23943 10.68034 0.06419
0.23994 10.78161 0.06353
0.24044 10.77006 0.06409
0.24095 10.66990 0.06511
0.24145 10.68784 0.06346
0.24196 10.79028 0.06288
0.24247 10.75324 0.06408
0.24297 10.69803 0.06380
0.24348 10.67632 0.06129
0.24399 10.67543 0.06444
0.24449 10.69794 0.06230
0.24500 10.73585 0.06135
0.24551 10.75504 0.06234
0.24601 10.67208 0.06237
0.24652 10.69421 0.06218
0.24703 10.62175 0.06197
0.24753 10.53327 0.06215
0.24804 10.70439 0.06180
0.24855 10.64127 0.06109
0.24905 10.66441 0.06085
0.24956 10.56100 0.06215
0.25007 10.64802 0.06037
0.25057 10.66025 0.06076
0.25108 10.60445 0.06051
0.25159 10.52041 0.06137
0.25209 10.70541 0.06090
0.25260 10.67080 0.06167
0.25311 10.68045 0.06126
0.25361 10.67793 0.06121
0.25412 10.62227 0.05991
0.25463 10.61529 0.05921
0.25513 10.54107 0.05911
0.25564 10.63880 0.05966
0.25615 10.72023 0.05981
0.25665 10.58721 0.05922
0.25716 10.57504 0.05988
0.25767 10.58568 0.05856
0.25817 10.54563 0.05839
0.25868 10.67988 0.05987
0.25919 10.49995 0.05721
0.25969 10.51370 0.05699
0.26020 10.54002 0.05802
0.26071 10.55407 0.05814
0.26121 10.55013 0.05708
0.26172 10.43708 0.05860
0.26223 10.57815 0.05686
0.26273 10.51988 0.05856
0.26324 10.51804 0.05843
0.26375 10.53820 0.05643
0.26425 10.34912 0.05734
0.26476 10.53093 0.05760
0.26527 10.35961 0.05701
0.26577 10.47987 0.05593
0.26628 10.36659 0.05575
0.26679 10.48498 0.05619
0.26729 10.44218 0.05688
0.26780 10.41075 0.05819
0.26831 10.42637 0.05647
0.26881 10.39818 0.05639
0.26932 10.47346 0.05590
0.26983 10.43853 0.05699
0.27033 10.42431 0.05727
0.27084 10.43383 0.05548
0.27134 10.38613 0.05706
0.27185 10.34591 0.05669
0.27236 10.33543 0.05418
0.27286 10.30968 0.05504
0.27337 10.35490 0.05532
0.27388 10.36455 0.05640
0.27438 10.28965 0.05552
0.27489 10.39055 0.05596
0.27540 10.26797 0.05618
0.27590 10.32237 0.05619
0.27641 10.37686 0.05632
0.27692 10.36430 0.05612
0.27742 10.24197 0.05575
0.27793 10.38569 0.05534
0.27844 10.24503 0.05496
0.27894 10.25261 0.05587
0.27945 10.27218 0.05438
0.27996 10.24910 0.05337
0.28046 10.25664 0.05547
0.28097 10.26468 0.05485
0.28148 10.22407 0.05518
0.28198 10.19215 0.05334
0.28249 10.22638 0.05449
0.28300 10.18596 0.05378
0.28350 10.23028 0.05318
0.28401 10.21478 0.05417
0.28452 10.25093 0.05269
0.28502 10.24272 0.05359
0.28553 10.22715 0.05276
0.28604 10.34709 0.05419
0.28654 10.28763 0.05476
0.28705 10.14446 0.05364
0.28756 10.11633 0.05500
0.28806 10.23263 0.05376
0.28857 10.11025 0.05439
0.28908 10.21909 0.05398
0.28958 10.12691 0.05316
0.29009 10.10078 0.05470
0.29059 10.09678 0.05500
0.29110 10.18550 0.05565
0.29161 10.10510 0.05413
0.29211 10.14636 0.05494
0.29262 10.06966 0.05457
0.29313 10.09653 0.05351
0.29363 10.16665 0.05437
0.29414 10.06137 0.05419
0.29465 10.10473 0.05402
0.29515 10.00346 0.05349
0.29566 10.13934 0.05558
0.29617 10.15485 0.05438
0.29667 10.09368 0.05402
0.29718 10.04600 0.05446
0.29769 9.90383 0.05399
0.29819 10.00790 0.05457
0.29870 9.94867 0.05398
0.29921 10.04288 0.05376
0.29971 9.90382 0.05333
0.30022 9.93771 0.05463
0.30073 10.07762 0.05364
0.30123 10.05815 0.05452
0.30174 9.95793 0.05272
0.30225 9.90455 0.05296
0.30275 9.98997 0.05263
0.30326 9.98876 0.05320
0.30377 10.00234 0.05398
0.30427 9.92119 0.05320
0.30478 9.88304 0.05269
0.30529 9.92843 0.05303
0.30579 9.88143 0.05201
0.30630 9.98897 0.05360
0.30680 9.91313 0.05205
0.30731 9.93756 0.05325
0.30782 9.81560 0.05211
0.30832 9.92695 0.05282
0.30883 9.94425 0.05289
0.30934 9.85078 0.05223
0.30984 9.94316 0.05342
0.31035 9.88050 0.05309
0.31086 9.91609 0.05458
0.31136 9.77517 0.05487
0.31187 9.85740 0.05608
0.31238 9.91500 0.05613
0.31288 9.90830 0.05592
0.31339 9.83586 0.05500
0.31390 9.89072 0.05535
0.31440 9.84678 0.05522
0.31491 9.83638 0.05679
0.31542 9.80250 0.05589
0.31592 9.88954 0.05718
0.31643 9.86632 0.05664
0.31694 9.92187 0.05732
0.31744 9.94056 0.05781
0.31795 9.84820 0.05578
0.31845 9.77887 0.05707
0.31896 9.77093 0.05906
0.31947 9.79900 0.05807
0.31997 9.74031 0.05722
0.32048 9.78269 0.05732
0.32099 9.84275 0.05776
0.32149 9.75860 0.05763
0.32200 9.79687 0.05610
0.32251 9.78176 0.05741
0.32301 9.82226 0.05835
0.32352 9.83173 0.05680
0.32403 9.78259 0.05876
0.32453 9.85736 0.05806
0.32504 9.82247 0.05671
0.32555 9.73538 0.05737
0.32605 9.68764 0.05757
0.32656 9.68936 0.05556
0.32707 9.77502 0.05814
0.32757 9.87005 0.05727
0.32808 9.88366 0.05696
0.32859 9.80286 0.05706
0.32909 9.74870 0.05778
0.32960 9.77819 0.05945
0.33010 9.75772 0.05948
0.33061 9.71934 0.05662
0.33112 9.83399 0.05754
0.33162 9.72558 0.05758
0.33213 9.74616 0.05852
0.33264 9.76835 0.05864
0.33314 9.67752 0.05851
0.33365 9.77058 0.05754
0.33416 9.81007 0.05899
0.33466 9.53220 0.05734
0.33517 9.73414 0.06005
0.33568 9.78422 0.05923
0.33618 9.72114 0.05922
0.33669 9.62471 0.05860
0.33720 9.71340 0.05831
0.33770 9.67617 0.05758
0.33821 9.70823 0.05945
0.33872 9.69062 0.05867
0.33922 9.80402 0.05975
0.33973 9.76022 0.05814
0.34023 9.80173 0.05979
0.34074 9.81611 0.05961
0.34125 9.70361 0.05829
0.34175 9.68934 0.05947
0.34226 9.70319 0.05830
0.34277 9.78898 0.06052
0.34327 9.62238 0.05699
0.34378 9.72397 0.06144
0.34429 9.61713 0.05961
0.34479 9.57879 0.05820
0.34530 9.57893 0.05903
0.34581 9.65817 0.05907
0.34631 9.67531 0.05828
0.34682 9.66066 0.05814
0.34733 9.63102 0.05959
0.34783 9.59456 0.06035
0.34834 9.58493 0.06034
0.34884 9.86041 0.06019
0.34935 9.53876 0.05941
0.34986 9.63237 0.05955
0.35036 9.71828 0.06071
0.35087 9.54488 0.06022
0.35138 9.58636 0.06006
0.35188 9.57494 0.05965
0.35239 9.66702 0.06112
0.35290 9.55584 0.05775
0.35340 9.65682 0.05821
0.35391 9.69957 0.05693
0.35442 9.63468 0.05673
0.35492 9.54128 0.05703
0.35543 9.54632 0.05576
0.35594 9.51830 0.05769
0.35644 9.50811 0.05728
0.35695 9.54464 0.05735
0.35745 9.60138 0.05682
0.35796 9.60781 0.05688
0.35847 9.54623 0.05879
0.35897 9.52858 0.05822
0.35948 9.54932 0.05684
0.35999 9.54734 0.05760
0.36049 9.47796 0.05695
0.36100 9.55376 0.05855
0.36151 9.53259 0.05774
0.36201 9.60605 0.05810
0.36252 9.49078 0.05715
0.36303 9.55865 0.05800
0.36353 9.54918 0.05705
0.36404 9.53673 0.05886
0.36455 9.58684 0.05813
0.36505 9.42809 0.05831
0.36556 9.38287 0.05768
0.36606 9.39785 0.05715
0.36657 9.58869 0.05890
0.36708 9.52800 0.05920
0.36758 9.40341 0.05911
0.36809 9.45173 0.06104
0.36860 9.34435 0.06058
0.36910 9.32513 0.06181
0.36961 9.26171 0.06047
0.37012 9.41284 0.06150
0.37062 9.37570 0.06319
0.37113 9.44262 0.06216
0.37164 9.44730 0.06148
0.37214 9.46242 0.06230
0.37265 9.46786 0.06221
0.37315 9.41158 0.06214
0.37366 9.52931 0.06147
0.37417 9.37267 0.06357
0.37467 9.46703 0.06235
0.37518 9.40287 0.06122
0.37569 9.44349 0.06433
0.37619 9.37246 0.06410
0.37670 9.38519 0.06391
0.37721 9.44943 0.06391
0.37771 9.47720 0.06425
0.37822 9.29326 0.06527
0.37873 9.42857 0.06472
0.37923 9.35979 0.06592
0.37974 9.52408 0.06567
0.38024 9.48443 0.06444
0.38075 9.36516 0.06639
0.38126 9.34333 0.06510
0.38176 9.36792 0.06551
0.38227 9.34257 0.06601
0.38278 9.29742 0.06680
0.38328 9.41634 0.06788
0.38379 9.22560 0.06477
0.38430 9.46289 0.06818
0.38480 9.45068 0.06883
0.38531 9.40773 0.06756
0.38582 9.45758 0.06853
0.38632 9.44367 0.07088
0.38683 9.20182 0.06778
0.38733 9.30851 0.06836
0.38784 9.21755 0.06872
0.38835 9.27993 0.06701
0.38885 9.26216 0.06822
0.38936 9.38069 0.07037
0.38987 9.47808 0.07111
0.39037 9.34435 0.07263
0.39088 9.15768 0.07163
0.39139 9.30296 0.07033
0.39189 9.30731 0.07143
0.39240 9.43768 0.07465
0.39290 9.25710 0.07645
0.39341 9.27824 0.07356
0.39392 9.33513 0.08862
0.39442 9.24426 0.07349
0.39493 9.43496 0.07425
0.39544 9.39055 0.07480
0.39594 9.38382 0.07284
0.39645 9.37111 0.07510
0.39696 9.34894 0.07376
0.39746 9.26744 0.07362
0.39797 9.26052 0.07767
0.39847 9.16848 0.07410
0.39898 9.21850 0.07790
0.39949 9.20313 0.07595
0.39999 9.16093 0.07727
0.40050 9.25886 0.07817
0.40101 9.17797 0.07867
0.40151 9.28385 0.07480
0.40202 9.26694 0.08223
0.40253 9.28191 0.07974
0.40303 9.25784 0.08184
0.40354 9.16342 0.07957
0.40405 9.22667 0.07920
0.40455 9.11098 0.07965
0.40506 9.23513 0.08007
0.40556 9.22773 0.08038
0.40607 9.17926 0.08394
0.40658 9.22332 0.07953
0.40708 9.13440 0.08317
0.40759 9.22411 0.08123
0.40810 9.05560 0.07946
0.40860 9.27035 0.08184
0.40911 9.17270 0.08120
0.40962 9.16903 0.08240
0.41012 9.17301 0.08215
0.41063 9.09339 0.08329
0.41113 8.99471 0.08120
0.41164 9.15208 0.08144
0.41215 9.17991 0.08398
0.41265 9.25572 0.08490
0.41316 9.16429 0.08097
0.41367 9.21319 0.08482
0.41417 9.09374 0.08502
0.41468 9.18268 0.08372
0.41518 9.12660 0.08206
0.41569 9.13757 0.08408
0.41620 9.13056 0.08505
0.41670 9.03880 0.08435
0.41721 9.12296 0.08523
0.41772 9.09209 0.08603
0.41822 9.16679 0.08721
0.41873 9.04938 0.08558
0.41924 9.17307 0.08661
0.41974 9.01283 0.08737
0.42025 9.18821 0.08893
0.42075 8.99147 0.08391
0.42126 9.06501 0.08920
0.42177 9.11298 0.08735
0.42227 9.06007 0.08814
0.42278 8.98255 0.08500
0.42329 9.02530 0.09150
0.42379 9.25964 0.09382
0.42430 9.15966 0.09115
0.42481 8.97066 0.09134
0.42531 9.13008 0.09517
0.42582 9.01723 0.09090
0.42632 9.01707 0.09049
0.42683 9.10755 0.09352
0.42734 9.11622 0.09557
0.42784 9.00529 0.09490
0.42835 9.04387 0.09900
0.42886 8.81776 0.09148
0.42936 8.95438 0.09439
0.42987 8.99839 0.09588
0.43037 9.19421 0.09965
0.43088 9.00119 0.09940
0.43139 9.10737 0.09802
0.43189 8.98488 0.10258
0.43240 9.02129 0.10110
0.43291 8.86895 0.10292
0.43341 8.98993 0.10044
0.43392 9.17630 0.10841
0.43443 9.12420 0.10473
0.43493 8.92645 0.10602
0.43544 8.88194 0.10452
0.43594 8.96496 0.10723
0.43645 9.05249 0.10991
0.43696 8.99457 0.10736
0.43746 9.10039 0.11258
0.43797 8.82093 0.10973
0.43848 8.92069 0.11151
0.43898 9.13190 0.10854
0.43949 8.97302 0.11185
0.43999 8.90754 0.11013
