0.01140 1523.70434 63.27495
0.01191 1048.00554 50.08939
0.01242 688.98578 51.85984
0.01292 411.77758 38.20937
0.01343 271.68811 26.61845
0.01394 199.83929 19.00194
0.01444 163.88409 15.56491
0.01495 133.97012 12.98334
0.01546 101.62758 8.40147
0.01596 93.62115 7.71463
0.01647 82.06791 6.26208
0.01698 67.09570 4.67682
0.01748 61.62159 4.02921
0.01799 55.57704 3.40670
0.01850 51.53761 2.67802
0.01900 44.39967 2.07510
0.01951 41.33692 1.88874
0.02002 39.50491 1.66119
0.02052 37.08124 1.33125
0.02103 35.71320 1.16478
0.02154 33.22485 0.89652
0.02204 32.47662 0.86012
0.02255 29.70227 0.64664
0.02306 29.65634 0.59508
0.02356 29.06814 0.55983
0.02407 27.79939 0.47871
0.02458 26.93867 0.40947
0.02509 26.04348 0.38741
0.02559 25.38631 0.33372
0.02610 25.22781 0.33193
0.02661 24.39513 0.29381
0.02711 23.78532 0.27691
0.02762 23.01710 0.26822
0.02813 22.58657 0.22941
0.02863 21.94818 0.23575
0.02914 21.47945 0.21685
0.02965 21.49626 0.21964
0.03015 21.10534 0.20313
0.03066 20.44350 0.20179
0.03117 20.45643 0.20333
0.03167 20.06555 0.20513
0.03218 20.27226 0.20010
0.03269 19.73285 0.19396
0.03319 19.56333 0.19159
0.03370 19.57950 0.18994
0.03421 19.21060 0.18953
0.03471 18.79034 0.17875
0.03522 18.88558 0.17824
0.03573 18.60812 0.18489
0.03623 18.67690 0.17249
0.03674 18.23399 0.16249
0.03725 18.02274 0.16517
0.03775 17.95882 0.17358
0.03826 18.12910 0.16722
0.03877 17.99624 0.17167
0.03927 17.77276 0.16902
0.03978 17.83390 0.16253
0.04029 17.57766 0.15896
0.04080 17.46041 0.16173
0.04130 17.20591 0.16005
0.04181 17.36387 0.15471
0.04232 17.26805 0.15037
0.04282 17.16421 0.15548
0.04333 17.05095 0.15459
0.04384 17.12188 0.16120
0.04434 16.84796 0.14940
0.04485 16.76979 0.14960
0.04536 16.75579 0.15103
0.04586 16.76104 0.14464
0.04637 16.89649 0.14849
0.04688 16.60739 0.14558
0.04738 16.50660 0.15180
0.04789 16.41672 0.15621
0.04840 16.42722 0.15042
0.04890 16.12243 0.14186
0.04941 16.75158 0.13917
0.04992 16.27140 0.13354
0.05042 16.21256 0.13649
0.05093 16.32471 0.13686
0.05144 15.96743 0.14043
0.05194 16.17465 0.13152
0.05245 16.29721 0.13226
0.05296 16.11133 0.12964
0.05346 16.04923 0.12871
0.05397 16.04305 0.12703
0.05448 15.67918 0.12772
0.05498 15.93791 0.12252
0.05549 16.14128 0.13532
0.05600 15.87665 0.13079
0.05650 15.98489 0.12719
0.05701 15.87843 0.12465
0.05752 15.66762 0.12882
0.05803 15.76567 0.12162
0.05853 15.63741 0.12360
0.05904 15.47899 0.12452
0.05955 15.63557 0.12431
0.06005 15.77986 0.12507
0.06056 15.57433 0.12266
0.06107 15.55703 0.12257
0.06157 15.69321 0.12256
0.06208 15.36461 0.11626
0.06259 15.69600 0.12327
0.06309 15.35883 0.11761
0.06360 15.53394 0.11836
0.06411 15.14213 0.11556
0.06461 15.27159 0.11265
0.06512 15.18109 0.11896
0.06563 15.28348 0.11487
0.06613 15.45789 0.11420
0.06664 15.13593 0.11236
0.06715 15.38791 0.11194
0.06765 15.22763 0.11638
0.06816 15.22080 0.11446
0.06867 15.28715 0.11174
0.06917 14.98655 0.11753
0.06968 15.28762 0.11521
0.07019 15.32198 0.11226
0.07069 15.12645 0.10838
0.07120 15.09297 0.11206
0.07171 14.93101 0.11336
0.07221 14.89627 0.10604
0.07272 15.05013 0.10640
0.07323 14.90954 0.11192
0.07373 15.09928 0.11233
0.07424 15.01436 0.10718
0.07475 14.97098 0.10625
0.07526 14.89526 0.10807
0.07576 15.12836 0.10466
0.07627 14.90899 0.10834
0.07678 14.93756 0.10775
0.07728 15.06873 0.10456
0.07779 15.03910 0.10484
0.07830 14.85106 0.10325
0.07880 14.98804 0.10519
0.07931 14.86615 0.10167
0.07982 14.90947 0.10340
0.08032 15.09401 0.10147
0.08083 14.85943 0.10012
0.08134 14.69896 0.10605
0.08184 14.82071 0.10500
0.08235 15.04132 0.10640
0.08286 14.88258 0.10495
0.08336 14.68304 0.10560
0.08387 14.84542 0.10247
0.08438 14.78755 0.10679
0.08488 14.62423 0.10542
0.08539 14.77281 0.10652
0.08590 14.55170 0.10330
0.08640 14.79770 0.10456
0.08691 14.67044 0.10439
0.08742 14.61329 0.10438
0.08792 14.64735 0.10589
0.08843 14.49025 0.11007
0.08894 14.57545 0.10685
0.08944 14.19498 0.10113
0.08995 14.42771 0.10626
0.09046 14.58040 0.10304
0.09096 14.59559 0.11231
0.09147 14.55274 0.10972
0.09198 14.67392 0.10679
0.09248 14.44750 0.10850
0.09299 14.53842 0.10871
0.09350 14.52300 0.10719
0.09401 14.45356 0.11009
0.09451 14.64815 0.10579
0.09502 14.52555 0.10528
0.09553 14.67710 0.10869
0.09603 14.36727 0.11006
0.09654 14.52543 0.10798
0.09705 14.44622 0.10520
0.09755 14.43863 0.10379
0.09806 14.39970 0.10918
0.09857 14.45628 0.10423
0.09907 14.21462 0.10080
0.09958 14.27506 0.10443
0.10009 14.44292 0.10479
0.10059 14.34674 0.10820
0.10110 14.44021 0.10097
0.10161 14.32799 0.10085
0.10211 14.37438 0.09686
0.10262 14.28097 0.10157
0.10313 14.34593 0.09969
0.10363 14.30668 0.10449
0.10414 14.39457 0.10199
0.10465 14.38110 0.10337
0.10515 14.25888 0.10200
0.10566 14.17777 0.10356
0.10617 14.20735 0.10139
0.10667 14.40258 0.10182
0.10718 14.25014 0.09762
0.10769 14.35276 0.09795
0.10819 14.23084 0.09677
0.10870 14.36296 0.10134
0.10921 14.18310 0.09560
0.10971 14.28997 0.09769
0.11022 14.19549 0.09466
0.11073 14.26425 0.09840
0.11123 14.12814 0.09504
0.11174 14.03419 0.09176
0.11225 14.20743 0.09472
0.11275 14.11773 0.09161
0.11326 14.21756 0.09435
0.11377 14.39428 0.09441
0.11428 14.12958 0.09223
0.11478 13.97578 0.09167
0.11529 14.31739 0.09553
0.11580 14.10704 0.09176
0.11630 14.18145 0.09172
0.11681 14.38167 0.08968
0.11732 14.21763 0.09133
0.11782 14.11826 0.08705
0.11833 14.00533 0.08978
0.11884 14.14459 0.08689
0.11934 14.08509 0.08923
0.11985 13.99895 0.08888
0.12036 14.03775 0.08622
0.12086 13.97816 0.08649
0.12137 14.01292 0.08647
0.12188 14.06198 0.08743
0.12238 13.89173 0.08799
0.12289 13.84720 0.08754
0.12340 13.98973 0.08435
0.12390 13.87697 0.08559
0.12441 14.13736 0.08606
0.12492 13.99108 0.08698
0.12542 14.18383 0.08709
0.12593 13.93216 0.08367
0.12644 14.01747 0.08434
0.12694 14.09133 0.08404
0.12745 14.02966 0.08129
0.12796 14.21527 0.08350
0.12846 13.89957 0.08280
0.12897 13.87958 0.08247
0.12948 13.80868 0.08187
0.12998 13.87719 0.08257
0.13049 13.94932 0.08287
0.13100 14.02447 0.08149
0.13150 14.02302 0.08110
0.13201 13.81703 0.08021
0.13252 13.83360 0.08208
0.13302 13.97116 0.08035
0.13353 13.81816 0.08095
0.13404 13.97240 0.08004
0.13454 13.82577 0.07884
0.13505 13.86058 0.08268
0.13556 13.85696 0.07955
0.13606 13.82173 0.07838
0.13657 13.92846 0.07800
0.13708 13.85597 0.07791
0.13758 13.85261 0.07708
0.13809 13.81272 0.07795
0.13860 13.89874 0.07967
0.13911 13.83676 0.07608
0.13961 13.74528 0.07599
0.14012 13.59190 0.07602
0.14063 13.79906 0.07796
0.14113 13.88351 0.07678
0.14164 13.64515 0.07615
0.14215 13.61444 0.07728
0.14265 13.66037 0.07732
0.14316 13.75952 0.07611
0.14367 13.64765 0.07767
0.14417 13.50722 0.07470
0.14468 13.80018 0.07653
0.14519 13.78853 0.07788
0.14569 13.64651 0.07496
0.14620 13.76609 0.07467
0.14671 13.71986 0.07622
0.14721 13.71263 0.07522
0.14772 13.72387 0.07591
0.14823 13.59091 0.07306
0.14873 13.67313 0.07445
0.14924 13.52732 0.07536
0.14975 13.57591 0.07354
0.15025 13.51327 0.07464
0.15076 13.71824 0.07211
0.15127 13.60571 0.07516
0.15177 13.52209 0.07435
0.15228 13.59876 0.07452
0.15279 13.40633 0.07311
0.15329 13.30237 0.07253
0.15380 13.51061 0.07283
0.15431 13.53899 0.07347
0.15481 13.52548 0.07338
0.15532 13.53582 0.07274
0.15583 13.43342 0.07176
0.15633 13.46342 0.07420
0.15684 13.37818 0.07176
0.15735 13.45045 0.07140
0.15785 13.53640 0.07208
0.15836 13.36833 0.07057
0.15887 13.44893 0.07203
0.15937 13.43080 0.07055
0.15988 13.28268 0.07166
0.16039 13.34908 0.07066
0.16089 13.32596 0.06994
0.16140 13.45295 0.07116
0.16191 13.38015 0.07033
0.16241 13.32508 0.07014
0.16292 13.38687 0.07112
0.16343 13.46806 0.07216
0.16393 13.37056 0.07108
0.16444 13.24353 0.06979
0.16495 13.21211 0.07050
0.16545 13.29727 0.07109
0.16596 13.38665 0.06983
0.16647 13.22521 0.06851
0.16697 13.20119 0.06869
0.16748 13.25394 0.06887
0.16799 13.09906 0.06894
0.16849 13.08526 0.06756
0.16900 13.27692 0.06963
0.16951 13.14843 0.06675
0.17001 13.19107 0.06846
0.17052 13.26175 0.06860
0.17103 13.26117 0.06862
0.17153 13.22747 0.07167
0.17204 13.26825 0.07017
0.17255 13.10997 0.07036
0.17305 13.17277 0.07118
0.17356 13.08179 0.07149
0.17407 13.14088 0.06883
0.17457 13.12060 0.07160
0.17508 13.05887 0.07148
0.17559 13.09948 0.07087
0.17610 13.00884 0.06894
0.17660 13.09922 0.07111
0.17711 13.04912 0.06993
0.17762 13.06237 0.07018
0.17812 12.94162 0.06957
0.17863 13.05323 0.07099
0.17914 13.07298 0.07037
0.17964 12.93794 0.06878
0.18015 13.06642 0.07059
0.18066 13.07732 0.07299
0.18116 13.06048 0.07293
0.18167 13.14738 0.07341
0.18218 12.95722 0.07098
0.18268 12.88434 0.07251
0.18319 12.97737 0.07206
0.18370 12.93052 0.07274
0.18420 13.20716 0.07478
0.18471 13.07940 0.07205
0.18522 12.94230 0.07277
0.18572 12.86230 0.07417
0.18623 12.85056 0.07301
0.18674 13.07831 0.07469
0.18724 12.94155 0.07269
0.18775 13.01052 0.07581
0.18826 12.91280 0.07291
0.18876 13.08520 0.07419
0.18927 13.01767 0.07328
0.18978 12.98796 0.07419
0.19028 12.93361 0.07367
0.19079 12.86643 0.07468
0.19130 12.87254 0.07113
0.19180 12.83047 0.07513
0.19231 12.88439 0.07428
0.19282 12.89858 0.07451
0.19332 12.97471 0.07692
0.19383 13.01943 0.07739
0.19434 12.81065 0.07593
0.19484 12.89462 0.07298
0.19535 12.95478 0.07354
0.19586 12.92215 0.07667
0.19636 12.90437 0.07544
0.19687 12.86203 0.07707
0.19738 12.87856 0.07654
0.19788 12.88910 0.07630
0.19839 12.76668 0.07614
0.19890 12.82910 0.07705
0.19940 12.83738 0.07523
0.19991 12.79673 0.07636
0.20042 12.76866 0.07740
0.20092 12.66589 0.07505
0.20143 12.81160 0.07418
0.20194 12.75456 0.07389
0.20244 12.70126 0.07701
0.20295 12.81877 0.07639
0.20346 12.72761 0.07476
0.20396 12.66605 0.07737
0.20447 12.66216 0.07814
0.20498 12.69848 0.07855
0.20548 12.80336 0.07614
0.20599 12.68217 0.07730
0.20650 12.75838 0.07800
0.20700 12.82403 0.07803
0.20751 12.65673 0.07700
0.20802 12.60119 0.07513
0.20852 12.60358 0.07457
0.20903 12.69068 0.07412
0.20954 12.69678 0.07397
0.21004 12.67801 0.07542
0.21055 12.62908 0.07498
0.21106 12.65356 0.07604
0.21156 12.66817 0.07528
0.21207 12.65387 0.07870
0.21258 12.65730 0.07491
0.21308 12.55382 0.07375
0.21359 12.56198 0.07724
0.21410 12.56578 0.07489
0.21460 12.57011 0.07638
0.21511 12.39073 0.07490
0.21562 12.57686 0.07862
0.21612 12.51352 0.07492
0.21663 12.57817 0.07508
0.21714 12.65406 0.07765
0.21764 12.50819 0.07548
0.21815 12.49438 0.07642
0.21866 12.55949 0.07576
0.21916 12.32321 0.07486
0.21967 12.52003 0.07516
0.22018 12.36008 0.07280
0.22068 12.40387 0.07439
0.22119 12.43171 0.07478
0.22170 12.45823 0.07468
0.22220 12.27252 0.07429
0.22271 12.39593 0.07267
0.22322 12.52401 0.07469
0.22372 12.24417 0.07385
0.22423 12.35054 0.07309
0.22474 12.33912 0.07318
0.22524 12.42074 0.07271
0.22575 12.30241 0.07387
0.22626 12.45048 0.07247
0.22676 12.33404 0.07090
0.22727 12.20985 0.07356
0.22778 12.24378 0.07242
0.22828 12.29838 0.07053
0.22879 12.29780 0.07300
0.22930 12.29955 0.07163
0.22980 12.30507 0.07098
0.23031 12.10044 0.07294
0.23082 12.37359 0.07143
0.23132 12.17896 0.07038
0.23183 12.25390 0.06921
0.23234 12.41354 0.07186
0.23284 12.12805 0.06877
0.23335 12.16160 0.07003
0.23386 12.24601 0.06957
0.23436 12.23155 0.07005
0.23487 12.20165 0.06846
0.23538 12.24955 0.06913
0.23588 12.18824 0.06945
0.23639 12.20792 0.06758
0.23690 12.12077 0.06825
0.23740 12.01769 0.06714
0.23791 12.06283 0.06684
0.23842 12.12865 0.06806
0.23892 12.19544 0.07065
0.23943 12.07985 0.06645
0.23994 12.12912 0.06853
0.24044 12.12458 0.06705
0.24095 12.06435 0.06811
0.24145 12.07263 0.06746
0.24196 12.05759 0.06812
0.24247 12.10374 0.06668
0.24297 12.00401 0.06703
0.24348 12.01310 0.06795
0.24399 12.01434 0.06613
0.24449 12.09271 0.06594
0.24500 11.97948 0.06665
0.24551 11.96902 0.06652
0.24601 12.01541 0.06532
0.24652 12.05131 0.06610
0.24703 12.00476 0.06623
0.24753 11.92367 0.06597
0.24804 11.99184 0.06526
0.24855 12.07190 0.06345
0.24905 12.02284 0.06451
0.24956 11.92785 0.06379
0.25007 12.11536 0.06509
0.25057 11.90403 0.06547
0.25108 11.96653 0.06406
0.25159 11.91752 0.06445
0.25209 11.97500 0.06495
0.25260 11.84716 0.06428
0.25311 12.06736 0.06491
0.25361 11.81323 0.06204
0.25412 11.98841 0.06531
0.25463 11.91979 0.06481
0.25513 11.94779 0.06302
0.25564 11.82734 0.06462
0.25615 11.86282 0.06312
0.25665 11.87992 0.06305
0.25716 11.85379 0.06329
0.25767 11.89796 0.06361
0.25817 11.81531 0.06092
0.25868 11.78204 0.06111
0.25919 11.79591 0.06095
0.25969 11.92988 0.06267
0.26020 11.88788 0.06250
0.26071 11.67903 0.06176
0.26121 11.72797 0.06310
0.26172 11.75675 0.06170
0.26223 11.80368 0.06117
0.26273 11.91179 0.06244
0.26324 11.78914 0.06090
0.26375 11.71095 0.06140
0.26425 11.74600 0.06146
0.26476 11.79212 0.06187
0.26527 11.65972 0.06178
0.26577 11.73667 0.06022
0.26628 11.66741 0.06063
0.26679 11.76338 0.06076
0.26729 11.74856 0.06138
0.26780 11.54431 0.06087
0.26831 11.69018 0.06000
0.26881 11.62453 0.05922
0.26932 11.57985 0.05901
0.26983 11.70481 0.06029
0.27033 11.60063 0.05876
0.27084 11.61108 0.05954
0.27134 11.65140 0.06030
0.27185 11.53217 0.05913
0.27236 11.60632 0.05969
0.27286 11.59325 0.05936
0.27337 11.62761 0.05981
0.27388 11.48017 0.06001
0.27438 11.67317 0.06040
0.27489 11.60319 0.05958
0.27540 11.59632 0.05931
0.27590 11.51677 0.05681
0.27641 11.45468 0.05806
0.27692 11.48128 0.05891
0.27742 11.56012 0.05965
0.27793 11.40475 0.05808
0.27844 11.60002 0.05782
0.27894 11.53694 0.05835
0.27945 11.49941 0.05749
0.27996 11.45743 0.05779
0.28046 11.44419 0.05859
0.28097 11.41529 0.05596
0.28148 11.40318 0.05584
0.28198 11.53503 0.05673
0.28249 11.42566 0.05772
0.28300 11.47147 0.05702
0.28350 11.38501 0.05667
0.28401 11.40661 0.05750
0.28452 11.52171 0.05660
0.28502 11.43828 0.05668
0.28553 11.48201 0.05657
0.28604 11.40665 0.05774
0.28654 11.29494 0.05664
0.28705 11.42264 0.05810
0.28756 11.38102 0.05742
0.28806 11.44968 0.05638
0.28857 11.37698 0.05776
0.28908 11.29619 0.05658
0.28958 11.32570 0.05743
0.29009 11.22141 0.05724
0.29059 11.32408 0.05770
0.29110 11.22589 0.05788
0.29161 11.32400 0.05768
0.29211 11.23891 0.05687
0.29262 11.17383 0.05757
0.29313 11.25900 0.05888
0.29363 11.20989 0.05641
0.29414 11.19339 0.05708
0.29465 11.29748 0.05672
0.29515 11.28094 0.05805
0.29566 11.26577 0.05857
0.29617 11.22455 0.05749
0.29667 11.20780 0.05700
0.29718 11.16767 0.05670
0.29769 11.28654 0.05806
0.29819 11.20313 0.05731
0.29870 11.20207 0.05822
0.29921 11.16063 0.05616
0.29971 11.27358 0.05748
0.30022 11.13665 0.05661
0.30073 11.15966 0.05595
0.30123 11.06198 0.05606
0.30174 11.14255 0.05705
0.30225 11.08285 0.05618
0.30275 11.02405 0.05688
0.30326 10.99700 0.05580
0.30377 11.06647 0.05732
0.30427 11.01793 0.05659
0.30478 11.02261 0.05732
0.30529 10.93841 0.05662
0.30579 11.00234 0.05550
0.30630 11.01069 0.05630
0.30680 10.95942 0.05555
0.30731 10.87935 0.05521
0.30782 10.93535 0.05400
0.30832 10.96632 0.05496
0.30883 11.01866 0.05558
0.30934 10.95497 0.05504
0.30984 11.00769 0.05638
0.31035 10.95148 0.05777
0.31086 10.89883 0.05598
0.31136 10.93764 0.05777
0.31187 10.92952 0.05985
0.31238 10.91252 0.05852
0.31288 10.89010 0.05803
0.31339 10.85823 0.05975
0.31390 10.91811 0.05929
0.31440 10.85293 0.05921
0.31491 10.97858 0.05907
0.31542 10.86612 0.06056
0.31592 10.93516 0.05871
0.31643 10.94038 0.05934
0.31694 10.92205 0.05903
0.31744 10.88953 0.06011
0.31795 10.92958 0.06030
0.31845 10.83951 0.05953
0.31896 10.72781 0.06123
0.31947 10.93984 0.06000
0.31997 10.87365 0.05988
0.32048 10.85301 0.05966
0.32099 10.93842 0.06030
0.32149 10.78395 0.05990
0.32200 10.80708 0.05880
0.32251 10.76239 0.05956
0.32301 10.75978 0.06162
0.32352 10.79584 0.05963
0.32403 10.72227 0.05930
0.32453 10.78853 0.06175
0.32504 10.74286 0.05955
0.32555 10.84883 0.05990
0.32605 10.84988 0.06035
0.32656 10.73472 0.06110
0.32707 10.78992 0.06092
0.32757 10.72214 0.06064
0.32808 10.73232 0.05966
0.32859 10.67276 0.06215
0.32909 10.79924 0.05965
0.32960 10.67534 0.06195
0.33010 10.69472 0.05949
0.33061 10.67657 0.06091
0.33112 10.71499 0.06132
0.33162 10.66875 0.06079
0.33213 10.75047 0.06169
0.33264 10.81284 0.06257
0.33314 10.73605 0.06220
0.33365 10.72518 0.06120
0.33416 10.70073 0.06027
0.33466 10.66542 0.05944
0.33517 10.73635 0.06262
0.33568 10.62313 0.06068
0.33618 10.66915 0.06024
0.33669 10.60114 0.06281
0.33720 10.64115 0.06249
0.33770 10.66428 0.06024
0.33821 10.63584 0.06031
0.33872 10.59355 0.06113
0.33922 10.49808 0.06158
0.33973 10.59743 0.06189
0.34023 10.71276 0.06220
0.34074 10.57345 0.06136
0.34125 10.61673 0.06184
0.34175 10.50949 0.06091
0.34226 10.52299 0.06262
0.34277 10.56638 0.06257
0.34327 10.57797 0.06224
0.34378 10.51839 0.06213
0.34429 10.63894 0.06154
0.34479 10.55260 0.06155
0.34530 10.49245 0.06198
0.34581 10.51067 0.06092
0.34631 10.52095 0.06072
0.34682 10.42008 0.06114
0.34733 10.54452 0.06191
0.34783 10.50438 0.06223
0.34834 10.55861 0.06259
0.34884 10.60909 0.06135
0.34935 10.47219 0.06299
0.34986 10.52624 0.06268
0.35036 10.44466 0.06130
0.35087 10.39105 0.06197
0.35138 10.50961 0.06318
0.35188 10.35212 0.06207
0.35239 10.58575 0.06281
0.35290 10.60049 0.06246
0.35340 10.33050 0.06068
0.35391 10.43405 0.06118
0.35442 10.28958 0.05941
0.35492 10.38203 0.05973
0.35543 10.34813 0.05943
0.35594 10.40513 0.05744
0.35644 10.45266 0.05968
0.35695 10.36211 0.05943
0.35745 10.27639 0.06140
0.35796 10.33388 0.05938
0.35847 10.23928 0.06120
0.35897 10.26447 0.05966
0.35948 10.34915 0.05936
0.35999 10.29582 0.05944
0.36049 10.25576 0.05950
0.36100 10.29977 0.06035
0.36151 10.34408 0.06048
0.36201 10.28488 0.05967
0.36252 10.25986 0.05980
0.36303 10.30033 0.06002
0.36353 10.26264 0.05963
0.36404 10.14497 0.05949
0.36455 10.21036 0.05826
0.36505 10.22192 0.06097
0.36556 10.18690 0.06193
0.36606 10.23598 0.05947
0.36657 10.21343 0.06158
0.36708 10.08239 0.06035
0.36758 10.23182 0.06278
0.36809 10.14340 0.06396
0.36860 10.01908 0.06367
0.36910 10.20987 0.06536
0.36961 10.09562 0.06484
0.37012 10.13067 0.06486
0.37062 10.15326 0.06615
0.37113 10.18087 0.06576
0.37164 10.10431 0.06337
0.37214 10.25169 0.06312
0.37265 10.09158 0.06400
0.37315 10.08576 0.06426
0.37366 10.13054 0.06475
0.37417 10.03296 0.06462
0.37467 10.15736 0.06529
0.37518 10.08044 0.06388
0.37569 10.06325 0.06432
0.37619 10.10847 0.06458
0.37670 10.03733 0.06398
0.37721 10.17984 0.06546
0.37771 10.08565 0.06717
0.37822 10.17448 0.06468
0.37873 9.99625 0.06692
0.37923 9.97738 0.06690
0.37974 10.03168 0.06861
0.38024 9.99046 0.06765
0.38075 9.94298 0.06701
0.38126 10.14806 0.06898
0.38176 9.96832 0.06857
0.38227 9.89887 0.06645
0.38278 9.99682 0.06851
0.38328 10.09379 0.06929
0.38379 10.04430 0.06779
0.38430 10.02209 0.06981
0.38480 10.02051 0.07176
0.38531 9.86789 0.06864
0.38582 9.89168 0.07135
0.38632 10.06084 0.07218
0.38683 9.89218 0.07239
0.38733 9.94950 0.07102
0.38784 9.81961 0.07140
0.38835 9.98169 0.07101
0.38885 10.00386 0.07197
0.38936 10.04088 0.07402
0.38987 10.07738 0.07296
0.39037 9.92646 0.07141
0.39088 9.84897 0.07347
0.39139 9.99756 0.07354
0.39189 10.02979 0.07433
0.39240 9.90867 0.07333
0.39290 9.75231 0.07288
0.39341 9.82272 0.07583
0.39392 9.89333 0.07971
0.39442 9.78028 0.07458
0.39493 9.90101 0.07555
0.39544 9.98892 0.07684
0.39594 9.73679 0.07846
0.39645 9.76406 0.07702
0.39696 9.87357 0.07628
0.39746 9.91426 0.07746
0.39797 9.70936 0.07898
0.39847 9.87788 0.07748
0.39898 9.69312 0.07786
0.39949 9.81733 0.07910
0.39999 9.84324 0.07851
0.40050 9.63838 0.07934
0.40101 9.72203 0.08145
0.40151 9.61612 0.07787
0.40202 9.75766 0.08075
0.40253 9.51058 0.08097
0.40303 9.74608 0.08180
0.40354 9.82372 0.08252
0.40405 9.62301 0.08091
0.40455 9.56610 0.08016
0.40506 9.53541 0.08186
0.40556 9.67288 0.08155
0.40607 9.73694 0.08332
0.40658 9.66625 0.07992
0.40708 9.72335 0.08546
0.40759 9.44380 0.08630
0.40810 9.60094 0.08472
0.40860 9.58816 0.08259
0.40911 9.53892 0.08309
0.40962 9.61805 0.08475
0.41012 9.54624 0.08646
0.41063 9.63948 0.08335
0.41113 9.49763 0.08507
0.41164 9.63644 0.08373
0.41215 9.66963 0.08570
0.41265 9.56858 0.08276
0.41316 9.46104 0.08764
0.41367 9.51458 0.08061
0.41417 9.59243 0.08576
0.41468 9.44935 0.08635
0.41518 9.57657 0.08581
0.41569 9.53009 0.08533
0.41620 9.39466 0.08934
0.41670 9.53225 0.08889
0.41721 9.47566 0.08176
0.41772 9.42016 0.08982
0.41822 9.69550 0.09027
0.41873 9.56963 0.08776
0.41924 9.48617 0.08400
0.41974 9.51796 0.09103
0.42025 9.23246 0.08523
0.42075 9.44226 0.08761
0.42126 9.40895 0.08882
0.42177 9.19608 0.08753
0.42227 9.34206 0.08886
0.42278 9.48604 0.09106
0.42329 9.51132 0.09242
0.42379 9.62500 0.09232
0.42430 9.56079 0.09594
0.42481 9.51592 0.09630
0.42531 9.62881 0.09637
0.42582 9.35002 0.09884
0.42632 9.33844 0.09311
0.42683 9.36109 0.09901
0.42734 9.37500 0.09674
0.42784 9.42426 0.09431
0.42835 9.69496 0.09870
0.42886 9.31491 0.09884
0.42936 9.52173 0.09921
0.42987 9.34469 0.10107
0.43037 9.49128 0.09569
0.43088 9.34220 0.10555
0.43139 9.39823 0.09928
0.43189 9.50987 0.10508
0.43240 9.61748 0.10482
0.43291 9.58311 0.10380
0.43341 9.47607 0.10604
0.43392 9.33278 0.10169
0.43443 9.35909 0.10612
0.43493 9.65612 0.10922
0.43544 9.36575 0.11014
0.43594 9.35019 0.11487
0.43645 9.37683 0.11200
0.43696 9.32546 0.10928
0.43746 9.28758 0.11285
0.43797 9.39725 0.11171
0.43848 9.24321 0.10978
0.43898 9.17703 0.11281
0.43949 9.34696 0.11570
0.43999 9.16663 0.12118
