0.01140 1450.79489 60.22446
0.01191 1020.58679 49.95765
0.01242 663.85837 49.82183
0.01292 397.16499 36.39290
0.01343 269.72732 24.61701
0.01394 201.27173 18.11742
0.01444 168.45444 14.88521
0.01495 137.73759 12.11674
0.01546 108.22097 8.10209
0.01596 100.70983 7.30387
0.01647 88.18993 6.06419
0.01698 74.64327 4.45253
0.01748 68.13266 3.80926
0.01799 63.62639 3.04211
0.01850 58.64928 2.72560
0.01900 52.65949 2.30434
0.01951 51.41592 1.92670
0.02002 50.13751 1.68286
0.02052 45.93648 1.34251
0.02103 43.60548 1.14636
0.02154 41.82362 0.92076
0.02204 41.60963 0.83961
0.02255 39.86609 0.64079
0.02306 38.95489 0.60275
0.02356 38.13629 0.61492
0.02407 37.39717 0.47543
0.02458 35.82678 0.43618
0.02509 35.66086 0.41938
0.02559 35.43339 0.40703
0.02610 35.06619 0.38278
0.02661 33.86272 0.31780
0.02711 33.28311 0.32354
0.02762 33.14416 0.28462
0.02813 32.49981 0.28034
0.02863 31.60601 0.26250
0.02914 31.91603 0.25123
0.02965 31.42070 0.26597
0.03015 30.96970 0.26515
0.03066 30.81320 0.25898
0.03117 30.37020 0.25572
0.03167 30.27647 0.24947
0.03218 30.19481 0.23420
0.03269 29.83035 0.23116
0.03319 29.66922 0.24317
0.03370 29.78594 0.23008
0.03421 29.20730 0.23611
0.03471 28.89789 0.22758
0.03522 29.05904 0.23596
0.03573 28.37076 0.22394
0.03623 28.90041 0.22008
0.03674 28.80845 0.21417
0.03725 27.97469 0.22556
0.03775 28.43157 0.21760
0.03826 28.30373 0.21465
0.03877 28.18083 0.20716
0.03927 27.81194 0.20846
0.03978 28.02802 0.20666
0.04029 28.27364 0.19607
0.04080 27.53786 0.20682
0.04130 27.25889 0.19197
0.04181 27.50112 0.19630
0.04232 27.29220 0.19904
0.04282 27.45715 0.19615
0.04333 27.12554 0.19129
0.04384 26.97394 0.18846
0.04434 27.09874 0.19016
0.04485 27.31855 0.20156
0.04536 26.75658 0.19635
0.04586 26.68040 0.17798
0.04637 26.94114 0.18541
0.04688 26.57702 0.18462
0.04738 26.70903 0.19054
0.04789 26.61813 0.18370
0.04840 26.84401 0.17735
0.04890 26.61467 0.18292
0.04941 26.67616 0.17403
0.04992 26.34319 0.17692
0.05042 26.35868 0.17773
0.05093 26.29849 0.17749
0.05144 26.38241 0.17513
0.05194 26.09550 0.16106
0.05245 26.67606 0.17482
0.05296 26.04620 0.17213
0.05346 26.06728 0.16568
0.05397 26.15233 0.16529
0.05448 26.50969 0.17556
0.05498 26.34596 0.16342
0.05549 25.98181 0.16420
0.05600 25.79038 0.16558
0.05650 26.02455 0.16146
0.05701 25.91529 0.15815
0.05752 26.06811 0.16158
0.05803 25.82556 0.15923
0.05853 25.98096 0.15842
0.05904 25.54962 0.15917
0.05955 25.46270 0.15638
0.06005 25.69251 0.15521
0.06056 25.35099 0.15005
0.06107 25.78845 0.15794
0.06157 25.50038 0.15864
0.06208 25.72074 0.15398
0.06259 25.41774 0.15174
0.06309 25.44294 0.15141
0.06360 25.63336 0.15270
0.06411 25.37846 0.15177
0.06461 25.43175 0.15235
0.06512 25.30061 0.14888
0.06563 25.55217 0.15078
0.06613 25.49268 0.15063
0.06664 25.50349 0.14015
0.06715 25.17237 0.15303
0.06765 25.14034 0.15002
0.06816 25.27474 0.15254
0.06867 25.33194 0.14756
0.06917 25.21047 0.14848
0.06968 25.20439 0.14257
0.07019 25.11393 0.14571
0.07069 25.01408 0.14967
0.07120 25.07775 0.13847
0.07171 25.07364 0.14576
0.07221 25.17995 0.14613
0.07272 25.18603 0.14522
0.07323 25.04471 0.13635
0.07373 25.05455 0.14576
0.07424 25.12258 0.14577
0.07475 24.82519 0.14054
0.07526 25.14848 0.13772
0.07576 25.01021 0.13649
0.07627 24.89373 0.13400
0.07678 25.08535 0.14055
0.07728 24.76824 0.13544
0.07779 24.80596 0.13847
0.07830 24.81007 0.13816
0.07880 24.84523 0.13827
0.07931 24.81018 0.12771
0.07982 24.83873 0.13319
0.08032 24.81324 0.13149
0.08083 24.80334 0.13374
0.08134 24.74733 0.13097
0.08184 24.50179 0.13517
0.08235 24.75707 0.13793
0.08286 24.59356 0.13436
0.08336 24.61194 0.13526
0.08387 24.59367 0.13178
0.08438 24.53086 0.13457
0.08488 24.80149 0.13547
0.08539 24.87712 0.14253
0.08590 24.68726 0.14239
0.08640 24.64829 0.14074
0.08691 24.53288 0.13391
0.08742 24.57605 0.13947
0.08792 24.63352 0.14252
0.08843 24.31446 0.14357
0.08894 24.56777 0.13692
0.08944 24.24593 0.13704
0.08995 24.33404 0.14007
0.09046 24.47615 0.13377
0.09096 24.48950 0.14631
0.09147 24.37755 0.14390
0.09198 24.60773 0.13695
0.09248 24.32475 0.13698
0.09299 24.14313 0.13979
0.09350 24.43636 0.13971
0.09401 24.34765 0.13800
0.09451 24.26038 0.13795
0.09502 24.29905 0.14217
0.09553 24.35322 0.13979
0.09603 24.55551 0.14267
0.09654 24.39545 0.13959
0.09705 24.12767 0.13967
0.09755 24.36827 0.14402
0.09806 24.36206 0.13952
0.09857 24.19497 0.13630
0.09907 24.28642 0.13715
0.09958 24.25932 0.13631
0.10009 24.36595 0.13873
0.10059 24.21657 0.13852
0.10110 24.04431 0.13685
0.10161 24.02940 0.13167
0.10211 24.11897 0.13275
0.10262 24.03215 0.13017
0.10313 24.05501 0.13104
0.10363 24.16803 0.12950
0.10414 24.26995 0.13093
0.10465 23.96031 0.12791
0.10515 24.26908 0.13634
0.10566 24.07011 0.13537
0.10617 23.96394 0.13253
0.10667 24.00639 0.13149
0.10718 24.15538 0.12718
0.10769 24.18134 0.12693
0.10819 23.96734 0.12953
0.10870 24.04825 0.12570
0.10921 24.06585 0.12586
0.10971 24.08401 0.12266
0.11022 23.85866 0.12090
0.11073 23.92364 0.11666
0.11123 24.03302 0.12459
0.11174 23.84342 0.12234
0.11225 23.99687 0.12288
0.11275 24.02846 0.12251
0.11326 23.72443 0.11894
0.11377 24.03543 0.11937
0.11428 24.01761 0.12114
0.11478 23.76776 0.11951
0.11529 23.83326 0.11702
0.11580 23.69314 0.12058
0.11630 23.87156 0.11641
0.11681 23.89973 0.11717
0.11732 23.87425 0.11548
0.11782 23.87638 0.11733
0.11833 23.91031 0.11530
0.11884 24.07880 0.11749
0.11934 23.75296 0.11529
0.11985 23.89716 0.11451
0.12036 24.01017 0.11412
0.12086 23.77324 0.11737
0.12137 23.76384 0.11264
0.12188 23.55775 0.11206
0.12238 23.77138 0.11290
0.12289 23.78174 0.11255
0.12340 23.67305 0.11199
0.12390 23.72190 0.11034
0.12441 23.76650 0.11038
0.12492 23.60596 0.11295
0.12542 23.83518 0.11220
0.12593 23.82828 0.11166
0.12644 23.56810 0.10967
0.12694 23.75241 0.10928
0.12745 23.67769 0.11068
0.12796 23.71055 0.11240
0.12846 23.69510 0.10804
0.12897 23.78157 0.10771
0.12948 23.76070 0.11004
0.12998 23.73681 0.11146
0.13049 23.80266 0.10819
0.13100 23.66663 0.10867
0.13150 23.75231 0.10234
0.13201 23.72998 0.10633
0.13252 23.65243 0.10324
0.13302 23.71172 0.10338
0.13353 23.60328 0.10557
0.13404 23.56368 0.10446
0.13454 23.77953 0.10249
0.13505 23.50278 0.10410
0.13556 23.69894 0.10675
0.13606 23.62536 0.10146
0.13657 23.56955 0.10313
0.13708 23.54973 0.10398
0.13758 23.48035 0.10108
0.13809 23.76545 0.10206
0.13860 23.61616 0.10265
0.13911 23.59320 0.10112
0.13961 23.69548 0.10175
0.14012 23.50854 0.10418
0.14063 23.49385 0.10325
0.14113 23.33186 0.10339
0.14164 23.28587 0.09786
0.14215 23.44224 0.10263
0.14265 23.60997 0.10037
0.14316 23.43606 0.09962
0.14367 23.32423 0.09851
0.14417 23.38614 0.10079
0.14468 23.39454 0.10095
0.14519 23.55145 0.10190
0.14569 23.29187 0.10051
0.14620 23.26504 0.09691
0.14671 23.19296 0.09814
0.14721 23.40410 0.09908
0.14772 23.26185 0.09670
0.14823 23.35561 0.09998
0.14873 23.40445 0.09832
0.14924 23.60648 0.10150
0.14975 23.27997 0.09899
0.15025 23.21329 0.09653
0.15076 23.21309 0.09575
0.15127 23.17643 0.09743
0.15177 23.17138 0.09718
0.15228 23.23672 0.09731
0.15279 22.91858 0.09692
0.15329 23.18332 0.09554
0.15380 23.22355 0.09770
0.15431 23.17872 0.09778
0.15481 23.17638 0.09583
0.15532 23.07423 0.09578
0.15583 23.02956 0.09513
0.15633 22.95885 0.09375
0.15684 23.07367 0.09409
0.15735 23.07939 0.09498
0.15785 22.91532 0.09339
0.15836 22.93860 0.09268
0.15887 22.84823 0.09312
0.15937 22.89815 0.09308
0.15988 22.76792 0.09433
0.16039 22.79842 0.09447
0.16089 22.86453 0.09370
0.16140 22.80205 0.09095
0.16191 22.66479 0.09174
0.16241 22.72458 0.09154
0.16292 22.77712 0.09124
0.16343 22.79265 0.09231
0.16393 22.76520 0.09283
0.16444 22.63968 0.09150
0.16495 22.61873 0.08936
0.16545 22.81969 0.09214
0.16596 22.77489 0.08996
0.16647 22.68007 0.09343
0.16697 22.77810 0.09101
0.16748 22.67555 0.09018
0.16799 22.65856 0.08970
0.16849 22.53796 0.08909
0.16900 22.74637 0.09109
0.16951 22.61637 0.09005
0.17001 22.70156 0.08960
0.17052 22.76714 0.09210
0.17103 22.71278 0.08917
0.17153 22.65846 0.09064
0.17204 22.69424 0.09347
0.17255 22.84393 0.09194
0.17305 22.55794 0.09268
0.17356 22.47481 0.09112
0.17407 22.56866 0.09286
0.17457 22.49360 0.09041
0.17508 22.54189 0.09209
0.17559 22.45425 0.09176
0.17610 22.62746 0.09201
0.17660 22.47169 0.09489
0.17711 22.48508 0.09188
0.17762 22.56583 0.09095
0.17812 22.31826 0.09002
0.17863 22.51540 0.09238
0.17914 22.42024 0.09012
0.17964 22.39785 0.09253
0.18015 22.32356 0.09580
0.18066 22.38927 0.09486
0.18116 22.51420 0.09584
0.18167 22.42523 0.09627
0.18218 22.51414 0.09462
0.18268 22.36436 0.09694
0.18319 22.44604 0.09432
0.18370 22.43113 0.09739
0.18420 22.45029 0.09596
0.18471 22.05270 0.09662
0.18522 22.32227 0.09627
0.18572 22.31735 0.09684
0.18623 22.26696 0.09528
0.18674 22.15419 0.09616
0.18724 22.28043 0.09827
0.18775 22.27169 0.09741
0.18826 22.29504 0.09780
0.18876 22.37727 0.10057
0.18927 22.29487 0.09846
0.18978 22.19383 0.09819
0.19028 22.12133 0.09530
0.19079 22.31882 0.09648
0.19130 22.16626 0.09961
0.19180 22.26056 0.09764
0.19231 22.23352 0.09893
0.19282 22.26294 0.09794
0.19332 22.14175 0.10003
0.19383 22.22479 0.10122
0.19434 22.13607 0.09897
0.19484 22.28026 0.09874
0.19535 22.15941 0.10076
0.19586 22.05029 0.09814
0.19636 22.12023 0.09808
0.19687 22.15646 0.10014
0.19738 22.10344 0.09857
0.19788 22.12471 0.10160
0.19839 22.15166 0.10067
0.19890 22.12793 0.09763
0.19940 22.09371 0.09772
0.19991 21.95005 0.10047
0.20042 22.16177 0.10074
0.20092 22.20906 0.10135
0.20143 22.05025 0.10172
0.20194 22.13317 0.10245
0.20244 22.06860 0.10129
0.20295 22.13490 0.10403
0.20346 22.04551 0.10209
0.20396 21.90571 0.10264
0.20447 21.77797 0.09793
0.20498 21.92666 0.10201
0.20548 22.07108 0.09994
0.20599 21.76796 0.10230
0.20650 21.85500 0.09978
0.20700 21.97249 0.09763
0.20751 21.92118 0.10128
0.20802 21.91193 0.09900
0.20852 22.01883 0.09876
0.20903 22.02760 0.10191
0.20954 21.78436 0.09930
0.21004 21.83955 0.10055
0.21055 21.93878 0.09737
0.21106 21.87992 0.10124
0.21156 21.81227 0.09951
0.21207 21.76464 0.10147
0.21258 21.95593 0.10184
0.21308 21.92122 0.09643
0.21359 22.02161 0.09897
0.21410 21.84046 0.09903
0.21460 21.93834 0.10182
0.21511 21.82608 0.09869
0.21562 21.73344 0.10434
0.21612 21.85941 0.10183
0.21663 21.57375 0.10096
0.21714 21.60699 0.09919
0.21764 21.64815 0.10098
0.21815 21.65416 0.09967
0.21866 21.64222 0.10183
0.21916 21.67599 0.09921
0.21967 21.64009 0.10030
0.22018 21.56442 0.09889
0.22068 21.74728 0.09902
0.22119 21.50467 0.09748
0.22170 21.72818 0.09930
0.22220 21.58676 0.09964
0.22271 21.68039 0.09607
0.22322 21.37946 0.09738
0.22372 21.47966 0.09740
0.22423 21.52396 0.09653
0.22474 21.71375 0.09690
0.22524 21.42024 0.09780
0.22575 21.51298 0.09720
0.22626 21.50562 0.09694
0.22676 21.24827 0.09623
0.22727 21.41960 0.09505
0.22778 21.44320 0.09591
0.22828 21.49524 0.09506
0.22879 21.44477 0.09604
0.22930 21.36749 0.09425
0.22980 21.39856 0.09346
0.23031 21.26366 0.09533
0.23082 21.48659 0.09450
0.23132 21.43529 0.09593
0.23183 21.22990 0.09202
0.23234 21.44479 0.09495
0.23284 21.36968 0.09123
0.23335 21.47646 0.09081
0.23386 21.47790 0.09062
0.23436 21.19770 0.09237
0.23487 21.33329 0.09095
0.23538 21.56293 0.09067
0.23588 21.15285 0.08956
0.23639 21.24997 0.09212
0.23690 21.29948 0.09273
0.23740 21.05901 0.09086
0.23791 21.19340 0.09131
0.23842 21.00656 0.08989
0.23892 21.31995 0.09275
0.23943 21.10185 0.08857
0.23994 21.27157 0.08946
0.24044 21.08836 0.09006
0.24095 20.97106 0.08804
0.24145 21.27694 0.09063
0.24196 21.09549 0.08898
0.24247 21.13082 0.08750
0.24297 21.14961 0.08822
0.24348 21.19886 0.08780
0.24399 21.08943 0.08860
0.24449 21.02727 0.08604
0.24500 21.05164 0.08920
0.24551 20.89827 0.08775
0.24601 21.09761 0.08516
0.24652 21.20322 0.08661
0.24703 21.02797 0.08597
0.24753 20.99304 0.09052
0.24804 21.03691 0.08730
0.24855 20.97196 0.08659
0.24905 21.01356 0.08842
0.24956 21.11626 0.08568
0.25007 20.86210 0.08493
0.25057 21.11059 0.08734
0.25108 21.14380 0.08638
0.25159 20.88085 0.08263
0.25209 21.20228 0.08617
0.25260 20.96119 0.08569
0.25311 21.05133 0.08459
0.25361 21.06642 0.08312
0.25412 21.00687 0.08395
0.25463 20.92652 0.08577
0.25513 20.93238 0.08735
0.25564 21.07681 0.08465
0.25615 20.91739 0.08352
0.25665 20.78653 0.08501
0.25716 20.85865 0.08357
0.25767 20.94130 0.08414
0.25817 21.12161 0.08082
0.25868 20.80751 0.08107
0.25919 20.89761 0.08430
0.25969 20.64059 0.08164
0.26020 20.95997 0.08172
0.26071 20.91707 0.08243
0.26121 20.85374 0.08138
0.26172 20.90696 0.08173
0.26223 20.89559 0.08017
0.26273 20.69014 0.08000
0.26324 20.78728 0.08096
0.26375 20.71485 0.08062
0.26425 20.73191 0.07943
0.26476 20.77782 0.08029
0.26527 20.82404 0.08072
0.26577 20.75182 0.08058
0.26628 20.58980 0.07961
0.26679 20.71990 0.08078
0.26729 20.75960 0.08142
0.26780 20.52575 0.08013
0.26831 20.44648 0.08040
0.26881 20.62784 0.08098
0.26932 20.77578 0.08127
0.26983 20.76037 0.08113
0.27033 20.54729 0.07920
0.27084 20.54937 0.07826
0.27134 20.39486 0.07971
0.27185 20.62945 0.07824
0.27236 20.74797 0.07990
0.27286 20.67586 0.08055
0.27337 20.65227 0.07912
0.27388 20.52826 0.07880
0.27438 20.41397 0.07802
0.27489 20.56656 0.07939
0.27540 20.49579 0.07949
0.27590 20.50999 0.07792
0.27641 20.39841 0.07706
0.27692 20.55490 0.07859
0.27742 20.49467 0.07550
0.27793 20.57342 0.07656
0.27844 20.48916 0.07825
0.27894 20.40837 0.07816
0.27945 20.39668 0.07634
0.27996 20.50765 0.07739
0.28046 20.35788 0.07687
0.28097 20.35955 0.07679
0.28148 20.33376 0.07667
0.28198 20.45261 0.07768
0.28249 20.34548 0.07568
0.28300 20.13108 0.07619
0.28350 20.18521 0.07568
0.28401 20.39142 0.07531
0.28452 20.23189 0.07435
0.28502 20.23998 0.07769
0.28553 20.24595 0.07586
0.28604 20.34030 0.07729
0.28654 20.12797 0.07720
0.28705 20.24072 0.07636
0.28756 20.28620 0.07794
0.28806 20.24819 0.07651
0.28857 20.10763 0.07565
0.28908 20.11749 0.07576
0.28958 20.10098 0.07623
0.29009 19.96892 0.07499
0.29059 20.05244 0.07523
0.29110 20.21051 0.07618
0.29161 20.10803 0.07462
0.29211 19.98593 0.07676
0.29262 19.96827 0.07734
0.29313 20.11890 0.07763
0.29363 20.21572 0.07628
0.29414 20.12274 0.07739
0.29465 20.07125 0.07719
0.29515 20.06043 0.07626
0.29566 19.96556 0.07753
0.29617 20.00296 0.07524
0.29667 19.93612 0.07599
0.29718 19.88467 0.07801
0.29769 20.07864 0.07683
0.29819 19.92451 0.07678
0.29870 19.78867 0.07722
0.29921 19.95759 0.07595
0.29971 19.87146 0.07704
0.30022 19.92279 0.07610
0.30073 19.85154 0.07594
0.30123 19.89174 0.07638
0.30174 19.98250 0.07811
0.30225 19.79051 0.07558
0.30275 19.91807 0.07583
0.30326 19.88975 0.07645
0.30377 19.81138 0.07526
0.30427 19.75534 0.07547
0.30478 19.69081 0.07540
0.30529 19.78677 0.07562
0.30579 19.75713 0.07509
0.30630 19.69863 0.07444
0.30680 19.53508 0.07505
0.30731 19.63439 0.07402
0.30782 19.63261 0.07412
0.30832 19.76530 0.07445
0.30883 19.51335 0.07466
0.30934 19.66097 0.07487
0.30984 19.68428 0.07718
0.31035 19.46682 0.07641
0.31086 19.47717 0.07616
0.31136 19.70130 0.07930
0.31187 19.75555 0.08047
0.31238 19.50967 0.07896
0.31288 19.67397 0.07850
0.31339 19.46575 0.07796
0.31390 19.55991 0.07792
0.31440 19.49234 0.07978
0.31491 19.63375 0.07959
0.31542 19.59572 0.08061
0.31592 19.68468 0.08180
0.31643 19.66649 0.08148
0.31694 19.51839 0.08289
0.31744 19.50384 0.08153
0.31795 19.53746 0.08041
0.31845 19.46733 0.08131
0.31896 19.28822 0.08031
0.31947 19.44640 0.08154
0.31997 19.51219 0.08342
0.32048 19.40595 0.07917
0.32099 19.43053 0.08099
0.32149 19.46250 0.08069
0.32200 19.43548 0.08116
0.32251 19.38973 0.07905
0.32301 19.41757 0.07951
0.32352 19.30098 0.07983
0.32403 19.36852 0.08241
0.32453 19.30810 0.08165
0.32504 19.30351 0.08048
0.32555 19.34529 0.08206
0.32605 19.32903 0.08117
0.32656 19.26612 0.08187
0.32707 19.35737 0.08049
0.32757 19.36193 0.08106
0.32808 19.22729 0.08034
0.32859 19.29232 0.08172
0.32909 19.18088 0.08226
0.32960 19.39400 0.08073
0.33010 19.34206 0.08242
0.33061 19.29898 0.08187
0.33112 19.27377 0.08074
0.33162 19.35349 0.08337
0.33213 19.22061 0.08400
0.33264 19.32019 0.08462
0.33314 19.28075 0.08177
0.33365 19.23846 0.08050
0.33416 19.33268 0.08182
0.33466 19.26305 0.08279
0.33517 19.19916 0.08265
0.33568 19.41771 0.08335
0.33618 19.14842 0.08196
0.33669 19.24506 0.08461
0.33720 19.30708 0.08361
0.33770 19.24383 0.08177
0.33821 19.26784 0.08388
0.33872 19.06267 0.08376
0.33922 19.09884 0.08304
0.33973 19.13314 0.08243
0.34023 19.12871 0.08463
0.34074 19.13309 0.08219
0.34125 19.11312 0.08214
0.34175 18.99801 0.08187
0.34226 19.10238 0.08438
0.34277 19.08672 0.08295
0.34327 19.15417 0.08217
0.34378 19.09539 0.08201
0.34429 19.03556 0.08423
0.34479 19.10670 0.08336
0.34530 19.25645 0.08218
0.34581 19.15553 0.08214
0.34631 18.98400 0.08314
0.34682 19.11542 0.08569
0.34733 18.89120 0.08518
0.34783 18.84040 0.08339
0.34834 19.00437 0.08498
0.34884 19.07335 0.08203
0.34935 18.98291 0.08362
0.34986 19.02148 0.08447
0.35036 18.94384 0.08311
0.35087 18.97656 0.08427
0.35138 19.00921 0.08420
0.35188 19.09484 0.08507
0.35239 18.97128 0.08472
0.35290 18.78553 0.08140
0.35340 18.80794 0.08307
0.35391 18.91571 0.08127
0.35442 18.82076 0.08033
0.35492 18.75703 0.08246
0.35543 18.85544 0.08167
0.35594 18.76590 0.07965
0.35644 18.74006 0.08028
0.35695 18.84920 0.08158
0.35745 18.89522 0.08018
0.35796 18.75402 0.08005
0.35847 18.78467 0.07959
0.35897 18.76865 0.08216
0.35948 18.62798 0.07997
0.35999 18.92812 0.08269
0.36049 18.64995 0.08042
0.36100 18.56623 0.08079
0.36151 18.62188 0.08147
0.36201 18.51164 0.08190
0.36252 18.75326 0.08119
0.36303 18.48939 0.08163
0.36353 18.68124 0.07911
0.36404 18.66498 0.08210
0.36455 18.64251 0.08266
0.36505 18.67828 0.08158
0.36556 18.61093 0.08385
0.36606 18.55881 0.08082
0.36657 18.51877 0.08070
0.36708 18.65688 0.08513
0.36758 18.40093 0.08665
0.36809 18.40436 0.08829
0.36860 18.44944 0.08887
0.36910 18.56999 0.08957
0.36961 18.43428 0.08998
0.37012 18.41774 0.09013
0.37062 18.42904 0.09101
0.37113 18.39805 0.08835
0.37164 18.50961 0.08733
0.37214 18.54449 0.08864
0.37265 18.57106 0.08896
0.37315 18.51082 0.08799
0.37366 18.45453 0.08554
0.37417 18.50743 0.08488
0.37467 18.40339 0.08920
0.37518 18.60690 0.08976
0.37569 18.30150 0.08851
0.37619 18.48657 0.09007
0.37670 18.30420 0.08725
0.37721 18.33591 0.08829
0.37771 18.35651 0.08846
0.37822 18.41169 0.08767
0.37873 18.36214 0.09095
0.37923 18.33834 0.09272
0.37974 18.39096 0.09040
0.38024 18.34731 0.09264
0.38075 18.52331 0.08923
0.38126 18.30406 0.09486
0.38176 18.21650 0.09209
0.38227 18.43812 0.09226
0.38278 18.32063 0.09292
0.38328 18.16349 0.09135
0.38379 18.24946 0.09621
0.38430 18.37781 0.09543
0.38480 18.21259 0.09505
0.38531 18.19942 0.09482
0.38582 18.28122 0.09616
0.38632 18.21407 0.09451
0.38683 18.37628 0.09724
0.38733 18.20987 0.09553
0.38784 18.20592 0.09905
0.38835 18.25521 0.09634
0.38885 18.07148 0.09649
0.38936 18.33312 0.09884
0.38987 18.01408 0.09624
0.39037 17.99270 0.10206
0.39088 18.24236 0.09773
0.39139 18.07460 0.10026
0.39189 18.10854 0.10081
0.39240 18.14142 0.10124
0.39290 18.10797 0.10199
0.39341 18.10709 0.10023
0.39392 17.95356 0.11261
0.39442 18.08503 0.10377
0.39493 18.20575 0.10156
0.39544 18.03839 0.10157
0.39594 18.03747 0.10263
0.39645 17.93286 0.10529
0.39696 17.98964 0.10545
0.39746 17.93452 0.10770
0.39797 17.80830 0.10568
0.39847 17.97624 0.11045
0.39898 17.92158 0.10474
0.39949 17.98482 0.10707
0.39999 17.96215 0.10778
0.40050 17.83752 0.10710
0.40101 17.91117 0.11068
0.40151 17.81773 0.10720
0.40202 17.99064 0.11233
0.40253 17.91861 0.11244
0.40303 17.97812 0.11205
0.40354 17.70052 0.11243
0.40405 17.71989 0.10768
0.40455 17.87509 0.11152
0.40506 17.72246 0.11033
0.40556 17.75083 0.11225
0.40607 17.80592 0.11174
0.40658 17.62437 0.11501
0.40708 17.80620 0.11749
0.40759 17.77528 0.11629
0.40810 17.45037 0.11479
0.40860 17.66653 0.11230
0.40911 17.71931 0.11842
0.40962 17.77453 0.11962
0.41012 17.66216 0.11561
0.41063 17.69371 0.11402
0.41113 17.68224 0.11625
0.41164 17.84102 0.11774
0.41215 17.48090 0.11373
0.41265 17.45201 0.11141
0.41316 17.44365 0.11871
0.41367 17.67671 0.11993
0.41417 17.61656 0.11861
0.41468 17.53770 0.11685
0.41518 17.47970 0.11522
0.41569 17.47835 0.11810
0.41620 17.51845 0.11983
0.41670 17.72901 0.11574
0.41721 17.37939 0.11832
0.41772 17.55876 0.11908
0.41822 17.43036 0.11500
0.41873 17.46034 0.12243
0.41924 17.52548 0.12034
0.41974 17.52306 0.12327
0.42025 17.43463 0.12193
0.42075 17.54339 0.12234
0.42126 17.34180 0.12134
0.42177 17.21017 0.12563
0.42227 17.39338 0.12318
0.42278 17.37322 0.12633
0.42329 17.41179 0.12900
0.42379 17.29195 0.12546
0.42430 17.39923 0.12523
0.42481 17.51936 0.13237
0.42531 17.57274 0.13018
0.42582 17.42129 0.13104
0.42632 17.41483 0.12718
0.42683 17.39990 0.13438
0.42734 17.24128 0.13161
0.42784 17.47133 0.13365
0.42835 17.49254 0.13137
0.42886 17.36707 0.13199
0.42936 17.51990 0.14070
0.42987 17.48989 0.14304
0.43037 17.35515 0.13329
0.43088 17.08290 0.13615
0.43139 17.09881 0.13951
0.43189 17.48977 0.14026
0.43240 17.23440 0.14415
0.43291 17.44473 0.14095
0.43341 17.29419 0.14140
0.43392 17.28288 0.14429
0.43443 17.23475 0.15222
0.43493 17.15101 0.14456
0.43544 16.95538 0.14074
0.43594 17.46128 0.14754
0.43645 17.11606 0.15081
0.43696 17.01261 0.15236
0.43746 17.17129 0.15062
0.43797 17.17686 0.14945
0.43848 17.19063 0.15845
0.43898 17.15725 0.15574
0.43949 17.39850 0.15957
0.43999 17.21055 0.16607
