0.01140 1505.40122 59.22501
0.01191 1047.33111 48.73191
0.01242 697.22220 49.82939
0.01292 422.91515 36.50824
0.01343 291.25687 25.42015
0.01394 217.47906 18.14236
0.01444 184.47801 14.92906
0.01495 150.86173 12.15404
0.01546 118.78107 7.98880
0.01596 108.79851 7.60237
0.01647 98.63516 6.03382
0.01698 82.74951 4.46644
0.01748 75.41296 3.79852
0.01799 70.14864 3.14975
0.01850 64.18895 2.81548
0.01900 58.70033 2.18253
0.01951 55.03651 1.88219
0.02002 51.93613 1.58302
0.02052 48.62175 1.39249
0.02103 47.92600 1.17364
0.02154 46.41108 0.92717
0.02204 44.04510 0.81657
0.02255 42.21631 0.68817
0.02306 42.25004 0.60508
0.02356 39.85936 0.57247
0.02407 39.15940 0.49382
0.02458 37.86223 0.47457
0.02509 36.98375 0.40923
0.02559 36.30118 0.37705
0.02610 36.53098 0.37846
0.02661 35.23462 0.32990
0.02711 34.58265 0.31939
0.02762 34.11602 0.30011
0.02813 33.67161 0.28791
0.02863 32.99190 0.27976
0.02914 32.20910 0.26115
0.02965 32.13724 0.27237
0.03015 31.46135 0.25304
0.03066 31.60805 0.26093
0.03117 30.84857 0.24499
0.03167 30.53761 0.25324
0.03218 30.74374 0.25738
0.03269 30.38377 0.24410
0.03319 30.01494 0.25308
0.03370 29.36832 0.23649
0.03421 29.42641 0.23851
0.03471 29.28266 0.23805
0.03522 29.13832 0.22675
0.03573 28.77979 0.22739
0.03623 28.63733 0.22528
0.03674 28.65888 0.21489
0.03725 28.80723 0.21282
0.03775 28.60190 0.22376
0.03826 28.49750 0.20353
0.03877 27.82401 0.20722
0.03927 28.18174 0.21186
0.03978 27.98467 0.19367
0.04029 27.77830 0.21053
0.04080 27.73603 0.19868
0.04130 27.41136 0.20951
0.04181 27.40566 0.19470
0.04232 27.64853 0.20251
0.04282 27.54379 0.20804
0.04333 27.36277 0.18700
0.04384 27.27411 0.19837
0.04434 27.34323 0.19772
0.04485 27.08703 0.19175
0.04536 26.96784 0.19253
0.04586 26.92074 0.18797
0.04637 26.98364 0.19082
0.04688 27.12193 0.18484
0.04738 26.71032 0.18817
0.04789 26.98169 0.18057
0.04840 26.66825 0.18097
0.04890 26.43885 0.17835
0.04941 26.54191 0.17748
0.04992 26.45920 0.17569
0.05042 26.57334 0.17251
0.05093 26.10320 0.17718
0.05144 26.34467 0.17579
0.05194 26.53999 0.16523
0.05245 26.29827 0.17018
0.05296 26.42523 0.17680
0.05346 26.26617 0.16738
0.05397 26.52249 0.16718
0.05448 25.90984 0.16755
0.05498 26.14087 0.15952
0.05549 26.32228 0.16435
0.05600 26.13599 0.16828
0.05650 26.00000 0.17058
0.05701 25.81790 0.16175
0.05752 26.02840 0.16855
0.05803 25.77725 0.16152
0.05853 25.74906 0.15736
0.05904 25.92718 0.16200
0.05955 26.01565 0.15902
0.06005 25.81117 0.16149
0.06056 26.00859 0.15333
0.06107 25.88827 0.15740
0.06157 25.72243 0.15573
0.06208 25.55163 0.15137
0.06259 25.57951 0.15265
0.06309 25.48703 0.14880
0.06360 25.65970 0.15586
0.06411 25.45518 0.14461
0.06461 25.38474 0.15192
0.06512 25.42613 0.15249
0.06563 25.36465 0.14949
0.06613 25.58751 0.15527
0.06664 25.55590 0.15220
0.06715 25.38349 0.15043
0.06765 25.05844 0.14541
0.06816 25.12701 0.15096
0.06867 25.23484 0.14061
0.06917 24.97729 0.15108
0.06968 25.14541 0.14607
0.07019 24.95521 0.14359
0.07069 25.18638 0.14020
0.07120 24.96889 0.14449
0.07171 25.12327 0.13965
0.07221 25.01243 0.13985
0.07272 24.93418 0.13920
0.07323 25.10601 0.14001
0.07373 24.97425 0.14329
0.07424 24.99735 0.14112
0.07475 24.95032 0.14295
0.07526 24.89046 0.13921
0.07576 25.18028 0.13813
0.07627 24.89068 0.13944
0.07678 24.84027 0.13485
0.07728 25.19550 0.13272
0.07779 24.87789 0.13485
0.07830 25.04181 0.13866
0.07880 24.76447 0.13731
0.07931 25.00978 0.13142
0.07982 24.82206 0.13047
0.08032 25.04514 0.13287
0.08083 24.70588 0.13463
0.08134 24.63844 0.13789
0.08184 24.94796 0.13581
0.08235 24.84252 0.14221
0.08286 24.51949 0.13900
0.08336 24.82341 0.13789
0.08387 24.77609 0.13653
0.08438 24.78648 0.13658
0.08488 24.64718 0.13854
0.08539 24.53575 0.13519
0.08590 24.56069 0.13739
0.08640 24.72252 0.13454
0.08691 24.46993 0.13831
0.08742 24.54822 0.14029
0.08792 24.63199 0.13760
0.08843 24.62166 0.13595
0.08894 24.82264 0.13951
0.08944 24.59076 0.13463
0.08995 24.51382 0.13738
0.09046 24.54243 0.13920
0.09096 24.39936 0.14069
0.09147 24.31215 0.13502
0.09198 24.33150 0.13699
0.09248 24.43889 0.14122
0.09299 24.28319 0.13579
0.09350 24.41449 0.14148
0.09401 24.36478 0.14118
0.09451 24.23016 0.13259
0.09502 24.31874 0.13945
0.09553 24.04390 0.13744
0.09603 24.30247 0.13991
0.09654 24.26128 0.13601
0.09705 24.32559 0.13488
0.09755 24.35902 0.13101
0.09806 24.22188 0.13526
0.09857 23.98368 0.13432
0.09907 24.00535 0.13336
0.09958 24.32561 0.13165
0.10009 24.24884 0.13944
0.10059 23.93709 0.13442
0.10110 24.11910 0.12992
0.10161 24.14110 0.13263
0.10211 23.97656 0.13040
0.10262 24.21449 0.13256
0.10313 23.90964 0.13192
0.10363 24.14700 0.13078
0.10414 24.10137 0.13998
0.10465 24.16799 0.13655
0.10515 24.01398 0.13342
0.10566 24.04100 0.13846
0.10617 23.89161 0.12665
0.10667 24.09238 0.13264
0.10718 24.00449 0.12409
0.10769 24.03630 0.12924
0.10819 24.05244 0.12888
0.10870 24.01099 0.12868
0.10921 24.33046 0.12650
0.10971 24.01315 0.12888
0.11022 23.93816 0.12452
0.11073 23.93763 0.12422
0.11123 24.04440 0.12362
0.11174 23.87145 0.12008
0.11225 23.97644 0.12637
0.11275 24.10419 0.12255
0.11326 23.94418 0.12166
0.11377 23.82981 0.11963
0.11428 23.97577 0.12137
0.11478 23.79381 0.11958
0.11529 23.79886 0.11971
0.11580 23.93393 0.12243
0.11630 23.83326 0.11999
0.11681 23.92406 0.11743
0.11732 23.84885 0.11886
0.11782 23.88671 0.11780
0.11833 23.94153 0.11706
0.11884 23.79485 0.11486
0.11934 24.03697 0.11534
0.11985 23.80308 0.11689
0.12036 23.85023 0.11517
0.12086 23.82727 0.11671
0.12137 23.72995 0.11597
0.12188 23.72595 0.11291
0.12238 23.65389 0.11295
0.12289 23.74825 0.10915
0.12340 23.61108 0.10684
0.12390 23.89829 0.11282
0.12441 23.72755 0.11104
0.12492 23.48576 0.11257
0.12542 23.67555 0.11200
0.12593 23.65781 0.10877
0.12644 23.66170 0.11381
0.12694 23.64420 0.11079
0.12745 23.61416 0.11008
0.12796 23.64142 0.11144
0.12846 23.67712 0.10899
0.12897 23.52566 0.10478
0.12948 23.76370 0.11054
0.12998 23.71937 0.10408
0.13049 23.57079 0.10795
0.13100 23.60213 0.10325
0.13150 23.57174 0.10541
0.13201 23.65541 0.10318
0.13252 23.70159 0.10753
0.13302 23.79717 0.10613
0.13353 23.51910 0.10562
0.13404 23.64644 0.10559
0.13454 23.59593 0.10465
0.13505 23.44878 0.10415
0.13556 23.50020 0.10626
0.13606 23.64567 0.10378
0.13657 23.60809 0.10559
0.13708 23.56901 0.10384
0.13758 23.57469 0.10407
0.13809 23.52837 0.10251
0.13860 23.53599 0.10350
0.13911 23.50788 0.10094
0.13961 23.40327 0.10169
0.14012 23.50364 0.09912
0.14063 23.57241 0.10062
0.14113 23.34339 0.10268
0.14164 23.41612 0.10074
0.14215 23.49055 0.10160
0.14265 23.43418 0.10278
0.14316 23.50278 0.10023
0.14367 23.47930 0.10180
0.14417 23.48333 0.09837
0.14468 23.48850 0.10180
0.14519 23.34398 0.09853
0.14569 23.41756 0.10186
0.14620 23.48206 0.09918
0.14671 23.38370 0.09728
0.14721 23.17486 0.09865
0.14772 23.42594 0.10005
0.14823 23.16709 0.09738
0.14873 23.37738 0.09811
0.14924 23.21139 0.09861
0.14975 23.13096 0.09764
0.15025 23.12554 0.09391
0.15076 23.19833 0.09892
0.15127 23.11763 0.09551
0.15177 23.02997 0.09728
0.15228 23.38772 0.09467
0.15279 23.12151 0.09463
0.15329 23.08849 0.09674
0.15380 23.00516 0.09657
0.15431 23.01042 0.09648
0.15481 23.07505 0.09627
0.15532 23.13563 0.09536
0.15583 22.97406 0.09528
0.15633 23.06907 0.09459
0.15684 23.02746 0.09544
0.15735 22.74821 0.09381
0.15785 22.97248 0.09236
0.15836 22.97645 0.09305
0.15887 23.04463 0.09356
0.15937 22.86229 0.09589
0.15988 22.60141 0.09278
0.16039 23.01878 0.09492
0.16089 22.88360 0.09137
0.16140 22.77852 0.09675
0.16191 22.76790 0.09233
0.16241 22.87477 0.09120
0.16292 22.94002 0.09235
0.16343 22.72505 0.09228
0.16393 22.84403 0.09216
0.16444 22.78836 0.09314
0.16495 22.75699 0.09192
0.16545 22.69727 0.09229
0.16596 22.81235 0.09371
0.16647 22.81905 0.09428
0.16697 22.63162 0.09065
0.16748 22.60348 0.09021
0.16799 22.80941 0.09089
0.16849 22.55524 0.09181
0.16900 22.68554 0.09232
0.16951 22.63617 0.08937
0.17001 22.68979 0.09202
0.17052 22.60514 0.08989
0.17103 22.64507 0.09089
0.17153 22.65884 0.09223
0.17204 22.77015 0.09309
0.17255 22.50882 0.09137
0.17305 22.49518 0.08979
0.17356 22.66286 0.09343
0.17407 22.51269 0.09303
0.17457 22.56615 0.09114
0.17508 22.55094 0.09227
0.17559 22.54519 0.09296
0.17610 22.37745 0.09217
0.17660 22.49521 0.08900
0.17711 22.44311 0.09371
0.17762 22.48820 0.09316
0.17812 22.34612 0.09120
0.17863 22.37416 0.09236
0.17914 22.55625 0.09266
0.17964 22.49178 0.09454
0.18015 22.57328 0.09601
0.18066 22.26562 0.09290
0.18116 22.40908 0.09447
0.18167 22.25788 0.09481
0.18218 22.35874 0.09504
0.18268 22.35572 0.09654
0.18319 22.35655 0.09419
0.18370 22.33420 0.09455
0.18420 22.30445 0.09601
0.18471 22.26019 0.09485
0.18522 22.20612 0.09501
0.18572 22.32368 0.09687
0.18623 22.31443 0.09937
0.18674 22.23026 0.09337
0.18724 22.19351 0.09643
0.18775 22.15328 0.09504
0.18826 22.25870 0.09815
0.18876 22.23292 0.09790
0.18927 22.25148 0.09629
0.18978 22.33232 0.09985
0.19028 22.35531 0.10060
0.19079 22.28192 0.09769
0.19130 22.22077 0.09612
0.19180 22.27290 0.09823
0.19231 22.25887 0.09740
0.19282 22.34690 0.09826
0.19332 22.14309 0.09784
0.19383 22.16220 0.09826
0.19434 22.15620 0.10043
0.19484 22.06653 0.09920
0.19535 22.09445 0.10046
0.19586 22.07672 0.10036
0.19636 22.08110 0.09690
0.19687 22.21354 0.09984
0.19738 22.09892 0.09939
0.19788 22.16646 0.09659
0.19839 22.17525 0.10000
0.19890 22.15869 0.10053
0.19940 22.20489 0.09927
0.19991 21.93874 0.09965
0.20042 22.00251 0.09711
0.20092 22.01449 0.09664
0.20143 21.98625 0.09929
0.20194 22.02803 0.09825
0.20244 22.03644 0.10068
0.20295 21.96516 0.10005
0.20346 22.11758 0.10095
0.20396 21.86642 0.10085
0.20447 22.16790 0.10196
0.20498 22.02946 0.10159
0.20548 22.09361 0.10008
0.20599 21.80822 0.10020
0.20650 21.88006 0.09849
0.20700 21.93808 0.09943
0.20751 21.95541 0.09975
0.20802 21.94575 0.09844
0.20852 21.77082 0.09885
0.20903 22.15858 0.09839
0.20954 21.92832 0.09939
0.21004 21.79023 0.10185
0.21055 21.98720 0.09944
0.21106 21.85201 0.10040
0.21156 21.74362 0.10157
0.21207 21.84141 0.10257
0.21258 21.84093 0.10136
0.21308 21.66774 0.10016
0.21359 21.73950 0.09929
0.21410 21.66321 0.09786
0.21460 21.77709 0.10123
0.21511 21.83350 0.10021
0.21562 21.86253 0.10088
0.21612 21.77031 0.09872
0.21663 21.78635 0.09753
0.21714 21.80053 0.09928
0.21764 21.70288 0.09968
0.21815 21.84238 0.09893
0.21866 21.63478 0.10109
0.21916 21.69959 0.09989
0.21967 21.74876 0.09914
0.22018 21.59580 0.09786
0.22068 21.58433 0.10087
0.22119 21.61410 0.09696
0.22170 21.59999 0.09869
0.22220 21.41656 0.09889
0.22271 21.59031 0.09728
0.22322 21.77684 0.09987
0.22372 21.60759 0.09980
0.22423 21.40523 0.09690
0.22474 21.73990 0.09884
0.22524 21.51307 0.09686
0.22575 21.59321 0.09284
0.22626 21.35333 0.09326
0.22676 21.42137 0.09724
0.22727 21.48109 0.09574
0.22778 21.46916 0.09607
0.22828 21.31918 0.09401
0.22879 21.39272 0.09514
0.22930 21.34098 0.09719
0.22980 21.38564 0.09266
0.23031 21.41415 0.09453
0.23082 21.37894 0.09653
0.23132 21.28545 0.09208
0.23183 21.33349 0.09395
0.23234 21.19879 0.09323
0.23284 21.31879 0.09087
0.23335 21.28978 0.09234
0.23386 21.28555 0.09332
0.23436 21.36941 0.09060
0.23487 21.38406 0.09228
0.23538 21.18947 0.09095
0.23588 21.13694 0.08971
0.23639 21.33279 0.09084
0.23690 21.26862 0.09203
0.23740 21.22100 0.09031
0.23791 21.12531 0.08819
0.23842 21.22953 0.09230
0.23892 21.09079 0.08996
0.23943 21.10839 0.08955
0.23994 21.23994 0.08767
0.24044 21.18401 0.08977
0.24095 21.21482 0.08953
0.24145 21.18046 0.09030
0.24196 21.17262 0.08836
0.24247 21.12624 0.08792
0.24297 21.19336 0.08766
0.24348 21.17604 0.08643
0.24399 21.20424 0.08891
0.24449 21.05296 0.08842
0.24500 20.95380 0.08718
0.24551 20.92951 0.08738
0.24601 21.05682 0.08817
0.24652 21.08388 0.08721
0.24703 21.06925 0.08889
0.24753 21.09507 0.08598
0.24804 21.05427 0.08913
0.24855 20.98702 0.08627
0.24905 21.00382 0.08689
0.24956 20.98378 0.08598
0.25007 20.89485 0.08626
0.25057 20.83285 0.08414
0.25108 21.06851 0.08421
0.25159 20.84879 0.08532
0.25209 20.94786 0.08560
0.25260 20.97243 0.08569
0.25311 20.93940 0.08776
0.25361 21.13039 0.08550
0.25412 20.90074 0.08401
0.25463 20.99915 0.08465
0.25513 20.87523 0.08338
0.25564 20.80899 0.08504
0.25615 20.97333 0.08360
0.25665 20.88291 0.08569
0.25716 20.82031 0.08550
0.25767 20.86745 0.08506
0.25817 20.88791 0.08340
0.25868 20.83106 0.08334
0.25919 20.82415 0.08274
0.25969 20.91440 0.08283
0.26020 20.88892 0.08082
0.26071 20.84467 0.08237
0.26121 20.90517 0.08198
0.26172 20.73637 0.08149
0.26223 20.73265 0.08076
0.26273 20.73531 0.08206
0.26324 20.65585 0.08090
0.26375 20.83742 0.08196
0.26425 20.84630 0.08043
0.26476 20.67936 0.08238
0.26527 20.67212 0.08207
0.26577 20.75214 0.08229
0.26628 20.64071 0.08283
0.26679 20.69496 0.08209
0.26729 20.78888 0.07900
0.26780 20.63626 0.08064
0.26831 20.68116 0.08010
0.26881 20.56587 0.07936
0.26932 20.71863 0.08057
0.26983 20.56240 0.07989
0.27033 20.55368 0.07893
0.27084 20.72311 0.07860
0.27134 20.65041 0.07955
0.27185 20.44606 0.08045
0.27236 20.53548 0.07978
0.27286 20.66505 0.07963
0.27337 20.42800 0.07918
0.27388 20.56511 0.07926
0.27438 20.61340 0.07878
0.27489 20.43455 0.08008
0.27540 20.34343 0.07665
0.27590 20.38036 0.07755
0.27641 20.34122 0.07852
0.27692 20.59441 0.07727
0.27742 20.42103 0.07675
0.27793 20.29755 0.07815
0.27844 20.39235 0.07764
0.27894 20.39318 0.07546
0.27945 20.37286 0.07536
0.27996 20.29056 0.07773
0.28046 20.32940 0.07683
0.28097 20.47829 0.07751
0.28148 20.21612 0.07663
0.28198 20.35324 0.07678
0.28249 20.26665 0.07672
0.28300 20.38135 0.07740
0.28350 20.37263 0.07778
0.28401 20.19564 0.07505
0.28452 20.12278 0.07539
0.28502 20.23820 0.07616
0.28553 20.21442 0.07550
0.28604 20.29249 0.07626
0.28654 20.20281 0.07635
0.28705 20.19105 0.07689
0.28756 20.27414 0.07665
0.28806 20.17555 0.07852
0.28857 20.21078 0.07748
0.28908 20.27901 0.07603
0.28958 20.04650 0.07564
0.29009 20.06942 0.07675
0.29059 20.07472 0.07481
0.29110 19.96340 0.07655
0.29161 20.06538 0.07616
0.29211 20.09903 0.07531
0.29262 20.05156 0.07751
0.29313 19.95889 0.07701
0.29363 20.12970 0.07796
0.29414 20.04308 0.07833
0.29465 19.99078 0.07631
0.29515 19.96508 0.07613
0.29566 20.01910 0.07744
0.29617 20.08679 0.07668
0.29667 19.86660 0.07692
0.29718 19.99873 0.07567
0.29769 19.98234 0.07774
0.29819 19.90311 0.07757
0.29870 20.02993 0.07676
0.29921 20.03337 0.07688
0.29971 19.82426 0.07497
0.30022 19.96336 0.07602
0.30073 19.83880 0.07425
0.30123 19.72813 0.07645
0.30174 19.88872 0.07528
0.30225 19.82918 0.07705
0.30275 19.83507 0.07584
0.30326 19.76361 0.07441
0.30377 19.70406 0.07604
0.30427 19.70021 0.07293
0.30478 19.82822 0.07704
0.30529 19.80206 0.07559
0.30579 19.80490 0.07527
0.30630 19.65103 0.07527
0.30680 19.70355 0.07454
0.30731 19.78727 0.07478
0.30782 19.69163 0.07367
0.30832 19.60368 0.07526
0.30883 19.65132 0.07497
0.30934 19.43011 0.07326
0.30984 19.56534 0.07729
0.31035 19.62295 0.07557
0.31086 19.54329 0.07571
0.31136 19.62118 0.07632
0.31187 19.63740 0.07842
0.31238 19.44328 0.07832
0.31288 19.63792 0.07886
0.31339 19.57868 0.08059
0.31390 19.55862 0.07961
0.31440 19.45641 0.07815
0.31491 19.48753 0.07830
0.31542 19.54627 0.08028
0.31592 19.52835 0.07901
0.31643 19.48776 0.08077
0.31694 19.52224 0.08065
0.31744 19.49875 0.08219
0.31795 19.41554 0.07870
0.31845 19.52239 0.07937
0.31896 19.56444 0.08015
0.31947 19.41965 0.08077
0.31997 19.45601 0.08161
0.32048 19.45783 0.08157
0.32099 19.45293 0.08312
0.32149 19.36482 0.08165
0.32200 19.22344 0.08021
0.32251 19.38246 0.08085
0.32301 19.39743 0.08032
0.32352 19.35769 0.08038
0.32403 19.32831 0.08110
0.32453 19.16188 0.08143
0.32504 19.39681 0.08170
0.32555 19.37794 0.08104
0.32605 19.51060 0.08091
0.32656 19.33340 0.08063
0.32707 19.30618 0.08290
0.32757 19.39200 0.08110
0.32808 19.32263 0.08210
0.32859 19.31471 0.08357
0.32909 19.19934 0.08039
0.32960 19.19110 0.07963
0.33010 19.34136 0.07926
0.33061 19.27722 0.08280
0.33112 19.16709 0.07925
0.33162 19.33747 0.08295
0.33213 19.29437 0.07938
0.33264 19.28926 0.08424
0.33314 19.34428 0.08237
0.33365 19.24450 0.07880
0.33416 19.28870 0.08126
0.33466 19.05616 0.08110
0.33517 19.29804 0.08282
0.33568 19.11085 0.08346
0.33618 19.16495 0.08126
0.33669 19.15491 0.08322
0.33720 19.01048 0.08116
0.33770 19.24528 0.08382
0.33821 19.24464 0.08282
0.33872 19.22214 0.08301
0.33922 19.09664 0.08212
0.33973 19.20928 0.08226
0.34023 19.26874 0.08349
0.34074 19.10589 0.08334
0.34125 19.00738 0.08218
0.34175 19.18218 0.08139
0.34226 19.14423 0.08409
0.34277 18.98759 0.08366
0.34327 19.09106 0.08510
0.34378 19.14840 0.08599
0.34429 19.26937 0.08450
0.34479 19.15052 0.08237
0.34530 19.06112 0.08239
0.34581 19.08452 0.08384
0.34631 19.03067 0.08479
0.34682 19.06329 0.08341
0.34733 19.02725 0.08435
0.34783 18.90027 0.08283
0.34834 18.93620 0.08334
0.34884 19.10447 0.08531
0.34935 18.87381 0.08543
0.34986 18.91569 0.08410
0.35036 18.90705 0.08617
0.35087 18.85389 0.08558
0.35138 18.80396 0.08538
0.35188 18.81203 0.08431
0.35239 18.91564 0.08354
0.35290 18.90156 0.08375
0.35340 18.81085 0.08386
0.35391 18.76687 0.08054
0.35442 18.82670 0.08234
0.35492 18.80814 0.07939
0.35543 18.73735 0.07991
0.35594 18.73654 0.08179
0.35644 18.74258 0.07759
0.35695 18.83502 0.07983
0.35745 18.71674 0.07875
0.35796 18.77941 0.08048
0.35847 18.70975 0.07940
0.35897 18.68094 0.08032
0.35948 18.66650 0.08027
0.35999 18.76226 0.08165
0.36049 18.66583 0.08101
0.36100 18.60129 0.08070
0.36151 18.66702 0.07980
0.36201 18.82162 0.08189
0.36252 18.56760 0.07979
0.36303 18.55303 0.08225
0.36353 18.49009 0.07866
0.36404 18.65562 0.08124
0.36455 18.78626 0.08315
0.36505 18.70374 0.08210
0.36556 18.54301 0.08317
0.36606 18.44603 0.08154
0.36657 18.55634 0.08297
0.36708 18.64869 0.08350
0.36758 18.45606 0.08501
0.36809 18.49859 0.08869
0.36860 18.36793 0.08767
0.36910 18.28368 0.09044
0.36961 18.46209 0.08959
0.37012 18.46251 0.08978
0.37062 18.44272 0.09187
0.37113 18.31803 0.08781
0.37164 18.50174 0.08606
0.37214 18.45634 0.08778
0.37265 18.44275 0.08594
0.37315 18.44883 0.08731
0.37366 18.35235 0.08876
0.37417 18.43522 0.08859
0.37467 18.62099 0.09016
0.37518 18.44649 0.08701
0.37569 18.42708 0.09015
0.37619 18.46597 0.08700
0.37670 18.47896 0.08966
0.37721 18.52909 0.09023
0.37771 18.29884 0.09065
0.37822 18.40815 0.09312
0.37873 18.31219 0.08979
0.37923 18.39087 0.09127
0.37974 18.33988 0.08970
0.38024 18.42798 0.09106
0.38075 18.42486 0.09544
0.38126 18.35536 0.09344
0.38176 18.36589 0.09450
0.38227 18.25237 0.09484
0.38278 18.17442 0.09419
0.38328 18.17903 0.09668
0.38379 18.19756 0.09233
0.38430 18.22375 0.09632
0.38480 18.21607 0.09658
0.38531 17.98971 0.09440
0.38582 18.13197 0.09367
0.38632 18.25386 0.09567
0.38683 18.23635 0.09669
0.38733 18.13418 0.09572
0.38784 18.18966 0.10012
0.38835 18.27937 0.09724
0.38885 18.10631 0.09900
0.38936 18.26193 0.09711
0.38987 18.26952 0.09885
0.39037 18.17724 0.09999
0.39088 18.21029 0.09884
0.39139 18.07965 0.10027
0.39189 17.93799 0.10133
0.39240 18.00252 0.10138
0.39290 18.08254 0.10206
0.39341 17.89254 0.10190
0.39392 18.02282 0.11220
0.39442 18.08027 0.10140
0.39493 18.01420 0.10126
0.39544 17.99930 0.10728
0.39594 17.85856 0.10368
0.39645 17.92731 0.10608
0.39696 18.03086 0.10209
0.39746 18.10923 0.10466
0.39797 18.06450 0.10843
0.39847 17.88511 0.10651
0.39898 17.91252 0.10677
0.39949 17.94366 0.10987
0.39999 17.95950 0.10997
0.40050 18.03597 0.10842
0.40101 17.85951 0.10948
0.40151 17.79671 0.11174
0.40202 17.74667 0.10863
0.40253 17.93099 0.10803
0.40303 17.82741 0.11077
0.40354 17.85268 0.11370
0.40405 17.74034 0.10861
0.40455 17.67495 0.11386
0.40506 17.78496 0.11298
0.40556 17.77735 0.11100
0.40607 17.91920 0.11523
0.40658 17.79029 0.11274
0.40708 17.92665 0.11913
0.40759 17.48114 0.11212
0.40810 17.59192 0.11186
0.40860 17.55211 0.11661
0.40911 17.81817 0.11560
0.40962 17.56798 0.11811
0.41012 17.84689 0.11774
0.41063 17.53466 0.11821
0.41113 17.77409 0.11575
0.41164 17.48249 0.11610
0.41215 17.53910 0.11588
0.41265 17.61723 0.11394
0.41316 17.56235 0.11674
0.41367 17.62775 0.11312
0.41417 17.58471 0.11421
0.41468 17.57459 0.11721
0.41518 17.53781 0.11595
0.41569 17.83169 0.11874
0.41620 17.57928 0.11679
0.41670 17.55312 0.11907
0.41721 17.46196 0.11733
0.41772 17.41008 0.11707
0.41822 17.52501 0.12105
0.41873 17.34136 0.12531
0.41924 17.52054 0.11830
0.41974 17.50272 0.12381
0.42025 17.51562 0.12399
0.42075 17.43372 0.12075
0.42126 17.26718 0.12073
0.42177 17.61595 0.12354
0.42227 17.46988 0.12499
0.42278 17.17950 0.12208
0.42329 17.36025 0.12841
0.42379 17.37548 0.12893
0.42430 17.17015 0.13138
0.42481 17.43228 0.13052
0.42531 17.37152 0.13235
0.42582 17.35531 0.12808
0.42632 17.60531 0.13202
0.42683 17.41606 0.13921
0.42734 17.17034 0.13053
0.42784 17.67113 0.13335
0.42835 17.21720 0.13819
0.42886 17.25111 0.13697
0.42936 17.42109 0.13601
0.42987 17.29544 0.13534
0.43037 17.43538 0.13592
0.43088 17.33725 0.13478
0.43139 17.33535 0.13621
0.43189 17.27169 0.13811
0.43240 17.17583 0.14136
0.43291 17.49633 0.14356
0.43341 17.17930 0.14224
0.43392 17.25721 0.15028
0.43443 17.15436 0.14875
0.43493 17.33658 0.15051
0.43544 17.37888 0.15407
0.43594 17.35140 0.15675
0.43645 17.19284 0.15000
0.43696 17.20496 0.14833
0.43746 17.09972 0.15549
0.43797 17.18249 0.16023
0.43848 17.20775 0.15119
0.43898 17.33342 0.15823
0.43949 16.95037 0.15423
0.43999 17.00903 0.16639
