0.01140 1552.79539 63.85971
0.01191 1084.35457 50.21129
0.01242 718.49505 52.47655
0.01292 422.25264 37.61167
0.01343 290.91373 26.36867
0.01394 217.65023 19.79269
0.01444 182.64205 15.60484
0.01495 148.85396 12.94537
0.01546 115.95438 8.32715
0.01596 107.79850 7.59364
0.01647 95.25707 6.32418
0.01698 80.84533 4.45741
0.01748 73.11687 4.06941
0.01799 67.19294 3.26051
0.01850 62.55032 2.79563
0.01900 56.66587 2.30488
0.01951 54.19275 1.92815
0.02002 52.77763 1.75067
0.02052 47.76382 1.41541
0.02103 47.68315 1.18048
0.02154 45.06353 0.94710
0.02204 43.15947 0.80634
0.02255 41.73145 0.69481
0.02306 40.59099 0.56459
0.02356 39.73396 0.55882
0.02407 38.69293 0.50822
0.02458 38.02742 0.44631
0.02509 36.57394 0.42235
0.02559 36.38934 0.41221
0.02610 36.33515 0.35210
0.02661 34.76476 0.30699
0.02711 34.91187 0.29608
0.02762 33.85779 0.31037
0.02813 33.34454 0.30234
0.02863 33.27958 0.29994
0.02914 32.62298 0.25958
0.02965 31.85152 0.27414
0.03015 31.47390 0.26762
0.03066 31.39638 0.25078
0.03117 31.44653 0.24522
0.03167 31.24412 0.25306
0.03218 30.52417 0.23715
0.03269 31.02263 0.23470
0.03319 30.00322 0.24101
0.03370 30.01629 0.23592
0.03421 29.76725 0.24737
0.03471 29.41697 0.21685
0.03522 29.14733 0.23176
0.03573 29.06989 0.23750
0.03623 29.40044 0.23476
0.03674 29.45196 0.22842
0.03725 29.30139 0.22210
0.03775 28.83463 0.22302
0.03826 27.97202 0.20685
0.03877 28.55045 0.20258
0.03927 28.34734 0.20395
0.03978 28.19676 0.21140
0.04029 28.29552 0.21282
0.04080 27.82359 0.20659
0.04130 27.36353 0.19701
0.04181 27.83741 0.20010
0.04232 27.44617 0.20448
0.04282 27.70680 0.19493
0.04333 27.32300 0.20428
0.04384 27.17452 0.20199
0.04434 26.91778 0.18984
0.04485 26.92811 0.19450
0.04536 27.07759 0.19002
0.04586 26.77119 0.18654
0.04637 26.85083 0.18815
0.04688 26.73828 0.19215
0.04738 26.78397 0.18641
0.04789 26.55086 0.19220
0.04840 26.63483 0.17583
0.04890 26.39645 0.17687
0.04941 25.99998 0.17522
0.04992 26.51659 0.18181
0.05042 26.08670 0.17592
0.05093 26.25943 0.16603
0.05144 25.99676 0.18358
0.05194 26.30514 0.17782
0.05245 25.98653 0.17928
0.05296 26.09186 0.16349
0.05346 26.23114 0.16912
0.05397 25.82676 0.17353
0.05448 25.73465 0.16229
0.05498 25.82881 0.16084
0.05549 25.79668 0.16581
0.05600 25.45988 0.15919
0.05650 25.48767 0.16837
0.05701 25.49116 0.16728
0.05752 25.44526 0.15770
0.05803 25.04231 0.15479
0.05853 25.39253 0.16870
0.05904 25.45624 0.15568
0.05955 24.95709 0.16393
0.06005 25.42029 0.15429
0.06056 25.09580 0.15304
0.06107 25.10929 0.15701
0.06157 24.92040 0.15274
0.06208 25.35063 0.15299
0.06259 24.98094 0.15401
0.06309 25.07890 0.16081
0.06360 25.03119 0.15652
0.06411 24.68246 0.15029
0.06461 24.59936 0.14860
0.06512 24.64955 0.15218
0.06563 24.86231 0.14669
0.06613 24.64907 0.14725
0.06664 24.56372 0.15040
0.06715 24.50383 0.15080
0.06765 24.70733 0.14268
0.06816 24.58304 0.14380
0.06867 24.34035 0.14771
0.06917 24.26409 0.14362
0.06968 24.37610 0.14224
0.07019 24.45722 0.14252
0.07069 24.23830 0.14485
0.07120 24.00880 0.14493
0.07171 24.15699 0.14221
0.07221 24.36123 0.14006
0.07272 23.94753 0.13785
0.07323 24.05418 0.13997
0.07373 23.80628 0.13941
0.07424 24.00432 0.14069
0.07475 23.86590 0.13557
0.07526 23.94464 0.13613
0.07576 23.81507 0.13207
0.07627 23.80520 0.13368
0.07678 23.73282 0.13619
0.07728 23.60636 0.13131
0.07779 24.14721 0.13304
0.07830 23.61098 0.13059
0.07880 23.50194 0.13295
0.07931 23.62807 0.13568
0.07982 23.69932 0.12606
0.08032 23.55614 0.12812
0.08083 23.34803 0.12721
0.08134 23.69375 0.13291
0.08184 23.50077 0.13125
0.08235 23.56225 0.13377
0.08286 23.52686 0.13152
0.08336 23.34925 0.12882
0.08387 23.33585 0.13408
0.08438 23.42421 0.13407
0.08488 23.17623 0.13044
0.08539 23.35325 0.13675
0.08590 23.31110 0.13395
0.08640 23.18574 0.13145
0.08691 23.09501 0.12847
0.08742 23.26886 0.13277
0.08792 23.07041 0.13667
0.08843 23.01996 0.13316
0.08894 22.90341 0.13481
0.08944 22.99953 0.13314
0.08995 23.13551 0.12891
0.09046 22.66598 0.13170
0.09096 22.83586 0.13433
0.09147 22.77413 0.13698
0.09198 22.83428 0.13905
0.09248 22.84390 0.13762
0.09299 22.56431 0.13204
0.09350 22.61152 0.13661
0.09401 22.58685 0.13604
0.09451 22.49904 0.13552
0.09502 22.49763 0.13161
0.09553 22.70511 0.13054
0.09603 22.46835 0.13216
0.09654 22.26580 0.13286
0.09705 22.33560 0.13351
0.09755 22.31663 0.12850
0.09806 22.39425 0.13501
0.09857 22.45699 0.13381
0.09907 22.41940 0.12978
0.09958 22.30149 0.12938
0.10009 22.40295 0.13291
0.10059 22.28434 0.13198
0.10110 22.17977 0.12736
0.10161 22.17141 0.12272
0.10211 22.14214 0.12376
0.10262 22.15569 0.12098
0.10313 22.15301 0.12816
0.10363 21.93449 0.12836
0.10414 22.07182 0.12662
0.10465 22.24753 0.12945
0.10515 22.12774 0.12406
0.10566 22.06178 0.12814
0.10617 21.90076 0.12228
0.10667 21.87687 0.12651
0.10718 21.95261 0.12458
0.10769 21.72654 0.12153
0.10819 21.79890 0.12058
0.10870 21.81318 0.12223
0.10921 21.41706 0.11745
0.10971 21.51556 0.12362
0.11022 21.56451 0.11700
0.11073 21.39478 0.11553
0.11123 21.58431 0.11778
0.11174 21.41198 0.11481
0.11225 21.70429 0.11388
0.11275 21.54108 0.11368
0.11326 21.46278 0.11198
0.11377 21.74248 0.11658
0.11428 21.61579 0.11470
0.11478 21.40028 0.11229
0.11529 21.22611 0.11141
0.11580 21.43002 0.10880
0.11630 21.24838 0.10983
0.11681 21.31006 0.10685
0.11732 21.14400 0.10862
0.11782 21.15244 0.11098
0.11833 21.07667 0.11409
0.11884 21.21801 0.11059
0.11934 20.89980 0.10673
0.11985 21.17385 0.10452
0.12036 21.14296 0.10943
0.12086 21.09464 0.10785
0.12137 21.13830 0.10853
0.12188 21.12046 0.10603
0.12238 21.01708 0.10438
0.12289 21.12360 0.10766
0.12340 21.00817 0.10574
0.12390 20.85042 0.10689
0.12441 20.84944 0.10473
0.12492 20.86405 0.10609
0.12542 20.71649 0.10322
0.12593 20.74482 0.10518
0.12644 20.76481 0.10300
0.12694 20.77310 0.10462
0.12745 20.43818 0.09996
0.12796 20.88839 0.10386
0.12846 20.76694 0.10163
0.12897 20.66118 0.09960
0.12948 20.73976 0.10292
0.12998 20.66610 0.10192
0.13049 20.58207 0.09854
0.13100 20.56398 0.09674
0.13150 20.69919 0.09767
0.13201 20.40466 0.09788
0.13252 20.40696 0.09570
0.13302 20.47278 0.09708
0.13353 20.57708 0.09659
0.13404 20.43579 0.09835
0.13454 20.57981 0.09874
0.13505 20.37762 0.09715
0.13556 20.40942 0.09834
0.13606 20.23593 0.09472
0.13657 20.26684 0.09508
0.13708 20.36071 0.09503
0.13758 20.18695 0.09467
0.13809 20.48358 0.09405
0.13860 20.31306 0.09408
0.13911 20.27232 0.09240
0.13961 20.19888 0.09532
0.14012 20.23957 0.09323
0.14063 20.24302 0.09499
0.14113 20.13834 0.09770
0.14164 20.06119 0.08945
0.14215 19.89844 0.09348
0.14265 20.04780 0.09526
0.14316 20.11621 0.09179
0.14367 19.84141 0.09537
0.14417 20.06841 0.09223
0.14468 20.09642 0.09151
0.14519 19.77067 0.09231
0.14569 19.85463 0.09404
0.14620 19.98298 0.09215
0.14671 19.80261 0.09054
0.14721 19.70370 0.09278
0.14772 19.85328 0.08850
0.14823 19.66264 0.08664
0.14873 19.74573 0.08911
0.14924 19.61094 0.09159
0.14975 19.60183 0.09011
0.15025 19.60464 0.09047
0.15076 19.64437 0.09128
0.15127 19.30763 0.08884
0.15177 19.43509 0.09005
0.15228 19.47618 0.08714
0.15279 19.41743 0.08706
0.15329 19.41714 0.08715
0.15380 19.33685 0.08704
0.15431 19.42886 0.08626
0.15481 19.26722 0.08947
0.15532 19.39805 0.08721
0.15583 19.20606 0.08582
0.15633 19.21681 0.08779
0.15684 19.20691 0.08529
0.15735 19.18114 0.08535
0.15785 19.06544 0.08494
0.15836 19.08300 0.08628
0.15887 19.11431 0.08680
0.15937 19.00294 0.08465
0.15988 19.06421 0.08473
0.16039 18.96208 0.08254
0.16089 19.02367 0.08476
0.16140 18.89249 0.08507
0.16191 19.20600 0.08476
0.16241 18.91805 0.08542
0.16292 18.85632 0.08418
0.16343 18.83631 0.08252
0.16393 18.71863 0.08244
0.16444 18.85423 0.08423
0.16495 18.78484 0.08241
0.16545 18.86837 0.08200
0.16596 18.83415 0.08388
0.16647 18.80997 0.08373
0.16697 18.64126 0.08130
0.16748 18.61976 0.08030
0.16799 18.67222 0.08088
0.16849 18.67898 0.08370
0.16900 18.60652 0.08195
0.16951 18.48807 0.07838
0.17001 18.51324 0.08221
0.17052 18.52109 0.08326
0.17103 18.61204 0.08251
0.17153 18.53390 0.08374
0.17204 18.54646 0.08201
0.17255 18.45918 0.08196
0.17305 18.43822 0.08105
0.17356 18.38513 0.08210
0.17407 18.48112 0.08338
0.17457 18.35289 0.08312
0.17508 18.27080 0.08236
0.17559 18.31923 0.08217
0.17610 18.36238 0.08269
0.17660 18.18685 0.08105
0.17711 18.24086 0.08090
0.17762 18.18456 0.08257
0.17812 18.23282 0.08385
0.17863 18.28134 0.08414
0.17914 18.19161 0.08205
0.17964 18.29579 0.08279
0.18015 18.09912 0.08387
0.18066 18.17536 0.08462
0.18116 18.01168 0.08584
0.18167 18.16601 0.08633
0.18218 18.16515 0.08578
0.18268 18.21019 0.08481
0.18319 18.03296 0.08390
0.18370 17.95330 0.08208
0.18420 17.97957 0.08786
0.18471 18.04991 0.08661
0.18522 17.84765 0.08661
0.18572 17.95524 0.08516
0.18623 18.08105 0.08683
0.18674 17.86627 0.08545
0.18724 17.86574 0.08655
0.18775 17.88222 0.08834
0.18826 17.89244 0.08769
0.18876 17.84243 0.08624
0.18927 17.69185 0.08666
0.18978 17.69345 0.08491
0.19028 17.63071 0.08855
0.19079 17.74481 0.08656
0.19130 17.68711 0.08956
0.19180 17.65346 0.08904
0.19231 17.61365 0.08841
0.19282 17.63666 0.08660
0.19332 17.76687 0.08691
0.19383 17.57262 0.08803
0.19434 17.62298 0.08935
0.19484 17.46736 0.08634
0.19535 17.65589 0.08941
0.19586 17.51826 0.08668
0.19636 17.62360 0.08820
0.19687 17.61474 0.09027
0.19738 17.39261 0.08619
0.19788 17.54980 0.08820
0.19839 17.50296 0.08905
0.19890 17.36271 0.08847
0.19940 17.27371 0.08782
0.19991 17.45210 0.08939
0.20042 17.32370 0.08910
0.20092 17.38895 0.08742
0.20143 17.45515 0.09119
0.20194 17.45529 0.09174
0.20244 17.51824 0.09210
0.20295 17.27797 0.08709
0.20346 17.35328 0.08779
0.20396 17.25306 0.09026
0.20447 17.24432 0.08695
0.20498 17.26163 0.08725
0.20548 17.40365 0.08935
0.20599 17.19137 0.08765
0.20650 16.97481 0.08918
0.20700 17.24829 0.08859
0.20751 17.15709 0.08671
0.20802 17.21996 0.08865
0.20852 17.15551 0.08825
0.20903 17.13144 0.08603
0.20954 16.99524 0.08614
0.21004 17.22040 0.08780
0.21055 17.20806 0.08817
0.21106 17.02573 0.08880
0.21156 16.94787 0.08958
0.21207 17.01242 0.08843
0.21258 17.04577 0.08955
0.21308 16.84097 0.08554
0.21359 17.10505 0.08894
0.21410 17.02329 0.08922
0.21460 16.98250 0.08836
0.21511 16.89258 0.08678
0.21562 16.90680 0.08770
0.21612 16.78149 0.08766
0.21663 16.88745 0.08616
0.21714 16.85494 0.08664
0.21764 16.73587 0.08915
0.21815 16.67436 0.08756
0.21866 16.79416 0.08897
0.21916 16.86425 0.08836
0.21967 16.75175 0.08601
0.22018 16.77238 0.08742
0.22068 16.64743 0.08913
0.22119 16.74957 0.08836
0.22170 16.33180 0.08677
0.22220 16.64927 0.08668
0.22271 16.68411 0.08379
0.22322 16.59575 0.08489
0.22372 16.58335 0.08852
0.22423 16.56671 0.08346
0.22474 16.69477 0.08520
0.22524 16.60476 0.08771
0.22575 16.44072 0.08485
0.22626 16.60987 0.08446
0.22676 16.62710 0.08492
0.22727 16.43542 0.08102
0.22778 16.53310 0.08214
0.22828 16.52540 0.08289
0.22879 16.42147 0.08418
0.22930 16.33117 0.08038
0.22980 16.36329 0.08095
0.23031 16.37164 0.08191
0.23082 16.15370 0.08189
0.23132 16.37769 0.08253
0.23183 16.24718 0.08125
0.23234 16.40672 0.08239
0.23284 16.18521 0.08156
0.23335 16.32848 0.08140
0.23386 16.31484 0.07965
0.23436 16.34103 0.08257
0.23487 16.21623 0.08183
0.23538 16.22063 0.07962
0.23588 16.22036 0.08002
0.23639 16.32941 0.07936
0.23690 16.26403 0.07951
0.23740 16.16061 0.07796
0.23791 16.11429 0.07920
0.23842 16.13398 0.07877
0.23892 16.10910 0.07768
0.23943 16.07031 0.07722
0.23994 16.09372 0.08016
0.24044 16.26380 0.07989
0.24095 16.02963 0.07903
0.24145 15.97463 0.07722
0.24196 16.09204 0.07830
0.24247 16.09954 0.07843
0.24297 16.16093 0.07710
0.24348 16.01709 0.07601
0.24399 15.89159 0.07699
0.24449 15.82798 0.07662
0.24500 16.05467 0.07562
0.24551 16.01336 0.07609
0.24601 15.92416 0.07680
0.24652 15.97491 0.07612
0.24703 15.85171 0.07620
0.24753 15.97012 0.07421
0.24804 15.80925 0.07631
0.24855 15.88570 0.07592
0.24905 15.78830 0.07453
0.24956 15.87651 0.07477
0.25007 15.71287 0.07267
0.25057 15.85561 0.07419
0.25108 15.82612 0.07306
0.25159 15.89848 0.07258
0.25209 15.72448 0.07332
0.25260 15.78017 0.07351
0.25311 15.77092 0.07404
0.25361 15.77034 0.07345
0.25412 15.62997 0.07242
0.25463 15.82494 0.07367
0.25513 15.63878 0.07236
0.25564 15.72578 0.07365
0.25615 15.63278 0.07461
0.25665 15.81083 0.07313
0.25716 15.58012 0.07207
0.25767 15.64387 0.07275
0.25817 15.60380 0.07072
0.25868 15.59033 0.07054
0.25919 15.58014 0.07066
0.25969 15.48136 0.07019
0.26020 15.55721 0.06981
0.26071 15.58780 0.06912
0.26121 15.49075 0.07038
0.26172 15.49646 0.07005
0.26223 15.49279 0.06962
0.26273 15.56442 0.06986
0.26324 15.60247 0.07100
0.26375 15.51988 0.06822
0.26425 15.60752 0.06982
0.26476 15.40790 0.06879
0.26527 15.38847 0.06977
0.26577 15.46639 0.06853
0.26628 15.41391 0.06943
0.26679 15.40802 0.06984
0.26729 15.34375 0.06984
0.26780 15.28824 0.06944
0.26831 15.40391 0.06917
0.26881 15.25360 0.06756
0.26932 15.37581 0.06832
0.26983 15.36764 0.06939
0.27033 15.35943 0.06913
0.27084 15.26443 0.06850
0.27134 15.30137 0.06832
0.27185 15.29731 0.06862
0.27236 15.25952 0.06703
0.27286 15.22290 0.06797
0.27337 15.19599 0.06807
0.27388 15.20995 0.06795
0.27438 15.16273 0.06681
0.27489 15.08603 0.06867
0.27540 15.09601 0.06605
0.27590 15.14155 0.06745
0.27641 15.30991 0.06845
0.27692 15.17478 0.06841
0.27742 15.19286 0.06592
0.27793 15.09327 0.06832
0.27844 15.17258 0.06599
0.27894 15.04070 0.06592
0.27945 15.12455 0.06756
0.27996 15.06027 0.06660
0.28046 15.02787 0.06687
0.28097 15.06691 0.06611
0.28148 15.02585 0.06489
0.28198 15.05741 0.06631
0.28249 15.09792 0.06665
0.28300 14.85549 0.06462
0.28350 15.07243 0.06561
0.28401 14.93831 0.06440
0.28452 14.99172 0.06509
0.28502 15.01013 0.06577
0.28553 14.85461 0.06519
0.28604 14.85037 0.06530
0.28654 14.91796 0.06663
0.28705 14.95502 0.06502
0.28756 14.86215 0.06477
0.28806 14.86820 0.06577
0.28857 14.93432 0.06513
0.28908 14.88850 0.06529
0.28958 14.83434 0.06508
0.29009 14.77723 0.06545
0.29059 14.77246 0.06443
0.29110 14.87302 0.06413
0.29161 14.87942 0.06613
0.29211 14.78069 0.06536
0.29262 14.84064 0.06627
0.29313 14.74970 0.06615
0.29363 14.93729 0.06529
0.29414 14.81130 0.06561
0.29465 14.61996 0.06523
0.29515 14.72931 0.06581
0.29566 14.78009 0.06597
0.29617 14.70798 0.06620
0.29667 14.68117 0.06520
0.29718 14.61110 0.06552
0.29769 14.68751 0.06628
0.29819 14.69965 0.06545
0.29870 14.60150 0.06507
0.29921 14.55089 0.06753
0.29971 14.56100 0.06441
0.30022 14.66805 0.06687
0.30073 14.48222 0.06549
0.30123 14.54241 0.06430
0.30174 14.55573 0.06633
0.30225 14.63250 0.06457
0.30275 14.54799 0.06521
0.30326 14.62943 0.06446
0.30377 14.42670 0.06385
0.30427 14.44802 0.06415
0.30478 14.49444 0.06508
0.30529 14.52397 0.06456
0.30579 14.54842 0.06385
0.30630 14.46499 0.06543
0.30680 14.51044 0.06460
0.30731 14.44885 0.06389
0.30782 14.49638 0.06340
0.30832 14.43570 0.06207
0.30883 14.36135 0.06285
0.30934 14.44773 0.06389
0.30984 14.37220 0.06414
0.31035 14.28889 0.06571
0.31086 14.39190 0.06456
0.31136 14.48010 0.06687
0.31187 14.31320 0.06715
0.31238 14.38461 0.06652
0.31288 14.30742 0.06698
0.31339 14.32662 0.06737
0.31390 14.26435 0.06760
0.31440 14.25878 0.06696
0.31491 14.24920 0.06741
0.31542 14.28196 0.06960
0.31592 14.20617 0.06844
0.31643 14.21067 0.06869
0.31694 14.30791 0.06700
0.31744 14.32100 0.07021
0.31795 14.17337 0.06727
0.31845 14.24500 0.06734
0.31896 14.19881 0.06997
0.31947 14.15213 0.06939
0.31997 14.19720 0.07015
0.32048 14.24746 0.06981
0.32099 14.25540 0.06872
0.32149 14.17234 0.06989
0.32200 14.27927 0.06895
0.32251 14.18614 0.06813
0.32301 14.05150 0.06942
0.32352 14.15451 0.06892
0.32403 14.27341 0.07010
0.32453 14.04864 0.06764
0.32504 14.12877 0.06972
0.32555 14.15721 0.07000
0.32605 14.15953 0.06984
0.32656 14.10594 0.06952
0.32707 14.10339 0.06867
0.32757 14.03992 0.06811
0.32808 14.05355 0.06817
0.32859 14.24119 0.07035
0.32909 14.14270 0.06944
0.32960 14.02233 0.06893
0.33010 14.09663 0.06976
0.33061 14.13866 0.06952
0.33112 14.03126 0.07030
0.33162 14.06183 0.06852
0.33213 13.95538 0.06968
0.33264 13.93453 0.07042
0.33314 13.97230 0.07105
0.33365 13.97126 0.06999
0.33416 14.08457 0.06955
0.33466 13.81311 0.06991
0.33517 13.94436 0.06999
0.33568 13.92915 0.06981
0.33618 13.83936 0.07007
0.33669 13.98993 0.06998
0.33720 13.99916 0.06903
0.33770 13.99370 0.06978
0.33821 14.05522 0.07130
0.33872 13.95048 0.07202
0.33922 13.88896 0.07121
0.33973 13.82033 0.07064
0.34023 13.76737 0.07046
0.34074 14.02411 0.07094
0.34125 13.90719 0.07085
0.34175 13.78699 0.07140
0.34226 13.81441 0.07113
0.34277 13.89097 0.06961
0.34327 13.94928 0.07355
0.34378 13.83916 0.07014
0.34429 13.77120 0.07066
0.34479 13.86104 0.07105
0.34530 13.76747 0.07022
0.34581 13.81660 0.06966
0.34631 13.83590 0.07107
0.34682 13.70943 0.07243
0.34733 13.77383 0.07224
0.34783 13.70231 0.07123
0.34834 13.73529 0.07069
0.34884 13.75606 0.07048
0.34935 13.84047 0.07129
0.34986 13.84174 0.07252
0.35036 13.64906 0.07242
0.35087 13.59704 0.07085
0.35138 13.67380 0.07194
0.35188 13.58022 0.06963
0.35239 13.71346 0.07031
0.35290 13.57900 0.06955
0.35340 13.64360 0.06805
0.35391 13.62767 0.06853
0.35442 13.70499 0.06846
0.35492 13.60084 0.07071
0.35543 13.52989 0.06816
0.35594 13.59269 0.06719
0.35644 13.62509 0.06680
0.35695 13.63476 0.06952
0.35745 13.55014 0.06890
0.35796 13.56892 0.06917
0.35847 13.58467 0.06852
0.35897 13.52263 0.06838
0.35948 13.58000 0.06770
0.35999 13.52363 0.06879
0.36049 13.56601 0.06857
0.36100 13.63440 0.06749
0.36151 13.41545 0.06983
0.36201 13.51018 0.06842
0.36252 13.61875 0.06808
0.36303 13.60625 0.06992
0.36353 13.56449 0.06867
0.36404 13.49984 0.06866
0.36455 13.58171 0.07001
0.36505 13.51365 0.06891
0.36556 13.44609 0.06981
0.36606 13.48192 0.07079
0.36657 13.63657 0.06790
0.36708 13.49282 0.07106
0.36758 13.34385 0.07147
0.36809 13.41813 0.07275
0.36860 13.35047 0.07499
0.36910 13.36269 0.07526
0.36961 13.38933 0.07392
0.37012 13.40335 0.07555
0.37062 13.20061 0.07427
0.37113 13.23348 0.07221
0.37164 13.41100 0.07347
0.37214 13.50095 0.07364
0.37265 13.40183 0.07471
0.37315 13.33995 0.07465
0.37366 13.25888 0.07300
0.37417 13.45505 0.07460
0.37467 13.32679 0.07481
0.37518 13.18131 0.07353
0.37569 13.19337 0.07463
0.37619 13.24221 0.07513
0.37670 13.22570 0.07534
0.37721 13.26802 0.07641
0.37771 13.36256 0.07819
0.37822 13.23062 0.07691
0.37873 13.40281 0.07711
0.37923 13.30664 0.07557
0.37974 13.29987 0.07914
0.38024 13.23933 0.07628
0.38075 13.25163 0.07779
0.38126 13.17686 0.08057
0.38176 13.22008 0.07833
0.38227 13.30697 0.07848
0.38278 13.15396 0.07871
0.38328 13.24601 0.07892
0.38379 13.20748 0.07961
0.38430 13.10423 0.07973
0.38480 13.27873 0.08041
0.38531 13.23932 0.08283
0.38582 13.18941 0.08210
0.38632 13.24206 0.08081
0.38683 13.04913 0.08018
0.38733 13.31211 0.08290
0.38784 13.30189 0.08393
0.38835 13.27460 0.08221
0.38885 13.21022 0.08356
0.38936 13.23933 0.08262
0.38987 13.09792 0.08368
0.39037 13.08834 0.08351
0.39088 13.22801 0.08545
0.39139 13.06993 0.08675
0.39189 13.09421 0.08611
0.39240 13.24853 0.08415
0.39290 13.08359 0.08694
0.39341 13.05772 0.08478
0.39392 13.06119 0.09839
0.39442 13.16636 0.08735
0.39493 13.06548 0.08765
0.39544 13.08362 0.08726
0.39594 13.12389 0.08939
0.39645 12.97434 0.08828
0.39696 12.99509 0.09035
0.39746 12.89374 0.08691
0.39797 13.06118 0.08737
0.39847 12.96800 0.08823
0.39898 12.97531 0.09243
0.39949 12.97521 0.08979
0.39999 13.03026 0.09283
0.40050 13.00263 0.09143
0.40101 13.02868 0.09331
0.40151 12.96729 0.09524
0.40202 12.88097 0.09347
0.40253 13.03415 0.09094
0.40303 12.90819 0.09207
0.40354 13.04733 0.09964
0.40405 12.81070 0.09234
0.40455 12.93855 0.09423
0.40506 12.99786 0.09725
0.40556 12.93876 0.09596
0.40607 12.72868 0.09489
0.40658 12.94364 0.09869
0.40708 12.96891 0.09801
0.40759 12.73333 0.09424
0.40810 12.81641 0.09667
0.40860 12.92330 0.09674
0.40911 12.82965 0.09614
0.40962 12.89890 0.09411
0.41012 12.87208 0.09670
0.41063 12.70924 0.09938
0.41113 12.61950 0.09786
0.41164 12.83899 0.09912
0.41215 12.98126 0.09866
0.41265 12.60538 0.09879
0.41316 12.91477 0.10102
0.41367 12.71365 0.09826
0.41417 12.81684 0.10064
0.41468 12.85299 0.10102
0.41518 12.79703 0.10272
0.41569 12.82848 0.09698
0.41620 12.45419 0.10039
0.41670 12.69030 0.10244
0.41721 12.52814 0.10212
0.41772 12.74929 0.10004
0.41822 12.74620 0.09909
0.41873 12.68455 0.10224
0.41924 12.67899 0.10211
0.41974 12.57931 0.10285
0.42025 12.62721 0.10298
0.42075 12.66509 0.10541
0.42126 12.55413 0.10362
0.42177 12.58384 0.10373
0.42227 12.68677 0.10666
0.42278 12.38917 0.10260
0.42329 12.65383 0.10933
0.42379 12.65341 0.10539
0.42430 12.48653 0.10510
0.42481 12.65729 0.10617
0.42531 12.64810 0.10911
0.42582 12.40330 0.10949
0.42632 12.59616 0.11022
0.42683 12.69460 0.11405
0.42734 12.59525 0.10971
0.42784 12.54563 0.11039
0.42835 12.72062 0.11652
0.42886 12.55016 0.11329
0.42936 12.58586 0.11451
0.42987 12.44940 0.11743
0.43037 12.44688 0.11255
0.43088 12.65434 0.11454
0.43139 12.46647 0.11841
0.43189 12.65406 0.12182
0.43240 12.51526 0.11337
0.43291 12.62269 0.11999
0.43341 12.59606 0.12217
0.43392 12.33531 0.12735
0.43443 12.36491 0.12152
0.43493 12.45487 0.12240
0.43544 12.62285 0.13030
0.43594 12.54988 0.13032
0.43645 12.42830 0.13702
0.43696 12.61957 0.13049
0.43746 12.57016 0.13245
0.43797 12.49021 0.12689
0.43848 12.37280 0.13006
0.43898 12.62625 0.13782
0.43949 12.73021 0.13106
0.43999 12.42420 0.13502
