0.01140 1517.15885 62.87826
0.01191 1059.77304 50.81159
0.01242 702.27677 51.54336
0.01292 421.16514 37.35785
0.01343 284.40389 25.46935
0.01394 213.15470 18.89464
0.01444 180.56391 15.63709
0.01495 144.60587 12.41434
0.01546 111.34767 8.18186
0.01596 105.50101 7.81700
0.01647 94.35462 6.22841
0.01698 76.29692 4.38964
0.01748 72.29754 3.92549
0.01799 66.02544 3.29507
0.01850 60.00575 2.80163
0.01900 54.62811 2.24868
0.01951 53.10299 1.86731
0.02002 49.11282 1.61960
0.02052 47.51276 1.27844
0.02103 45.22123 1.09330
0.02154 43.44399 0.89844
0.02204 41.88966 0.80886
0.02255 40.31054 0.65994
0.02306 38.53849 0.59411
0.02356 37.55385 0.55405
0.02407 36.90325 0.54238
0.02458 36.05393 0.45290
0.02509 35.09513 0.41407
0.02559 34.45816 0.38117
0.02610 33.42123 0.35502
0.02661 33.18934 0.32636
0.02711 32.46626 0.31910
0.02762 31.88121 0.28428
0.02813 31.03859 0.27862
0.02863 30.78407 0.26460
0.02914 30.40815 0.25938
0.02965 29.86261 0.25603
0.03015 29.82321 0.24393
0.03066 29.54318 0.23860
0.03117 29.20933 0.24076
0.03167 28.84726 0.24227
0.03218 28.34843 0.23077
0.03269 27.83803 0.23982
0.03319 27.63398 0.22619
0.03370 27.81582 0.22545
0.03421 27.52183 0.23015
0.03471 27.36061 0.21700
0.03522 26.92380 0.22190
0.03573 27.11664 0.22169
0.03623 26.82365 0.21364
0.03674 26.43267 0.22111
0.03725 26.53073 0.20482
0.03775 26.32353 0.21209
0.03826 25.71245 0.20310
0.03877 25.95990 0.20789
0.03927 26.18001 0.20777
0.03978 25.58515 0.19382
0.04029 25.39534 0.18898
0.04080 25.33035 0.20038
0.04130 25.52933 0.19400
0.04181 25.02077 0.19459
0.04232 25.18355 0.19828
0.04282 25.11337 0.19644
0.04333 24.84270 0.18492
0.04384 24.48147 0.18091
0.04434 24.58059 0.18287
0.04485 24.90330 0.18486
0.04536 24.15143 0.18311
0.04586 25.03541 0.18371
0.04637 24.25965 0.17493
0.04688 24.13728 0.17121
0.04738 23.83798 0.17189
0.04789 23.94778 0.17323
0.04840 23.89696 0.16855
0.04890 23.46725 0.17453
0.04941 23.69681 0.16763
0.04992 23.58590 0.16869
0.05042 23.72794 0.15971
0.05093 23.72308 0.16712
0.05144 23.45758 0.16378
0.05194 23.39075 0.15338
0.05245 23.29795 0.15965
0.05296 23.31302 0.15168
0.05346 22.83416 0.15548
0.05397 23.23561 0.15455
0.05448 23.15564 0.15743
0.05498 23.13390 0.16006
0.05549 22.98784 0.15302
0.05600 23.08271 0.14884
0.05650 23.01137 0.15867
0.05701 22.53162 0.14525
0.05752 22.59641 0.15486
0.05803 22.76349 0.15015
0.05853 22.64140 0.15318
0.05904 22.53817 0.15106
0.05955 22.61035 0.14862
0.06005 22.31517 0.14156
0.06056 22.46049 0.14701
0.06107 22.37406 0.14178
0.06157 21.92953 0.14312
0.06208 21.97235 0.14942
0.06259 21.96622 0.15048
0.06309 21.84576 0.13905
0.06360 21.88865 0.14181
0.06411 22.02450 0.13927
0.06461 21.91506 0.14393
0.06512 22.10788 0.13880
0.06563 22.02444 0.13890
0.06613 21.83374 0.14090
0.06664 21.53389 0.13904
0.06715 21.53849 0.13565
0.06765 21.46721 0.13874
0.06816 21.44173 0.13665
0.06867 21.26590 0.13249
0.06917 21.29258 0.13364
0.06968 21.32498 0.13358
0.07019 21.28701 0.13204
0.07069 21.50079 0.13602
0.07120 21.16209 0.13108
0.07171 21.30200 0.13313
0.07221 21.08964 0.13298
0.07272 21.02422 0.12316
0.07323 20.97370 0.13260
0.07373 20.82805 0.13026
0.07424 20.97018 0.13259
0.07475 20.92820 0.12719
0.07526 20.58726 0.12828
0.07576 20.82838 0.12900
0.07627 20.71623 0.12388
0.07678 20.48017 0.12207
0.07728 20.62388 0.12364
0.07779 20.58165 0.12385
0.07830 20.54822 0.11972
0.07880 20.48640 0.12461
0.07931 20.34494 0.11932
0.07982 20.53042 0.11933
0.08032 20.29707 0.12008
0.08083 20.15381 0.11876
0.08134 20.33629 0.12384
0.08184 20.26969 0.12358
0.08235 20.20896 0.12441
0.08286 20.26798 0.12543
0.08336 20.36365 0.11952
0.08387 19.96482 0.12184
0.08438 20.14327 0.11871
0.08488 19.99317 0.12767
0.08539 19.96797 0.12361
0.08590 19.92210 0.12709
0.08640 19.71802 0.12143
0.08691 19.94290 0.12136
0.08742 19.92166 0.12389
0.08792 19.81786 0.12514
0.08843 19.71796 0.12030
0.08894 19.77428 0.12593
0.08944 19.69175 0.12416
0.08995 19.44926 0.12360
0.09046 19.54465 0.12138
0.09096 19.43127 0.12430
0.09147 19.53417 0.12615
0.09198 19.59302 0.12405
0.09248 19.46144 0.12425
0.09299 19.55087 0.12928
0.09350 19.32025 0.12374
0.09401 19.21865 0.12588
0.09451 19.19821 0.12710
0.09502 19.06730 0.12473
0.09553 19.08306 0.12029
0.09603 18.88027 0.12064
0.09654 19.07754 0.11875
0.09705 19.26086 0.12094
0.09755 19.02629 0.12112
0.09806 18.78111 0.11893
0.09857 18.95260 0.12075
0.09907 18.87273 0.12304
0.09958 18.86945 0.11858
0.10009 18.89102 0.12244
0.10059 18.85378 0.11519
0.10110 18.80241 0.12186
0.10161 18.90933 0.11590
0.10211 18.80746 0.11858
0.10262 18.57462 0.11221
0.10313 18.58103 0.11077
0.10363 18.64399 0.11658
0.10414 18.57587 0.11499
0.10465 18.56889 0.11835
0.10515 18.62808 0.11904
0.10566 18.49979 0.11798
0.10617 18.44184 0.11306
0.10667 18.61757 0.11476
0.10718 18.32910 0.11195
0.10769 18.32166 0.10959
0.10819 18.32512 0.11032
0.10870 18.09140 0.10682
0.10921 18.23449 0.11214
0.10971 18.15857 0.10930
0.11022 18.07781 0.10863
0.11073 18.14403 0.10636
0.11123 18.14208 0.10568
0.11174 18.37128 0.10755
0.11225 17.95555 0.10966
0.11275 17.92206 0.10719
0.11326 17.94852 0.10156
0.11377 18.05160 0.10687
0.11428 17.93150 0.10121
0.11478 17.76173 0.10234
0.11529 17.78094 0.10287
0.11580 17.86061 0.10148
0.11630 17.69373 0.10432
0.11681 17.88670 0.10033
0.11732 17.68861 0.09990
0.11782 17.67809 0.09941
0.11833 17.66983 0.10189
0.11884 17.62154 0.09957
0.11934 17.62147 0.09826
0.11985 17.51030 0.09886
0.12036 17.41299 0.09621
0.12086 17.60115 0.10017
0.12137 17.55210 0.09927
0.12188 17.48097 0.09700
0.12238 17.47010 0.09984
0.12289 17.43894 0.09708
0.12340 17.34269 0.09850
0.12390 17.30676 0.09526
0.12441 17.36445 0.09517
0.12492 17.52905 0.09438
0.12542 17.27279 0.09258
0.12593 17.24034 0.09187
0.12644 17.02502 0.09519
0.12694 17.14808 0.09562
0.12745 17.23025 0.09353
0.12796 17.11834 0.09272
0.12846 17.02702 0.08978
0.12897 17.02597 0.08979
0.12948 16.98557 0.09084
0.12998 16.92348 0.09156
0.13049 16.78968 0.08764
0.13100 16.82174 0.09149
0.13150 16.71306 0.09062
0.13201 16.95040 0.08829
0.13252 16.87614 0.08735
0.13302 16.81372 0.08680
0.13353 16.75923 0.08714
0.13404 16.80755 0.08918
0.13454 16.69426 0.08397
0.13505 16.60724 0.08989
0.13556 16.79892 0.08718
0.13606 16.74727 0.08796
0.13657 16.64707 0.08663
0.13708 16.42482 0.08506
0.13758 16.55952 0.08682
0.13809 16.38830 0.08739
0.13860 16.39115 0.08431
0.13911 16.36664 0.08381
0.13961 16.49747 0.08458
0.14012 16.45371 0.08747
0.14063 16.37220 0.08600
0.14113 16.30826 0.08347
0.14164 16.30410 0.08363
0.14215 16.29667 0.08359
0.14265 16.29319 0.08273
0.14316 16.09864 0.08189
0.14367 16.23392 0.08285
0.14417 16.20513 0.08081
0.14468 16.11645 0.08340
0.14519 16.08397 0.08234
0.14569 15.89438 0.08173
0.14620 16.04136 0.08267
0.14671 15.96919 0.08219
0.14721 15.90626 0.08028
0.14772 16.00351 0.08206
0.14823 15.84901 0.08177
0.14873 15.96087 0.08161
0.14924 15.74933 0.08175
0.14975 15.72336 0.08142
0.15025 15.80778 0.07780
0.15076 15.75980 0.08119
0.15127 15.65200 0.08012
0.15177 15.73313 0.08350
0.15228 15.65265 0.07978
0.15279 15.64098 0.07905
0.15329 15.57462 0.08023
0.15380 15.39387 0.07903
0.15431 15.48823 0.07828
0.15481 15.42324 0.07799
0.15532 15.41609 0.07710
0.15583 15.36997 0.07792
0.15633 15.29842 0.07780
0.15684 15.51207 0.07601
0.15735 15.16365 0.07787
0.15785 15.26184 0.07612
0.15836 15.31583 0.07755
0.15887 15.21730 0.07637
0.15937 15.28741 0.07528
0.15988 15.13073 0.07575
0.16039 15.15630 0.07657
0.16089 15.11925 0.07651
0.16140 15.12370 0.07577
0.16191 15.23429 0.07450
0.16241 15.15172 0.07502
0.16292 15.02860 0.07293
0.16343 15.02938 0.07564
0.16393 14.97029 0.07320
0.16444 14.97312 0.07590
0.16495 14.79795 0.07438
0.16545 14.87772 0.07254
0.16596 14.90845 0.07442
0.16647 14.90981 0.07442
0.16697 14.82659 0.07140
0.16748 14.85879 0.07331
0.16799 14.84322 0.07284
0.16849 14.83980 0.07383
0.16900 14.72156 0.07312
0.16951 14.77952 0.07448
0.17001 14.75361 0.07395
0.17052 14.68373 0.07269
0.17103 14.73624 0.07181
0.17153 14.54658 0.07145
0.17204 14.53284 0.07297
0.17255 14.69132 0.07331
0.17305 14.57366 0.07281
0.17356 14.49629 0.07318
0.17407 14.49096 0.07362
0.17457 14.61023 0.07353
0.17508 14.46295 0.07330
0.17559 14.34937 0.07308
0.17610 14.42547 0.07445
0.17660 14.47110 0.07263
0.17711 14.41332 0.07289
0.17762 14.47306 0.07370
0.17812 14.39654 0.07294
0.17863 14.22336 0.07245
0.17914 14.32721 0.07313
0.17964 14.31883 0.07488
0.18015 14.24454 0.07436
0.18066 14.29589 0.07493
0.18116 14.19548 0.07479
0.18167 14.21422 0.07488
0.18218 14.15632 0.07440
0.18268 14.25645 0.07563
0.18319 14.29374 0.07561
0.18370 14.20764 0.07515
0.18420 14.18014 0.07433
0.18471 14.05847 0.07738
0.18522 14.18061 0.07564
0.18572 14.09824 0.07482
0.18623 14.09685 0.07739
0.18674 13.93179 0.07621
0.18724 14.10558 0.07792
0.18775 14.14360 0.07727
0.18826 13.90206 0.07559
0.18876 14.05364 0.07618
0.18927 13.98392 0.07723
0.18978 13.90653 0.07754
0.19028 13.96077 0.07766
0.19079 13.90825 0.07872
0.19130 14.02739 0.07906
0.19180 13.94204 0.07579
0.19231 13.93519 0.07835
0.19282 13.83594 0.07942
0.19332 13.70839 0.07757
0.19383 13.85798 0.07721
0.19434 13.66228 0.07647
0.19484 13.70566 0.07937
0.19535 13.83536 0.07776
0.19586 13.62925 0.07733
0.19636 13.71249 0.07850
0.19687 13.70644 0.07746
0.19738 13.64666 0.07592
0.19788 13.82709 0.07600
0.19839 13.70422 0.08020
0.19890 13.68724 0.07838
0.19940 13.80931 0.07859
0.19991 13.65126 0.08054
0.20042 13.52359 0.07752
0.20092 13.44783 0.07859
0.20143 13.47490 0.07703
0.20194 13.64186 0.07866
0.20244 13.60054 0.07705
0.20295 13.47953 0.07978
0.20346 13.42304 0.07706
0.20396 13.44442 0.07925
0.20447 13.49099 0.07851
0.20498 13.46811 0.07730
0.20548 13.40765 0.07775
0.20599 13.38001 0.07884
0.20650 13.63704 0.08212
0.20700 13.45574 0.07897
0.20751 13.43123 0.07719
0.20802 13.47453 0.07700
0.20852 13.50055 0.07889
0.20903 13.27147 0.07635
0.20954 13.48880 0.07849
0.21004 13.43407 0.07640
0.21055 13.39573 0.07845
0.21106 13.25981 0.07588
0.21156 13.19309 0.07782
0.21207 13.31858 0.07834
0.21258 13.23928 0.07680
0.21308 13.32545 0.07688
0.21359 13.18933 0.07781
0.21410 13.20558 0.07788
0.21460 13.09427 0.07695
0.21511 13.04702 0.07637
0.21562 13.20638 0.07867
0.21612 13.21125 0.07979
0.21663 13.18769 0.07867
0.21714 13.05470 0.07814
0.21764 13.02442 0.07819
0.21815 13.01486 0.07571
0.21866 13.16498 0.07864
0.21916 13.12517 0.07721
0.21967 13.06659 0.07657
0.22018 13.10501 0.07697
0.22068 12.88176 0.07649
0.22119 12.91262 0.07573
0.22170 12.90302 0.07579
0.22220 12.92599 0.07629
0.22271 12.89444 0.07505
0.22322 12.91422 0.07544
0.22372 12.86045 0.07619
0.22423 12.82460 0.07583
0.22474 12.75926 0.07491
0.22524 12.86388 0.07576
0.22575 12.86227 0.07382
0.22626 12.99042 0.07606
0.22676 12.86669 0.07353
0.22727 12.83700 0.07407
0.22778 12.81648 0.07373
0.22828 12.78285 0.07414
0.22879 12.72985 0.07344
0.22930 12.83196 0.07232
0.22980 12.80755 0.07226
0.23031 12.64265 0.07467
0.23082 12.71482 0.07251
0.23132 12.70587 0.07063
0.23183 12.62627 0.07146
0.23234 12.69122 0.07220
0.23284 12.70016 0.07071
0.23335 12.74025 0.06905
0.23386 12.56960 0.06887
0.23436 12.60835 0.07033
0.23487 12.55142 0.06971
0.23538 12.60504 0.06931
0.23588 12.57439 0.06895
0.23639 12.62993 0.07118
0.23690 12.47686 0.06942
0.23740 12.65980 0.06983
0.23791 12.55512 0.06710
0.23842 12.53313 0.06879
0.23892 12.53106 0.06873
0.23943 12.48020 0.06860
0.23994 12.52724 0.06863
0.24044 12.53523 0.06948
0.24095 12.50310 0.06811
0.24145 12.42640 0.06870
0.24196 12.50599 0.06854
0.24247 12.42029 0.06709
0.24297 12.42401 0.06796
0.24348 12.32513 0.06785
0.24399 12.36702 0.06814
0.24449 12.40845 0.06811
0.24500 12.33665 0.06716
0.24551 12.29185 0.06749
0.24601 12.33287 0.06580
0.24652 12.38458 0.06652
0.24703 12.32074 0.06643
0.24753 12.19246 0.06781
0.24804 12.25990 0.06501
0.24855 12.28242 0.06600
0.24905 12.21258 0.06628
0.24956 12.32207 0.06579
0.25007 12.23461 0.06578
0.25057 12.22068 0.06468
0.25108 12.26027 0.06507
0.25159 12.31569 0.06725
0.25209 12.26117 0.06425
0.25260 12.34278 0.06556
0.25311 12.19643 0.06568
0.25361 12.06532 0.06437
0.25412 12.19511 0.06549
0.25463 12.13523 0.06417
0.25513 12.16709 0.06465
0.25564 12.17184 0.06419
0.25615 12.15181 0.06422
0.25665 12.10059 0.06338
0.25716 12.05092 0.06332
0.25767 12.13992 0.06197
0.25817 12.00619 0.06166
0.25868 12.14764 0.06222
0.25919 12.13068 0.06153
0.25969 12.10841 0.06193
0.26020 12.07566 0.06222
0.26071 11.96562 0.06211
0.26121 11.97681 0.06234
0.26172 12.00882 0.06243
0.26223 11.99066 0.06183
0.26273 12.02080 0.06123
0.26324 12.10659 0.06312
0.26375 11.99609 0.06081
0.26425 12.09473 0.06156
0.26476 12.04895 0.05967
0.26527 11.93967 0.06031
0.26577 11.94843 0.06098
0.26628 12.00575 0.06307
0.26679 11.99457 0.06010
0.26729 11.95988 0.05930
0.26780 11.82612 0.06077
0.26831 11.87888 0.06157
0.26881 11.80792 0.06185
0.26932 11.94107 0.06139
0.26983 11.93630 0.06147
0.27033 11.85165 0.05866
0.27084 11.80648 0.06040
0.27134 11.81034 0.05985
0.27185 11.68608 0.06138
0.27236 11.81078 0.06070
0.27286 11.72603 0.05939
0.27337 11.75959 0.05949
0.27388 11.73474 0.05909
0.27438 11.68809 0.05996
0.27489 11.72670 0.05846
0.27540 11.64163 0.05864
0.27590 11.70820 0.05904
0.27641 11.73485 0.05886
0.27692 11.67729 0.06042
0.27742 11.64927 0.05811
0.27793 11.50693 0.05933
0.27844 11.67710 0.05927
0.27894 11.72021 0.05860
0.27945 11.59617 0.05691
0.27996 11.63790 0.05863
0.28046 11.51062 0.05772
0.28097 11.64209 0.05792
0.28148 11.66099 0.05886
0.28198 11.65717 0.05859
0.28249 11.59902 0.05759
0.28300 11.63743 0.05936
0.28350 11.54697 0.05841
0.28401 11.53614 0.05657
0.28452 11.53524 0.05682
0.28502 11.53314 0.05665
0.28553 11.49940 0.05578
0.28604 11.49549 0.05701
0.28654 11.49188 0.05644
0.28705 11.52642 0.05707
0.28756 11.45279 0.05692
0.28806 11.47233 0.05802
0.28857 11.48898 0.05775
0.28908 11.52009 0.05631
0.28958 11.53861 0.05821
0.29009 11.35384 0.05841
0.29059 11.37102 0.05695
0.29110 11.41961 0.05749
0.29161 11.36990 0.05754
0.29211 11.40335 0.05717
0.29262 11.40883 0.05814
0.29313 11.33165 0.05740
0.29363 11.41794 0.05751
0.29414 11.31333 0.05862
0.29465 11.36091 0.05825
0.29515 11.34072 0.05988
0.29566 11.39059 0.05909
0.29617 11.27924 0.05649
0.29667 11.37251 0.05752
0.29718 11.29600 0.05864
0.29769 11.32362 0.05898
0.29819 11.38450 0.05695
0.29870 11.20684 0.05629
0.29921 11.21895 0.05677
0.29971 11.19611 0.05676
0.30022 11.25273 0.05715
0.30073 11.25417 0.05812
0.30123 11.19718 0.05639
0.30174 11.14579 0.05608
0.30225 11.11975 0.05706
0.30275 11.21585 0.05737
0.30326 11.14406 0.05551
0.30377 11.21736 0.05711
0.30427 11.07916 0.05603
0.30478 11.05091 0.05665
0.30529 11.15074 0.05644
0.30579 11.13076 0.05582
0.30630 11.07407 0.05516
0.30680 11.08155 0.05575
0.30731 11.05419 0.05574
0.30782 11.09001 0.05508
0.30832 11.04954 0.05569
0.30883 11.02778 0.05580
0.30934 11.12796 0.05681
0.30984 10.99624 0.05662
0.31035 11.10490 0.05784
0.31086 11.05759 0.05715
0.31136 10.93455 0.05812
0.31187 10.96490 0.05810
0.31238 11.06419 0.05839
0.31288 11.02284 0.05886
0.31339 10.99464 0.05923
0.31390 11.02968 0.05918
0.31440 11.07212 0.06064
0.31491 10.95762 0.05938
0.31542 10.95506 0.05968
0.31592 10.99644 0.06069
0.31643 10.92234 0.06028
0.31694 10.98830 0.06089
0.31744 10.92176 0.05992
0.31795 10.97439 0.06104
0.31845 10.96091 0.06074
0.31896 10.95099 0.06173
0.31947 10.99404 0.06145
0.31997 11.01634 0.06278
0.32048 10.90936 0.06087
0.32099 10.89500 0.06113
0.32149 10.88714 0.05937
0.32200 10.91019 0.06052
0.32251 10.84124 0.06044
0.32301 10.82053 0.06126
0.32352 10.75689 0.06017
0.32403 10.90734 0.06128
0.32453 10.77958 0.05964
0.32504 10.83137 0.06160
0.32555 10.83783 0.06110
0.32605 10.79776 0.06074
0.32656 10.74295 0.06036
0.32707 10.76570 0.06096
0.32757 10.82100 0.06046
0.32808 10.73684 0.06011
0.32859 10.79343 0.06070
0.32909 10.83754 0.05857
0.32960 10.79898 0.06202
0.33010 10.68106 0.05920
0.33061 10.79513 0.06145
0.33112 10.74961 0.06092
0.33162 10.82753 0.06024
0.33213 10.80502 0.06202
0.33264 10.65783 0.05990
0.33314 10.81143 0.06135
0.33365 10.82821 0.06125
0.33416 10.77725 0.06163
0.33466 10.71911 0.06085
0.33517 10.78271 0.06246
0.33568 10.72087 0.06194
0.33618 10.69896 0.06077
0.33669 10.59896 0.06074
0.33720 10.74315 0.06236
0.33770 10.53111 0.06287
0.33821 10.70327 0.06216
0.33872 10.78638 0.06206
0.33922 10.64780 0.06148
0.33973 10.71787 0.06140
0.34023 10.66363 0.06298
0.34074 10.65830 0.06304
0.34125 10.75441 0.06348
0.34175 10.85143 0.06184
0.34226 10.65777 0.06150
0.34277 10.64689 0.06135
0.34327 10.72796 0.06168
0.34378 10.68558 0.06143
0.34429 10.67516 0.06192
0.34479 10.66291 0.06208
0.34530 10.62167 0.06232
0.34581 10.58882 0.06085
0.34631 10.52991 0.06170
0.34682 10.56147 0.06127
0.34733 10.59314 0.06162
0.34783 10.64371 0.06357
0.34834 10.58361 0.06294
0.34884 10.71482 0.06148
0.34935 10.57785 0.06309
0.34986 10.65161 0.06320
0.35036 10.54555 0.06253
0.35087 10.56218 0.06291
0.35138 10.55940 0.06262
0.35188 10.58699 0.06313
0.35239 10.52364 0.06093
0.35290 10.53913 0.06166
0.35340 10.59408 0.06204
0.35391 10.47960 0.06118
0.35442 10.44203 0.06112
0.35492 10.54514 0.06023
0.35543 10.45830 0.05881
0.35594 10.55465 0.05927
0.35644 10.46655 0.05826
0.35695 10.50845 0.06124
0.35745 10.37949 0.05790
0.35796 10.51513 0.05919
0.35847 10.46431 0.06086
0.35897 10.37086 0.06029
0.35948 10.47977 0.06159
0.35999 10.36882 0.06146
0.36049 10.39375 0.05912
0.36100 10.39793 0.06078
0.36151 10.38992 0.06070
0.36201 10.33063 0.06112
0.36252 10.33631 0.05970
0.36303 10.38637 0.06070
0.36353 10.33938 0.05941
0.36404 10.48036 0.06148
0.36455 10.29949 0.06164
0.36505 10.38454 0.06169
0.36556 10.33843 0.06135
0.36606 10.38739 0.05937
0.36657 10.36077 0.05959
0.36708 10.28948 0.06013
0.36758 10.24995 0.06230
0.36809 10.18549 0.06350
0.36860 10.26550 0.06586
0.36910 10.25753 0.06547
0.36961 10.19848 0.06487
0.37012 10.16308 0.06501
0.37062 10.21539 0.06593
0.37113 10.30051 0.06421
0.37164 10.34404 0.06349
0.37214 10.23116 0.06513
0.37265 10.27268 0.06385
0.37315 10.36992 0.06407
0.37366 10.28585 0.06490
0.37417 10.26836 0.06589
0.37467 10.08066 0.06634
0.37518 10.19490 0.06635
0.37569 10.24798 0.06718
0.37619 10.29945 0.06706
0.37670 10.31024 0.06672
0.37721 10.22039 0.06700
0.37771 10.23622 0.06690
0.37822 10.17182 0.06650
0.37873 10.15456 0.06639
0.37923 10.23591 0.06856
0.37974 10.27203 0.06763
0.38024 10.28977 0.06869
0.38075 10.17669 0.06787
0.38126 10.28971 0.06821
0.38176 10.24024 0.06752
0.38227 10.20244 0.06860
0.38278 10.23459 0.07010
0.38328 10.13119 0.07218
0.38379 10.18924 0.07041
0.38430 10.13276 0.06843
0.38480 10.06629 0.06927
0.38531 10.12537 0.07172
0.38582 10.04852 0.07005
0.38632 10.20162 0.07248
0.38683 10.16171 0.07223
0.38733 10.00588 0.07041
0.38784 10.16888 0.07278
0.38835 10.09778 0.07262
0.38885 10.05585 0.07122
0.38936 10.09967 0.07290
0.38987 10.14506 0.07285
0.39037 10.01353 0.07332
0.39088 10.16531 0.07270
0.39139 10.08228 0.07603
0.39189 9.94200 0.07492
0.39240 10.01785 0.07606
0.39290 10.03719 0.07421
0.39341 10.03669 0.07379
0.39392 10.05533 0.09836
0.39442 10.06077 0.07770
0.39493 10.10270 0.07771
0.39544 9.97208 0.07660
0.39594 10.00788 0.07787
0.39645 9.99293 0.07680
0.39696 10.09529 0.07750
0.39746 9.97684 0.07753
0.39797 9.88016 0.08164
0.39847 9.99622 0.07816
0.39898 9.89125 0.07688
0.39949 10.20349 0.07895
0.39999 9.99295 0.07986
0.40050 9.78872 0.08022
0.40101 10.00446 0.07814
0.40151 9.85753 0.08052
0.40202 9.98574 0.08186
0.40253 10.16305 0.08139
0.40303 9.84956 0.08199
0.40354 9.82301 0.08110
0.40405 9.72034 0.08118
0.40455 9.80114 0.08399
0.40506 9.80335 0.08306
0.40556 9.85138 0.08604
0.40607 9.87128 0.08562
0.40658 10.08141 0.08593
0.40708 9.87558 0.08332
0.40759 9.77349 0.08445
0.40810 9.71493 0.08323
0.40860 9.91793 0.08455
0.40911 9.85721 0.08564
0.40962 9.85753 0.08555
0.41012 9.62541 0.08631
0.41063 9.80081 0.08614
0.41113 9.88612 0.08482
0.41164 9.79259 0.08254
0.41215 9.70061 0.08687
0.41265 9.82101 0.08661
0.41316 9.61135 0.08532
0.41367 9.68976 0.08704
0.41417 9.60020 0.08519
0.41468 9.75136 0.08654
0.41518 9.79331 0.08660
0.41569 9.74867 0.08741
0.41620 9.78120 0.09054
0.41670 9.75032 0.08470
0.41721 9.69420 0.08881
0.41772 9.71832 0.08949
0.41822 9.67347 0.08813
0.41873 9.69435 0.08683
0.41924 9.63695 0.08620
0.41974 9.62052 0.08969
0.42025 9.75929 0.09442
0.42075 9.65297 0.08772
0.42126 9.50882 0.09069
0.42177 9.68409 0.08886
0.42227 9.70499 0.09544
0.42278 9.73600 0.09353
0.42329 9.90068 0.09323
0.42379 9.69385 0.09161
0.42430 9.61876 0.09456
0.42481 9.61719 0.09421
0.42531 9.60088 0.09481
0.42582 9.53727 0.09750
0.42632 9.78778 0.09546
0.42683 9.78738 0.09966
0.42734 9.65834 0.10021
0.42784 9.85648 0.10098
0.42835 9.77156 0.10051
0.42886 9.64993 0.10026
0.42936 9.58442 0.09934
0.42987 9.72049 0.09935
0.43037 9.79595 0.09791
0.43088 9.63818 0.10241
0.43139 9.60648 0.10092
0.43189 9.59756 0.09773
0.43240 9.55775 0.10516
0.43291 9.62298 0.10897
0.43341 9.85337 0.11168
0.43392 9.55406 0.10899
0.43443 9.63041 0.10885
0.43493 9.65865 0.10910
0.43544 9.39655 0.10468
0.43594 9.73940 0.11299
0.43645 9.56482 0.11265
0.43696 9.62542 0.11242
0.43746 9.51468 0.11100
0.43797 9.52266 0.11504
0.43848 9.60283 0.11450
0.43898 9.50900 0.12015
0.43949 9.47309 0.11881
0.43999 9.38178 0.11147
