0.01140 1506.88607 62.69121
0.01191 1050.88927 49.94659
0.01242 685.40395 51.59016
0.01292 407.89005 37.41585
0.01343 274.98225 25.74259
0.01394 202.18165 18.74851
0.01444 168.51694 15.31867
0.01495 138.07093 12.74216
0.01546 104.17427 8.13425
0.01596 97.87436 7.82203
0.01647 85.46429 6.17864
0.01698 70.53708 4.54309
0.01748 65.34691 4.12588
0.01799 60.47133 3.30004
0.01850 56.45886 2.69664
0.01900 47.68462 2.13952
0.01951 47.33550 1.94352
0.02002 43.91877 1.74201
0.02052 40.45848 1.41759
0.02103 40.32745 1.22729
0.02154 37.66978 0.91148
0.02204 35.99326 0.82138
0.02255 34.38787 0.68172
0.02306 33.70134 0.63657
0.02356 32.72972 0.58188
0.02407 31.93058 0.50861
0.02458 31.03611 0.44189
0.02509 30.09501 0.40899
0.02559 29.68118 0.39352
0.02610 29.12379 0.34859
0.02661 28.39021 0.31056
0.02711 27.63939 0.26840
0.02762 26.95149 0.27036
0.02813 26.31609 0.26642
0.02863 26.16292 0.23058
0.02914 25.91136 0.23214
0.02965 25.03656 0.23581
0.03015 25.16824 0.22262
0.03066 24.75899 0.22293
0.03117 24.71226 0.21621
0.03167 24.32887 0.21292
0.03218 24.09078 0.23043
0.03269 23.78738 0.21206
0.03319 23.61037 0.21319
0.03370 23.47855 0.20642
0.03421 23.38120 0.20341
0.03471 23.13174 0.20646
0.03522 22.66955 0.19521
0.03573 22.50020 0.18993
0.03623 22.60915 0.19013
0.03674 22.03766 0.19631
0.03725 22.15528 0.19102
0.03775 21.96748 0.20385
0.03826 21.66953 0.19261
0.03877 21.79806 0.18705
0.03927 21.72315 0.18363
0.03978 22.08494 0.16901
0.04029 21.25445 0.18104
0.04080 21.25635 0.17912
0.04130 21.50216 0.18600
0.04181 21.44784 0.16537
0.04232 21.45896 0.18297
0.04282 20.98386 0.17346
0.04333 21.06828 0.16923
0.04384 21.13059 0.16459
0.04434 20.92285 0.16421
0.04485 20.52214 0.17329
0.04536 20.62578 0.16543
0.04586 20.44892 0.16092
0.04637 20.78260 0.15743
0.04688 20.38664 0.15720
0.04738 20.47852 0.16213
0.04789 20.15831 0.16957
0.04840 20.68503 0.15923
0.04890 20.05048 0.15616
0.04941 20.16569 0.15275
0.04992 20.07519 0.15524
0.05042 20.05197 0.14854
0.05093 20.39731 0.15433
0.05144 20.21668 0.15651
0.05194 20.12810 0.14329
0.05245 19.98010 0.14687
0.05296 19.61970 0.14560
0.05346 20.09035 0.15132
0.05397 19.67222 0.14625
0.05448 19.99675 0.14244
0.05498 19.79393 0.14105
0.05549 19.75554 0.13907
0.05600 19.75077 0.13788
0.05650 19.62995 0.14051
0.05701 19.57314 0.14046
0.05752 19.67231 0.14154
0.05803 19.85253 0.14236
0.05853 19.48674 0.14357
0.05904 19.36405 0.13870
0.05955 19.21612 0.13697
0.06005 19.42344 0.13849
0.06056 19.58177 0.12948
0.06107 19.45877 0.13303
0.06157 19.25545 0.13593
0.06208 19.22122 0.13580
0.06259 18.89439 0.13847
0.06309 19.21027 0.12972
0.06360 19.10552 0.14097
0.06411 19.13272 0.12791
0.06461 19.03625 0.13044
0.06512 19.13550 0.12828
0.06563 19.34107 0.13243
0.06613 18.77688 0.12400
0.06664 19.13383 0.12858
0.06715 18.93910 0.12896
0.06765 18.93541 0.12723
0.06816 18.96340 0.12965
0.06867 18.90637 0.12667
0.06917 18.97191 0.12579
0.06968 18.62186 0.12643
0.07019 18.91460 0.12600
0.07069 18.87844 0.12367
0.07120 18.64768 0.12120
0.07171 18.63067 0.12181
0.07221 18.51851 0.11854
0.07272 18.46433 0.12048
0.07323 18.42318 0.12169
0.07373 18.45821 0.12068
0.07424 18.66107 0.12637
0.07475 18.44773 0.12188
0.07526 18.43994 0.11934
0.07576 18.72621 0.11645
0.07627 18.52776 0.11939
0.07678 18.51571 0.11856
0.07728 18.58396 0.12026
0.07779 18.36615 0.11076
0.07830 18.31675 0.11408
0.07880 18.37627 0.11715
0.07931 18.65864 0.11574
0.07982 18.48209 0.11001
0.08032 18.44261 0.11522
0.08083 18.38633 0.11443
0.08134 18.33277 0.11515
0.08184 18.31934 0.11221
0.08235 18.46022 0.11755
0.08286 18.12390 0.11787
0.08336 18.30911 0.11671
0.08387 18.11144 0.11822
0.08438 18.15661 0.11832
0.08488 18.20120 0.11690
0.08539 18.12502 0.11350
0.08590 18.15089 0.12111
0.08640 18.28225 0.11827
0.08691 18.03674 0.11645
0.08742 18.39648 0.11785
0.08792 18.17210 0.11748
0.08843 18.02456 0.11257
0.08894 18.02701 0.12081
0.08944 17.89544 0.11628
0.08995 18.08401 0.11196
0.09046 17.96380 0.11502
0.09096 17.79916 0.11689
0.09147 17.78381 0.11987
0.09198 18.15791 0.12220
0.09248 17.93556 0.11882
0.09299 17.95133 0.12369
0.09350 17.70069 0.12055
0.09401 18.17833 0.12139
0.09451 17.60704 0.11936
0.09502 17.85034 0.11848
0.09553 17.71043 0.12056
0.09603 17.71096 0.11483
0.09654 17.67408 0.12020
0.09705 17.62069 0.11658
0.09755 17.48061 0.11890
0.09806 17.75163 0.11815
0.09857 17.71173 0.11652
0.09907 17.78017 0.11946
0.09958 17.69354 0.11267
0.10009 17.75311 0.11463
0.10059 17.77805 0.11815
0.10110 17.65762 0.11499
0.10161 17.58795 0.11167
0.10211 17.64349 0.10914
0.10262 17.60914 0.11143
0.10313 17.48967 0.11305
0.10363 17.30793 0.11331
0.10414 17.47018 0.11415
0.10465 17.45830 0.11097
0.10515 17.54336 0.11020
0.10566 17.32242 0.11671
0.10617 17.56315 0.11234
0.10667 17.19277 0.10772
0.10718 17.59874 0.10863
0.10769 17.43468 0.10798
0.10819 17.41245 0.10857
0.10870 17.31378 0.10275
0.10921 17.46540 0.10850
0.10971 17.28162 0.10472
0.11022 17.30821 0.10647
0.11073 17.43867 0.10470
0.11123 17.27567 0.10744
0.11174 17.26489 0.10355
0.11225 17.23676 0.10315
0.11275 17.21279 0.10268
0.11326 17.34480 0.09870
0.11377 17.16140 0.10191
0.11428 17.29239 0.10010
0.11478 17.14189 0.10069
0.11529 17.09298 0.10482
0.11580 17.21202 0.09848
0.11630 17.12499 0.10185
0.11681 17.11038 0.10107
0.11732 17.20710 0.09969
0.11782 16.95981 0.09899
0.11833 17.07506 0.09885
0.11884 17.25229 0.10094
0.11934 17.02746 0.09670
0.11985 16.93310 0.09799
0.12036 17.14624 0.09897
0.12086 17.07634 0.09811
0.12137 17.10266 0.09597
0.12188 17.09120 0.09728
0.12238 17.02125 0.09521
0.12289 16.84464 0.09478
0.12340 17.10809 0.09659
0.12390 17.12666 0.09538
0.12441 17.06705 0.09541
0.12492 17.03033 0.09445
0.12542 17.07089 0.09402
0.12593 16.94899 0.09113
0.12644 17.08346 0.09593
0.12694 17.06038 0.09241
0.12745 16.98175 0.09205
0.12796 17.14138 0.08956
0.12846 17.19740 0.09510
0.12897 17.11394 0.08954
0.12948 16.92509 0.09345
0.12998 16.94440 0.08983
0.13049 16.88984 0.09015
0.13100 16.93363 0.09040
0.13150 16.96712 0.08947
0.13201 16.71707 0.08699
0.13252 16.78503 0.08867
0.13302 16.76293 0.08910
0.13353 16.62066 0.08696
0.13404 16.81748 0.08735
0.13454 16.74472 0.09038
0.13505 16.57813 0.08802
0.13556 16.76113 0.08783
0.13606 16.63972 0.08837
0.13657 16.45895 0.08498
0.13708 16.66306 0.08482
0.13758 16.40549 0.08557
0.13809 16.65809 0.08594
0.13860 16.48123 0.08531
0.13911 16.56039 0.08745
0.13961 16.53960 0.08628
0.14012 16.48983 0.08557
0.14063 16.49824 0.08534
0.14113 16.51719 0.08425
0.14164 16.46505 0.08484
0.14215 16.41655 0.08493
0.14265 16.36596 0.08376
0.14316 16.45317 0.08231
0.14367 16.45458 0.08441
0.14417 16.43103 0.08283
0.14468 16.33626 0.08402
0.14519 16.21283 0.08324
0.14569 16.32699 0.08371
0.14620 16.32944 0.08093
0.14671 16.13062 0.08169
0.14721 16.04228 0.08380
0.14772 16.25592 0.08274
0.14823 16.41500 0.08476
0.14873 16.16737 0.08075
0.14924 16.04429 0.08183
0.14975 16.10748 0.08159
0.15025 16.11571 0.07853
0.15076 16.24793 0.08199
0.15127 16.05260 0.08130
0.15177 16.05600 0.07995
0.15228 15.96273 0.07896
0.15279 16.02865 0.08137
0.15329 16.02666 0.08031
0.15380 15.95681 0.07888
0.15431 15.96017 0.07997
0.15481 15.84761 0.07928
0.15532 16.10570 0.07915
0.15583 15.81986 0.07783
0.15633 15.86050 0.07876
0.15684 15.70396 0.07749
0.15735 15.79992 0.07788
0.15785 15.77983 0.07718
0.15836 15.87656 0.07799
0.15887 15.80495 0.07867
0.15937 15.73739 0.07671
0.15988 15.82156 0.08057
0.16039 15.82847 0.07567
0.16089 15.59583 0.07443
0.16140 15.75664 0.07699
0.16191 15.64411 0.07676
0.16241 15.62763 0.07749
0.16292 15.65017 0.07547
0.16343 15.68267 0.07820
0.16393 15.51879 0.07444
0.16444 15.53297 0.07591
0.16495 15.60469 0.07618
0.16545 15.63946 0.07586
0.16596 15.55074 0.07466
0.16647 15.48002 0.07398
0.16697 15.44143 0.07234
0.16748 15.50277 0.07462
0.16799 15.44049 0.07263
0.16849 15.41756 0.07642
0.16900 15.48026 0.07565
0.16951 15.36269 0.07318
0.17001 15.38156 0.07485
0.17052 15.35569 0.07525
0.17103 15.43326 0.07526
0.17153 15.43148 0.07728
0.17204 15.36675 0.07614
0.17255 15.43151 0.07590
0.17305 15.21022 0.07549
0.17356 15.29249 0.07486
0.17407 15.29944 0.07634
0.17457 15.22552 0.07363
0.17508 15.19027 0.07444
0.17559 15.20781 0.07543
0.17610 15.38267 0.07737
0.17660 15.14717 0.07785
0.17711 15.26216 0.07557
0.17762 15.21057 0.07635
0.17812 15.20394 0.07619
0.17863 15.17462 0.07617
0.17914 15.13643 0.07586
0.17964 15.10845 0.07836
0.18015 15.20129 0.07826
0.18066 15.21152 0.07699
0.18116 15.08640 0.07671
0.18167 15.04693 0.07716
0.18218 15.05361 0.07771
0.18268 15.18572 0.07752
0.18319 15.02823 0.07827
0.18370 15.07211 0.07657
0.18420 14.96395 0.07847
0.18471 15.05349 0.08107
0.18522 15.10394 0.07982
0.18572 14.94572 0.07856
0.18623 14.87741 0.07876
0.18674 14.94169 0.07800
0.18724 15.13061 0.07990
0.18775 14.82277 0.07970
0.18826 14.83423 0.08000
0.18876 14.73423 0.07898
0.18927 14.92717 0.08058
0.18978 14.97060 0.08119
0.19028 15.00452 0.07852
0.19079 14.80337 0.08031
0.19130 14.66482 0.07899
0.19180 14.98621 0.08077
0.19231 14.80500 0.08055
0.19282 14.71320 0.07970
0.19332 14.66120 0.07995
0.19383 14.84390 0.08063
0.19434 14.72132 0.08280
0.19484 14.84335 0.08039
0.19535 14.80797 0.08178
0.19586 14.79519 0.08056
0.19636 14.83001 0.07943
0.19687 14.78148 0.08360
0.19738 14.60882 0.08190
0.19788 14.67069 0.08156
0.19839 14.68442 0.08370
0.19890 14.68651 0.08054
0.19940 14.64727 0.08172
0.19991 14.52932 0.08100
0.20042 14.62390 0.07895
0.20092 14.58428 0.08125
0.20143 14.71282 0.08343
0.20194 14.56025 0.07933
0.20244 14.58697 0.08135
0.20295 14.51435 0.08162
0.20346 14.54078 0.08113
0.20396 14.49734 0.08016
0.20447 14.51895 0.08376
0.20498 14.41325 0.08317
0.20548 14.49668 0.08024
0.20599 14.55331 0.08189
0.20650 14.46046 0.08154
0.20700 14.39861 0.08175
0.20751 14.61196 0.08271
0.20802 14.62216 0.08284
0.20852 14.49765 0.08123
0.20903 14.48619 0.08291
0.20954 14.33682 0.07982
0.21004 14.31109 0.07854
0.21055 14.47054 0.08121
0.21106 14.41927 0.08242
0.21156 14.37510 0.08065
0.21207 14.28008 0.07846
0.21258 14.24712 0.08144
0.21308 14.39163 0.07994
0.21359 14.18639 0.07953
0.21410 14.27938 0.07923
0.21460 14.20466 0.08056
0.21511 14.34385 0.07871
0.21562 14.16610 0.08043
0.21612 14.19704 0.08241
0.21663 14.21360 0.08043
0.21714 14.07289 0.08209
0.21764 14.16912 0.07883
0.21815 13.99647 0.07906
0.21866 14.14128 0.08043
0.21916 14.03634 0.08071
0.21967 14.10882 0.07909
0.22018 14.10463 0.07757
0.22068 13.92154 0.07836
0.22119 14.01494 0.07814
0.22170 14.07433 0.07892
0.22220 14.07347 0.07741
0.22271 13.92134 0.07910
0.22322 14.03161 0.07865
0.22372 13.90416 0.07873
0.22423 13.87687 0.07758
0.22474 13.90504 0.07630
0.22524 14.01068 0.07766
0.22575 13.85815 0.07557
0.22626 13.95131 0.07824
0.22676 13.81529 0.07567
0.22727 13.95987 0.07550
0.22778 13.90360 0.07561
0.22828 13.98469 0.07933
0.22879 13.92823 0.07710
0.22930 13.79132 0.07688
0.22980 13.94665 0.07696
0.23031 13.81736 0.07757
0.23082 13.91597 0.07670
0.23132 13.72368 0.07528
0.23183 13.70137 0.07373
0.23234 13.70113 0.07520
0.23284 13.87402 0.07245
0.23335 13.70681 0.07368
0.23386 13.76001 0.07163
0.23436 13.70137 0.07262
0.23487 13.65310 0.07435
0.23538 13.69307 0.07266
0.23588 13.74001 0.07362
0.23639 13.60015 0.07059
0.23690 13.63057 0.07438
0.23740 13.61257 0.07302
0.23791 13.60272 0.07253
0.23842 13.71411 0.07159
0.23892 13.59870 0.07280
0.23943 13.56127 0.07084
0.23994 13.59159 0.07256
0.24044 13.52634 0.07244
0.24095 13.49884 0.07203
0.24145 13.52931 0.07035
0.24196 13.44021 0.07109
0.24247 13.46644 0.06966
0.24297 13.52354 0.07104
0.24348 13.65854 0.07100
0.24399 13.46247 0.07104
0.24449 13.37094 0.06976
0.24500 13.53724 0.07206
0.24551 13.28527 0.06997
0.24601 13.34147 0.07149
0.24652 13.45280 0.06756
0.24703 13.42065 0.06908
0.24753 13.32101 0.06984
0.24804 13.27965 0.06841
0.24855 13.42613 0.07077
0.24905 13.46929 0.06868
0.24956 13.22217 0.06645
0.25007 13.32213 0.07072
0.25057 13.19778 0.06680
0.25108 13.31362 0.06789
0.25159 13.24310 0.06801
0.25209 13.41325 0.06807
0.25260 13.16612 0.06738
0.25311 13.27413 0.06932
0.25361 13.29295 0.06719
0.25412 13.45304 0.06788
0.25463 13.28579 0.06669
0.25513 13.16515 0.06615
0.25564 13.26171 0.06667
0.25615 13.15883 0.06548
0.25665 13.20770 0.06614
0.25716 13.20006 0.06625
0.25767 13.13979 0.06663
0.25817 13.03205 0.06601
0.25868 13.07390 0.06447
0.25919 13.10310 0.06579
0.25969 13.04651 0.06523
0.26020 13.20505 0.06405
0.26071 13.03441 0.06446
0.26121 13.05511 0.06564
0.26172 13.04792 0.06644
0.26223 13.07398 0.06399
0.26273 13.11515 0.06566
0.26324 13.10733 0.06446
0.26375 13.08138 0.06332
0.26425 12.99156 0.06322
0.26476 13.08439 0.06402
0.26527 12.97596 0.06394
0.26577 13.04697 0.06357
0.26628 12.93246 0.06349
0.26679 13.07249 0.06517
0.26729 12.94770 0.06206
0.26780 12.99071 0.06297
0.26831 12.95019 0.06452
0.26881 12.81545 0.06405
0.26932 12.85422 0.06225
0.26983 12.86192 0.06088
0.27033 12.78847 0.06273
0.27084 12.81307 0.06324
0.27134 12.82193 0.06135
0.27185 12.88537 0.06262
0.27236 12.98390 0.06209
0.27286 12.71657 0.06056
0.27337 12.71410 0.06204
0.27388 12.79017 0.06167
0.27438 12.74705 0.06088
0.27489 12.70628 0.06233
0.27540 12.77596 0.06090
0.27590 12.81577 0.06296
0.27641 12.69372 0.06131
0.27692 12.78673 0.06196
0.27742 12.73008 0.06116
0.27793 12.69255 0.06098
0.27844 12.72076 0.06033
0.27894 12.64665 0.06066
0.27945 12.56586 0.06103
0.27996 12.71952 0.05980
0.28046 12.66080 0.06079
0.28097 12.55432 0.06120
0.28148 12.64304 0.06070
0.28198 12.72976 0.06043
0.28249 12.59798 0.06109
0.28300 12.71012 0.05845
0.28350 12.60339 0.05951
0.28401 12.70283 0.06113
0.28452 12.48399 0.06004
0.28502 12.60241 0.05890
0.28553 12.54472 0.05926
0.28604 12.46132 0.05948
0.28654 12.53617 0.06019
0.28705 12.56038 0.06009
0.28756 12.59659 0.06087
0.28806 12.52850 0.05942
0.28857 12.42385 0.05869
0.28908 12.43478 0.05894
0.28958 12.52509 0.05934
0.29009 12.38993 0.05862
0.29059 12.48691 0.05993
0.29110 12.43418 0.05993
0.29161 12.35545 0.05975
0.29211 12.44040 0.06004
0.29262 12.34286 0.05948
0.29313 12.28486 0.06131
0.29363 12.42517 0.05972
0.29414 12.32241 0.05966
0.29465 12.40677 0.06076
0.29515 12.27298 0.05956
0.29566 12.34377 0.06120
0.29617 12.21846 0.05866
0.29667 12.33148 0.06009
0.29718 12.39153 0.05935
0.29769 12.20475 0.05979
0.29819 12.32434 0.05980
0.29870 12.25648 0.05945
0.29921 12.25411 0.05965
0.29971 12.14619 0.06050
0.30022 12.33945 0.06127
0.30073 12.31103 0.05887
0.30123 12.19835 0.05942
0.30174 12.23191 0.05863
0.30225 12.08375 0.05968
0.30275 12.14639 0.05920
0.30326 12.07818 0.05912
0.30377 12.15340 0.05865
0.30427 12.13702 0.05861
0.30478 12.19195 0.05929
0.30529 12.05311 0.05893
0.30579 12.05632 0.05850
0.30630 11.97449 0.05819
0.30680 11.96995 0.05714
0.30731 11.98057 0.05914
0.30782 12.01453 0.05824
0.30832 11.95785 0.05792
0.30883 12.02267 0.05845
0.30934 12.01310 0.05747
0.30984 12.00850 0.05916
0.31035 11.90730 0.05971
0.31086 12.04246 0.05949
0.31136 11.94266 0.05884
0.31187 11.96747 0.05982
0.31238 11.95125 0.06006
0.31288 11.93189 0.06167
0.31339 11.97922 0.06219
0.31390 11.94097 0.06201
0.31440 11.88324 0.06170
0.31491 11.91001 0.06137
0.31542 11.84378 0.06356
0.31592 11.87579 0.06315
0.31643 11.90987 0.06200
0.31694 12.01944 0.06409
0.31744 11.86292 0.06394
0.31795 11.91247 0.06287
0.31845 11.82688 0.06481
0.31896 11.84956 0.06413
0.31947 11.80765 0.06283
0.31997 11.80079 0.06442
0.32048 11.87969 0.06402
0.32099 11.80393 0.06377
0.32149 11.92901 0.06425
0.32200 11.76865 0.06367
0.32251 11.66372 0.06251
0.32301 11.73313 0.06660
0.32352 11.87747 0.06305
0.32403 11.71000 0.06282
0.32453 11.72447 0.06214
0.32504 11.84882 0.06358
0.32555 11.75637 0.06269
0.32605 11.67557 0.06149
0.32656 11.67056 0.06087
0.32707 11.69378 0.06193
0.32757 11.61328 0.06232
0.32808 11.68189 0.06230
0.32859 11.63569 0.06348
0.32909 11.67079 0.06245
0.32960 11.65422 0.06311
0.33010 11.66184 0.06423
0.33061 11.64222 0.06313
0.33112 11.63696 0.06399
0.33162 11.60255 0.06405
0.33213 11.65345 0.06366
0.33264 11.70730 0.06142
0.33314 11.62085 0.06400
0.33365 11.75865 0.06218
0.33416 11.62106 0.06118
0.33466 11.66585 0.06250
0.33517 11.65996 0.06430
0.33568 11.66350 0.06397
0.33618 11.58087 0.06417
0.33669 11.57248 0.06464
0.33720 11.59314 0.06231
0.33770 11.52121 0.06369
0.33821 11.58267 0.06500
0.33872 11.63945 0.06475
0.33922 11.68231 0.06551
0.33973 11.51517 0.06413
0.34023 11.53910 0.06387
0.34074 11.53464 0.06325
0.34125 11.58144 0.06557
0.34175 11.43549 0.06259
0.34226 11.53904 0.06566
0.34277 11.41599 0.06399
0.34327 11.69877 0.06472
0.34378 11.51929 0.06337
0.34429 11.53302 0.06429
0.34479 11.54201 0.06542
0.34530 11.45864 0.06575
0.34581 11.48753 0.06646
0.34631 11.47336 0.06608
0.34682 11.48440 0.06500
0.34733 11.67774 0.06772
0.34783 11.51324 0.06576
0.34834 11.39027 0.06568
0.34884 11.46575 0.06506
0.34935 11.49717 0.06639
0.34986 11.48208 0.06490
0.35036 11.47259 0.06335
0.35087 11.31067 0.06536
0.35138 11.46848 0.06642
0.35188 11.48287 0.06475
0.35239 11.41188 0.06409
0.35290 11.39486 0.06461
0.35340 11.36991 0.06333
0.35391 11.40379 0.06388
0.35442 11.41336 0.06200
0.35492 11.25709 0.06207
0.35543 11.25047 0.06134
0.35594 11.31962 0.06283
0.35644 11.15476 0.06157
0.35695 11.35878 0.06138
0.35745 11.31960 0.06277
0.35796 11.23380 0.06330
0.35847 11.37250 0.06383
0.35897 11.36109 0.06312
0.35948 11.16898 0.06154
0.35999 11.24488 0.06365
0.36049 11.15073 0.06299
0.36100 11.20810 0.06183
0.36151 11.14251 0.06233
0.36201 11.26311 0.06299
0.36252 11.05819 0.06285
0.36303 11.17890 0.06165
0.36353 11.12958 0.06398
0.36404 11.10297 0.06276
0.36455 11.20189 0.06299
0.36505 11.23985 0.06309
0.36556 11.21183 0.06264
0.36606 11.10609 0.06392
0.36657 11.23746 0.06215
0.36708 11.14722 0.06218
0.36758 11.03323 0.06407
0.36809 11.07681 0.06704
0.36860 11.11118 0.06783
0.36910 10.95633 0.06564
0.36961 10.94552 0.06801
0.37012 11.10205 0.06767
0.37062 11.00622 0.06992
0.37113 11.06151 0.06674
0.37164 10.94516 0.06319
0.37214 10.92706 0.06637
0.37265 11.11852 0.06738
0.37315 11.14755 0.06693
0.37366 11.07141 0.06636
0.37417 11.01338 0.06672
0.37467 10.93648 0.06755
0.37518 10.98777 0.06772
0.37569 11.08891 0.06814
0.37619 10.96508 0.06744
0.37670 10.95635 0.06865
0.37721 11.05806 0.06955
0.37771 11.03750 0.06779
0.37822 11.06144 0.07240
0.37873 10.98937 0.07002
0.37923 11.03733 0.07035
0.37974 10.97939 0.07167
0.38024 10.93835 0.07094
0.38075 10.91736 0.07138
0.38126 10.86479 0.07211
0.38176 10.82839 0.07157
0.38227 10.84615 0.07035
0.38278 10.92488 0.07244
0.38328 11.01066 0.07272
0.38379 11.05838 0.07177
0.38430 11.08441 0.07208
0.38480 10.87550 0.07423
0.38531 10.96169 0.07287
0.38582 10.88029 0.07291
0.38632 10.84122 0.07324
0.38683 10.83813 0.07447
0.38733 10.83531 0.07497
0.38784 10.93292 0.07702
0.38835 10.80741 0.07428
0.38885 10.89347 0.07403
0.38936 10.86072 0.07584
0.38987 10.90156 0.07654
0.39037 10.71829 0.07604
0.39088 10.73881 0.07947
0.39139 10.84420 0.07635
0.39189 10.70978 0.07889
0.39240 10.82495 0.07724
0.39290 10.97099 0.07756
0.39341 10.78238 0.07862
0.39392 10.82616 0.08196
0.39442 10.88738 0.07987
0.39493 10.78298 0.07822
0.39544 10.88738 0.08085
0.39594 10.71744 0.07836
0.39645 10.81832 0.08360
0.39696 10.63615 0.07953
0.39746 10.64907 0.07972
0.39797 10.69564 0.08425
0.39847 10.70879 0.08253
0.39898 10.89877 0.08394
0.39949 10.78763 0.08197
0.39999 10.61764 0.08160
0.40050 10.69543 0.08439
0.40101 10.73436 0.08539
0.40151 10.80144 0.08448
0.40202 10.62022 0.08620
0.40253 10.70989 0.08521
0.40303 10.69200 0.08195
0.40354 10.71826 0.08633
0.40405 10.50033 0.08518
0.40455 10.62733 0.08744
0.40506 10.63808 0.08741
0.40556 10.56677 0.08736
0.40607 10.75137 0.08673
0.40658 10.74434 0.08792
0.40708 10.66554 0.08629
0.40759 10.32111 0.08444
0.40810 10.51358 0.08903
0.40860 10.68890 0.09170
0.40911 10.67802 0.09139
0.40962 10.69271 0.08974
0.41012 10.62595 0.08821
0.41063 10.45142 0.09026
0.41113 10.80464 0.08846
0.41164 10.59303 0.08824
0.41215 10.49187 0.08839
0.41265 10.56529 0.08708
0.41316 10.73682 0.08989
0.41367 10.69644 0.09081
0.41417 10.43990 0.09134
0.41468 10.53369 0.09065
0.41518 10.36657 0.08715
0.41569 10.47181 0.09196
0.41620 10.35421 0.09285
0.41670 10.54540 0.09101
0.41721 10.40792 0.09165
0.41772 10.47788 0.09134
0.41822 10.49754 0.09022
0.41873 10.39595 0.09211
0.41924 10.34391 0.09358
0.41974 10.36043 0.09317
0.42025 10.23101 0.09159
0.42075 10.34728 0.09531
0.42126 10.47249 0.09718
0.42177 10.53191 0.09590
0.42227 10.40151 0.09668
0.42278 10.43143 0.09409
0.42329 10.46309 0.09912
0.42379 10.53471 0.09542
0.42430 10.33874 0.09312
0.42481 10.61573 0.10186
0.42531 10.36534 0.09855
0.42582 10.37651 0.09619
0.42632 10.41002 0.09748
0.42683 10.39852 0.10289
0.42734 10.35816 0.10460
0.42784 10.17555 0.09930
0.42835 10.44646 0.10310
0.42886 10.19862 0.10270
0.42936 10.30051 0.10514
0.42987 10.48629 0.10653
0.43037 10.31421 0.10534
0.43088 10.30669 0.10771
0.43139 10.28215 0.10427
0.43189 10.32217 0.10538
0.43240 10.35071 0.10970
0.43291 10.18938 0.11270
0.43341 10.45802 0.10806
0.43392 10.29858 0.11377
0.43443 10.31623 0.11379
0.43493 10.27723 0.11317
0.43544 10.22302 0.11823
0.43594 10.16567 0.11709
0.43645 10.23998 0.11933
0.43696 10.34504 0.11983
0.43746 10.28956 0.11564
0.43797 10.35121 0.12091
0.43848 10.49048 0.12435
0.43898 10.21806 0.11780
0.43949 10.10077 0.11590
0.43999 10.17875 0.12473
