0.01140 1478.31018 60.19696
0.01191 1028.61008 49.33146
0.01242 669.62204 51.59500
0.01292 400.20250 37.12238
0.01343 266.48219 25.63791
0.01394 196.85729 18.51207
0.01444 162.18096 14.92494
0.01495 131.10963 12.54201
0.01546 98.40755 7.91947
0.01596 91.88063 7.52013
0.01647 80.71424 5.91271
0.01698 68.67297 4.59773
0.01748 60.77418 4.07946
0.01799 54.92678 3.15166
0.01850 51.45387 2.83125
0.01900 43.57406 2.19492
0.01951 42.41395 1.88424
0.02002 40.40148 1.69715
0.02052 36.64316 1.33750
0.02103 35.26831 1.18518
0.02154 33.78368 0.95051
0.02204 32.42495 0.76518
0.02255 30.75817 0.64639
0.02306 29.79008 0.59405
0.02356 29.00384 0.48005
0.02407 27.83598 0.46314
0.02458 27.47261 0.42924
0.02509 26.26920 0.38396
0.02559 25.75271 0.35299
0.02610 25.80746 0.34131
0.02661 24.85746 0.29217
0.02711 24.36950 0.28212
0.02762 23.83872 0.26081
0.02813 22.80304 0.23733
0.02863 22.24271 0.22188
0.02914 21.77028 0.23440
0.02965 21.79091 0.22542
0.03015 21.67021 0.20698
0.03066 21.01804 0.20436
0.03117 21.20079 0.20439
0.03167 20.85303 0.20982
0.03218 19.85907 0.20932
0.03269 19.90761 0.19772
0.03319 20.12780 0.19638
0.03370 19.78925 0.18839
0.03421 19.56268 0.18878
0.03471 19.29309 0.18989
0.03522 19.41174 0.19192
0.03573 19.18112 0.17750
0.03623 18.88771 0.17673
0.03674 18.63227 0.17617
0.03725 18.80670 0.17130
0.03775 18.44452 0.17245
0.03826 18.40662 0.17099
0.03877 18.27626 0.16922
0.03927 18.16989 0.16804
0.03978 17.89737 0.15883
0.04029 17.81361 0.16116
0.04080 17.98272 0.15822
0.04130 17.93840 0.16852
0.04181 17.58709 0.15700
0.04232 17.71970 0.16576
0.04282 17.67672 0.15915
0.04333 17.45581 0.16092
0.04384 17.53285 0.15174
0.04434 17.23197 0.15767
0.04485 17.44108 0.15346
0.04536 17.37037 0.15384
0.04586 17.16160 0.15693
0.04637 16.95758 0.14852
0.04688 16.94682 0.14567
0.04738 16.91232 0.14598
0.04789 16.72593 0.13959
0.04840 17.02753 0.14514
0.04890 16.99408 0.13973
0.04941 16.58161 0.14018
0.04992 16.79893 0.14018
0.05042 16.49674 0.13561
0.05093 16.91057 0.14347
0.05144 16.49697 0.13848
0.05194 16.33847 0.13750
0.05245 16.47220 0.13459
0.05296 16.57599 0.13609
0.05346 16.48543 0.13157
0.05397 16.28388 0.13454
0.05448 16.33668 0.12909
0.05498 16.35141 0.12870
0.05549 16.19767 0.12813
0.05600 15.93281 0.12760
0.05650 16.21651 0.12696
0.05701 16.24602 0.13103
0.05752 16.27376 0.13003
0.05803 15.85201 0.12716
0.05853 15.86727 0.12962
0.05904 15.89973 0.12304
0.05955 15.69701 0.12720
0.06005 16.02915 0.12768
0.06056 15.80597 0.12327
0.06107 15.81147 0.12429
0.06157 15.50753 0.11882
0.06208 15.67963 0.11788
0.06259 15.60560 0.12215
0.06309 15.70879 0.12392
0.06360 15.66472 0.11882
0.06411 15.72304 0.11815
0.06461 15.44120 0.11776
0.06512 15.65261 0.11731
0.06563 15.57079 0.11881
0.06613 15.33533 0.11623
0.06664 15.30103 0.11523
0.06715 15.53481 0.11540
0.06765 15.49490 0.11387
0.06816 15.40676 0.11827
0.06867 15.40143 0.11446
0.06917 15.51013 0.11366
0.06968 15.38536 0.11461
0.07019 15.33961 0.11078
0.07069 15.39793 0.11159
0.07120 15.24931 0.10528
0.07171 15.10639 0.10998
0.07221 15.30522 0.10776
0.07272 15.22622 0.10575
0.07323 15.03296 0.10782
0.07373 15.18270 0.11169
0.07424 15.18346 0.10564
0.07475 15.09059 0.10743
0.07526 15.05613 0.10559
0.07576 15.10351 0.10800
0.07627 15.19824 0.10890
0.07678 14.85101 0.10663
0.07728 15.15904 0.10237
0.07779 14.93158 0.10378
0.07830 15.12915 0.10314
0.07880 14.91321 0.10313
0.07931 14.98591 0.10463
0.07982 14.93774 0.09864
0.08032 14.89146 0.10257
0.08083 15.09246 0.10381
0.08134 14.93851 0.10094
0.08184 14.88760 0.10607
0.08235 14.78725 0.10520
0.08286 15.01926 0.10355
0.08336 14.88841 0.10663
0.08387 14.82166 0.10161
0.08438 14.83194 0.10403
0.08488 14.87236 0.10553
0.08539 14.77973 0.10590
0.08590 14.85930 0.10163
0.08640 14.75025 0.10468
0.08691 14.81630 0.10777
0.08742 14.64575 0.10488
0.08792 14.54717 0.10542
0.08843 14.69276 0.10565
0.08894 14.65683 0.10695
0.08944 14.51399 0.10683
0.08995 14.63438 0.10712
0.09046 14.57735 0.10237
0.09096 14.70647 0.10949
0.09147 14.62621 0.10984
0.09198 14.56768 0.10641
0.09248 14.50235 0.10937
0.09299 14.37350 0.10887
0.09350 14.43971 0.11394
0.09401 14.32872 0.11063
0.09451 14.66724 0.10602
0.09502 14.37038 0.10748
0.09553 14.30954 0.10389
0.09603 14.39163 0.10654
0.09654 14.25049 0.10484
0.09705 14.33728 0.10436
0.09755 14.26972 0.10100
0.09806 14.50081 0.10383
0.09857 14.30492 0.09753
0.09907 14.24484 0.10549
0.09958 14.44229 0.10474
0.10009 14.32731 0.10464
0.10059 14.28120 0.10296
0.10110 14.22251 0.10206
0.10161 14.26648 0.10558
0.10211 14.30458 0.10262
0.10262 14.11609 0.09943
0.10313 13.95206 0.10015
0.10363 14.14864 0.10155
0.10414 14.18771 0.10388
0.10465 14.25530 0.10078
0.10515 14.15093 0.10300
0.10566 14.19121 0.10464
0.10617 14.14003 0.09728
0.10667 14.27743 0.09481
0.10718 14.14679 0.10191
0.10769 14.10298 0.09689
0.10819 13.93393 0.09452
0.10870 14.14078 0.09571
0.10921 13.96408 0.09478
0.10971 14.08389 0.09448
0.11022 14.24383 0.09234
0.11073 13.89153 0.08946
0.11123 13.85557 0.09302
0.11174 13.99743 0.09354
0.11225 13.88673 0.09294
0.11275 13.89423 0.09048
0.11326 13.94226 0.09173
0.11377 13.83019 0.09115
0.11428 13.96343 0.09052
0.11478 13.97578 0.08977
0.11529 13.91292 0.08912
0.11580 13.85381 0.09329
0.11630 13.85239 0.08768
0.11681 13.90197 0.09086
0.11732 13.68070 0.08697
0.11782 13.73560 0.08801
0.11833 13.81294 0.09151
0.11884 13.81912 0.08718
0.11934 13.80841 0.08622
0.11985 13.68074 0.08615
0.12036 13.80034 0.08906
0.12086 13.58125 0.08533
0.12137 13.66245 0.08459
0.12188 13.65765 0.08476
0.12238 13.88035 0.08435
0.12289 13.58247 0.08623
0.12340 13.67297 0.08514
0.12390 13.66510 0.08456
0.12441 13.59627 0.08456
0.12492 13.59990 0.08366
0.12542 13.51867 0.08341
0.12593 13.71675 0.08375
0.12644 13.62757 0.08286
0.12694 13.51844 0.08327
0.12745 13.55145 0.08478
0.12796 13.60229 0.08335
0.12846 13.65357 0.08287
0.12897 13.46973 0.08050
0.12948 13.48329 0.08123
0.12998 13.47423 0.08099
0.13049 13.54847 0.08063
0.13100 13.44645 0.08234
0.13150 13.51149 0.08129
0.13201 13.53848 0.08017
0.13252 13.53668 0.07958
0.13302 13.46797 0.07511
0.13353 13.47245 0.08039
0.13404 13.43233 0.07850
0.13454 13.41231 0.07872
0.13505 13.40601 0.07953
0.13556 13.32978 0.07810
0.13606 13.24429 0.07648
0.13657 13.49119 0.07837
0.13708 13.46578 0.07959
0.13758 13.37230 0.07953
0.13809 13.34350 0.07529
0.13860 13.39747 0.07635
0.13911 13.29773 0.07598
0.13961 13.34820 0.07721
0.14012 13.30559 0.07832
0.14063 13.32419 0.07719
0.14113 13.27533 0.07450
0.14164 13.12810 0.07548
0.14215 13.25216 0.07666
0.14265 13.25313 0.07577
0.14316 13.24931 0.07353
0.14367 13.13117 0.07513
0.14417 13.17981 0.07506
0.14468 13.17133 0.07422
0.14519 13.26106 0.07588
0.14569 13.04128 0.07424
0.14620 13.23036 0.07410
0.14671 13.01978 0.07469
0.14721 13.08933 0.07330
0.14772 13.01897 0.07237
0.14823 13.01151 0.07395
0.14873 12.93581 0.07289
0.14924 13.00248 0.07344
0.14975 12.99021 0.07138
0.15025 12.96178 0.07238
0.15076 12.85396 0.07195
0.15127 12.83759 0.07198
0.15177 13.02675 0.07254
0.15228 12.98506 0.07463
0.15279 12.89294 0.07201
0.15329 12.68546 0.07090
0.15380 12.82390 0.07237
0.15431 12.85297 0.07201
0.15481 12.76097 0.07029
0.15532 12.72343 0.06994
0.15583 12.80916 0.07016
0.15633 12.79074 0.06972
0.15684 12.70736 0.07220
0.15735 12.92367 0.06891
0.15785 12.79870 0.06794
0.15836 12.82923 0.06991
0.15887 12.69819 0.06985
0.15937 12.60217 0.06993
0.15988 12.60177 0.06930
0.16039 12.63757 0.06752
0.16089 12.76748 0.06949
0.16140 12.73084 0.06833
0.16191 12.60229 0.06886
0.16241 12.49872 0.07013
0.16292 12.56300 0.06832
0.16343 12.43901 0.06837
0.16393 12.49520 0.06796
0.16444 12.50942 0.06904
0.16495 12.51377 0.06697
0.16545 12.38922 0.06664
0.16596 12.43148 0.06598
0.16647 12.50356 0.06671
0.16697 12.46512 0.06605
0.16748 12.42778 0.06607
0.16799 12.45272 0.06704
0.16849 12.36098 0.06542
0.16900 12.41521 0.06560
0.16951 12.37122 0.06635
0.17001 12.42782 0.06711
0.17052 12.52204 0.06622
0.17103 12.44058 0.06833
0.17153 12.53304 0.06704
0.17204 12.39525 0.06802
0.17255 12.33575 0.06839
0.17305 12.24147 0.06760
0.17356 12.41135 0.06821
0.17407 12.39463 0.06744
0.17457 12.23982 0.06835
0.17508 12.31609 0.06817
0.17559 12.23763 0.06729
0.17610 12.25461 0.06823
0.17660 12.17351 0.06803
0.17711 12.24905 0.06776
0.17762 12.15138 0.06946
0.17812 12.25633 0.06824
0.17863 12.35002 0.06918
0.17914 12.20699 0.06716
0.17964 12.14912 0.06618
0.18015 12.24201 0.06867
0.18066 12.12607 0.06782
0.18116 12.26099 0.07095
0.18167 12.02028 0.06836
0.18218 12.10643 0.06955
0.18268 12.22216 0.06949
0.18319 12.22061 0.06927
0.18370 12.11433 0.07038
0.18420 12.12250 0.06909
0.18471 12.03691 0.07051
0.18522 12.17879 0.06984
0.18572 12.05117 0.07047
0.18623 12.06152 0.07124
0.18674 11.99618 0.07188
0.18724 12.05680 0.07134
0.18775 11.92377 0.07094
0.18826 12.11213 0.07167
0.18876 12.06041 0.07133
0.18927 11.93124 0.07125
0.18978 11.95457 0.07259
0.19028 11.82700 0.07184
0.19079 11.96867 0.07317
0.19130 12.03817 0.07259
0.19180 11.92949 0.07147
0.19231 12.03193 0.07133
0.19282 12.00276 0.07002
0.19332 12.08259 0.07275
0.19383 11.90655 0.07242
0.19434 11.94158 0.07199
0.19484 11.85102 0.07165
0.19535 11.98442 0.07223
0.19586 11.92828 0.07218
0.19636 11.85340 0.07149
0.19687 11.77193 0.07372
0.19738 11.85442 0.07152
0.19788 11.83358 0.07290
0.19839 11.96073 0.07168
0.19890 11.84430 0.07366
0.19940 11.82262 0.07176
0.19991 11.76577 0.07232
0.20042 11.76938 0.07311
0.20092 11.75409 0.07325
0.20143 11.67151 0.07461
0.20194 11.61126 0.07047
0.20244 11.76183 0.07226
0.20295 11.77621 0.07350
0.20346 11.71957 0.07480
0.20396 11.86827 0.07365
0.20447 11.75062 0.07324
0.20498 11.63294 0.07237
0.20548 11.63846 0.07274
0.20599 11.76303 0.07147
0.20650 11.59427 0.07296
0.20700 11.68006 0.07283
0.20751 11.80264 0.07436
0.20802 11.58653 0.07157
0.20852 11.68731 0.07279
0.20903 11.57757 0.07126
0.20954 11.66899 0.07225
0.21004 11.54695 0.07341
0.21055 11.64691 0.07260
0.21106 11.62745 0.07311
0.21156 11.60338 0.07198
0.21207 11.38577 0.07143
0.21258 11.58496 0.07257
0.21308 11.45822 0.07115
0.21359 11.53666 0.07411
0.21410 11.57943 0.07423
0.21460 11.42682 0.07272
0.21511 11.49777 0.07045
0.21562 11.37768 0.07353
0.21612 11.55413 0.07262
0.21663 11.51520 0.07139
0.21714 11.36098 0.07168
0.21764 11.42379 0.07060
0.21815 11.49207 0.07125
0.21866 11.36572 0.07164
0.21916 11.54208 0.07303
0.21967 11.32740 0.07142
0.22018 11.35092 0.07354
0.22068 11.45009 0.07287
0.22119 11.37892 0.07105
0.22170 11.34081 0.07051
0.22220 11.35122 0.06926
0.22271 11.30482 0.06929
0.22322 11.19495 0.07139
0.22372 11.24476 0.06965
0.22423 11.21308 0.07023
0.22474 11.23648 0.06963
0.22524 11.28351 0.07048
0.22575 11.18663 0.06982
0.22626 11.27068 0.06853
0.22676 11.31051 0.07094
0.22727 11.22353 0.07029
0.22778 11.12347 0.06906
0.22828 11.22763 0.06919
0.22879 11.09476 0.06923
0.22930 11.23983 0.06839
0.22980 10.96177 0.06725
0.23031 11.04821 0.06787
0.23082 11.14084 0.06733
0.23132 11.18764 0.06871
0.23183 11.06542 0.06733
0.23234 10.98403 0.06687
0.23284 11.07396 0.06546
0.23335 11.08271 0.06719
0.23386 11.05153 0.06567
0.23436 11.05810 0.06528
0.23487 11.11755 0.06468
0.23538 11.01173 0.06545
0.23588 11.14631 0.06505
0.23639 10.93479 0.06703
0.23690 11.07902 0.06662
0.23740 10.92842 0.06652
0.23791 11.00075 0.06493
0.23842 10.97387 0.06531
0.23892 10.88314 0.06491
0.23943 10.98801 0.06380
0.23994 11.03931 0.06644
0.24044 11.00554 0.06479
0.24095 10.94847 0.06476
0.24145 10.92545 0.06387
0.24196 10.91694 0.06494
0.24247 10.87605 0.06470
0.24297 10.96506 0.06293
0.24348 10.93784 0.06233
0.24399 10.93495 0.06452
0.24449 10.89342 0.06254
0.24500 10.87085 0.06293
0.24551 10.84170 0.06310
0.24601 10.75769 0.06491
0.24652 10.83355 0.06241
0.24703 10.85590 0.06107
0.24753 10.88252 0.06378
0.24804 10.85162 0.06223
0.24855 10.86435 0.06271
0.24905 10.65936 0.06254
0.24956 10.85792 0.06248
0.25007 10.68397 0.06085
0.25057 10.77056 0.06075
0.25108 10.75376 0.06065
0.25159 10.72126 0.06171
0.25209 10.71176 0.06087
0.25260 10.72244 0.06158
0.25311 10.72137 0.06055
0.25361 10.61949 0.05957
0.25412 10.76076 0.06170
0.25463 10.67853 0.06051
0.25513 10.57584 0.06077
0.25564 10.72784 0.05900
0.25615 10.60216 0.06016
0.25665 10.64442 0.05956
0.25716 10.55876 0.06008
0.25767 10.70615 0.05993
0.25817 10.50044 0.05719
0.25868 10.63145 0.05733
0.25919 10.50348 0.05814
0.25969 10.68153 0.05864
0.26020 10.63608 0.05836
0.26071 10.66415 0.06016
0.26121 10.58895 0.05804
0.26172 10.56560 0.05891
0.26223 10.50441 0.05699
0.26273 10.44066 0.05804
0.26324 10.55661 0.05719
0.26375 10.60225 0.05747
0.26425 10.54097 0.05911
0.26476 10.46648 0.05762
0.26527 10.57860 0.05679
0.26577 10.42124 0.05831
0.26628 10.46294 0.05737
0.26679 10.48498 0.05697
0.26729 10.50869 0.05864
0.26780 10.49656 0.05666
0.26831 10.51961 0.05664
0.26881 10.46916 0.05759
0.26932 10.41517 0.05604
0.26983 10.35884 0.05778
0.27033 10.38693 0.05665
0.27084 10.43121 0.05596
0.27134 10.47776 0.05656
0.27185 10.42565 0.05582
0.27236 10.46835 0.05629
0.27286 10.26892 0.05646
0.27337 10.34967 0.05591
0.27388 10.39863 0.05600
0.27438 10.36029 0.05588
0.27489 10.35110 0.05604
0.27540 10.32058 0.05546
0.27590 10.33262 0.05505
0.27641 10.29047 0.05615
0.27692 10.23342 0.05536
0.27742 10.28252 0.05455
0.27793 10.27618 0.05486
0.27844 10.19782 0.05454
0.27894 10.25112 0.05530
0.27945 10.20370 0.05517
0.27996 10.25914 0.05508
0.28046 10.18635 0.05561
0.28097 10.25399 0.05506
0.28148 10.16422 0.05476
0.28198 10.25543 0.05352
0.28249 10.16622 0.05445
0.28300 10.16772 0.05441
0.28350 10.05441 0.05349
0.28401 10.16776 0.05425
0.28452 10.13800 0.05557
0.28502 10.15675 0.05317
0.28553 10.21389 0.05381
0.28604 10.06228 0.05340
0.28654 10.11006 0.05449
0.28705 10.15688 0.05386
0.28756 10.10810 0.05384
0.28806 10.16645 0.05403
0.28857 10.06488 0.05526
0.28908 10.16819 0.05347
0.28958 10.13869 0.05271
0.29009 9.95239 0.05301
0.29059 10.10153 0.05446
0.29110 10.09680 0.05377
0.29161 10.04113 0.05371
0.29211 10.03653 0.05451
0.29262 10.02593 0.05468
0.29313 9.98094 0.05401
0.29363 10.13986 0.05470
0.29414 9.99795 0.05424
0.29465 10.00810 0.05558
0.29515 10.12123 0.05376
0.29566 9.98895 0.05395
0.29617 10.04013 0.05396
0.29667 9.95165 0.05389
0.29718 9.95362 0.05452
0.29769 9.86525 0.05387
0.29819 9.96865 0.05362
0.29870 9.98950 0.05510
0.29921 9.92803 0.05331
0.29971 9.87919 0.05239
0.30022 9.92586 0.05385
0.30073 9.82577 0.05376
0.30123 9.98981 0.05431
0.30174 9.83407 0.05352
0.30225 9.91606 0.05298
0.30275 9.86328 0.05380
0.30326 9.79636 0.05334
0.30377 9.89297 0.05365
0.30427 9.69488 0.05424
0.30478 9.83140 0.05272
0.30529 9.79919 0.05268
0.30579 9.86255 0.05353
0.30630 9.84244 0.05201
0.30680 9.84248 0.05169
0.30731 9.63922 0.05104
0.30782 9.79829 0.05239
0.30832 9.72627 0.05253
0.30883 9.75040 0.05095
0.30934 9.81105 0.05341
0.30984 9.66418 0.05335
0.31035 9.72014 0.05460
0.31086 9.71649 0.05448
0.31136 9.75507 0.05463
0.31187 9.63114 0.05376
0.31238 9.65666 0.05511
0.31288 9.65304 0.05449
0.31339 9.66326 0.05590
0.31390 9.67145 0.05535
0.31440 9.75695 0.05623
0.31491 9.79606 0.05587
0.31542 9.65350 0.05605
0.31592 9.60205 0.05601
0.31643 9.56899 0.05649
0.31694 9.63585 0.05644
0.31744 9.58940 0.05601
0.31795 9.56529 0.05571
0.31845 9.58447 0.05725
0.31896 9.66150 0.05712
0.31947 9.58085 0.05633
0.31997 9.63219 0.05842
0.32048 9.53255 0.05643
0.32099 9.60122 0.05672
0.32149 9.55050 0.05760
0.32200 9.57832 0.05775
0.32251 9.61687 0.05832
0.32301 9.48166 0.05779
0.32352 9.55022 0.05550
0.32403 9.58305 0.05698
0.32453 9.59423 0.05713
0.32504 9.56632 0.05634
0.32555 9.60784 0.05528
0.32605 9.55958 0.05679
0.32656 9.60216 0.05580
0.32707 9.48135 0.05812
0.32757 9.44418 0.05660
0.32808 9.45811 0.05637
0.32859 9.49436 0.05665
0.32909 9.50461 0.05683
0.32960 9.46857 0.05605
0.33010 9.56157 0.05670
0.33061 9.43467 0.05778
0.33112 9.48287 0.05723
0.33162 9.52241 0.05870
0.33213 9.50775 0.05766
0.33264 9.54544 0.05775
0.33314 9.47544 0.05734
0.33365 9.50413 0.05758
0.33416 9.50223 0.05653
0.33466 9.37614 0.05631
0.33517 9.49291 0.05768
0.33568 9.45686 0.05909
0.33618 9.40933 0.05831
0.33669 9.40369 0.05693
0.33720 9.46817 0.05806
0.33770 9.39022 0.05851
0.33821 9.52409 0.05894
0.33872 9.34749 0.05803
0.33922 9.26224 0.05699
0.33973 9.31947 0.05792
0.34023 9.42119 0.05881
0.34074 9.36471 0.05804
0.34125 9.44366 0.05856
0.34175 9.34968 0.05894
0.34226 9.36661 0.05810
0.34277 9.37697 0.05891
0.34327 9.30682 0.05761
0.34378 9.32286 0.05903
0.34429 9.42853 0.05846
0.34479 9.35706 0.05802
0.34530 9.28575 0.05927
0.34581 9.37863 0.05839
0.34631 9.31466 0.05656
0.34682 9.34676 0.05694
0.34733 9.25642 0.05795
0.34783 9.25300 0.05849
0.34834 9.38497 0.05750
0.34884 9.28755 0.05807
0.34935 9.38274 0.05878
0.34986 9.26434 0.05754
0.35036 9.24187 0.05946
0.35087 9.24473 0.06058
0.35138 9.29265 0.05927
0.35188 9.29669 0.05758
0.35239 9.26501 0.06049
0.35290 9.21332 0.05746
0.35340 9.23873 0.05807
0.35391 9.18386 0.05674
0.35442 9.16859 0.05449
0.35492 9.15940 0.05666
0.35543 9.34836 0.05629
0.35594 9.13598 0.05613
0.35644 9.17597 0.05620
0.35695 9.17102 0.05623
0.35745 9.24370 0.05557
0.35796 9.12294 0.05560
0.35847 9.14126 0.05677
0.35897 9.13932 0.05625
0.35948 9.16866 0.05637
0.35999 9.09514 0.05493
0.36049 9.12329 0.05637
0.36100 9.12746 0.05573
0.36151 9.10904 0.05624
0.36201 9.10562 0.05735
0.36252 9.08844 0.05499
0.36303 8.97803 0.05507
0.36353 9.15693 0.05610
0.36404 9.00805 0.05732
0.36455 9.13258 0.05765
0.36505 9.05191 0.05684
0.36556 9.09515 0.05718
0.36606 9.03832 0.05776
0.36657 9.00890 0.05709
0.36708 8.99745 0.05759
0.36758 8.97384 0.05717
0.36809 9.04835 0.06082
0.36860 9.01264 0.06114
0.36910 9.01889 0.06091
0.36961 8.98590 0.05917
0.37012 8.89183 0.06049
0.37062 8.97090 0.06027
0.37113 8.92483 0.05926
0.37164 8.92763 0.05940
0.37214 9.10421 0.06102
0.37265 9.06016 0.05928
0.37315 9.01512 0.06098
0.37366 9.05070 0.06083
0.37417 8.92983 0.06118
0.37467 8.94303 0.05923
0.37518 8.97218 0.06104
0.37569 8.83444 0.06052
0.37619 9.12827 0.06356
0.37670 8.96722 0.06203
0.37721 9.05131 0.06354
0.37771 9.07964 0.06162
0.37822 8.93830 0.06389
0.37873 8.90726 0.06426
0.37923 9.01296 0.06312
0.37974 8.82447 0.06247
0.38024 8.95227 0.06522
0.38075 8.87567 0.06212
0.38126 8.94473 0.06219
0.38176 8.90365 0.06562
0.38227 8.91977 0.06489
0.38278 8.92638 0.06542
0.38328 8.82873 0.06595
0.38379 8.82604 0.06569
0.38430 9.03631 0.06577
0.38480 8.99233 0.06387
0.38531 8.87215 0.06518
0.38582 8.86209 0.06525
0.38632 8.89638 0.06838
0.38683 8.92971 0.06616
0.38733 8.87413 0.06794
0.38784 8.81845 0.06716
0.38835 8.89333 0.06680
0.38885 8.84683 0.06767
0.38936 8.90443 0.06980
0.38987 8.79199 0.06618
0.39037 8.87451 0.06796
0.39088 8.68152 0.06889
0.39139 8.86702 0.07051
0.39189 8.71568 0.07138
0.39240 8.80206 0.07271
0.39290 8.96124 0.06976
0.39341 8.88220 0.07240
0.39392 8.74775 0.07280
0.39442 8.81580 0.07161
0.39493 8.75945 0.07149
0.39544 8.82104 0.07175
0.39594 8.78342 0.07401
0.39645 8.84059 0.07354
0.39696 8.71502 0.07180
0.39746 8.80896 0.07363
0.39797 8.73592 0.07411
0.39847 8.73625 0.07349
0.39898 8.76330 0.07349
0.39949 8.77908 0.07181
0.39999 8.80784 0.07696
0.40050 8.79849 0.07399
0.40101 8.63860 0.07500
0.40151 8.71764 0.07651
0.40202 8.71886 0.07526
0.40253 8.74263 0.07488
0.40303 8.73209 0.07617
0.40354 8.58239 0.07759
0.40405 8.84584 0.07830
0.40455 8.43292 0.07605
0.40506 8.58000 0.07751
0.40556 8.49657 0.07634
0.40607 8.73849 0.08237
0.40658 8.68026 0.08169
0.40708 8.64963 0.08051
0.40759 8.53438 0.07943
0.40810 8.59816 0.07859
0.40860 8.71474 0.08110
0.40911 8.65670 0.07971
0.40962 8.67435 0.08245
0.41012 8.70102 0.08172
0.41063 8.51398 0.08074
0.41113 8.51094 0.08161
0.41164 8.58661 0.08354
0.41215 8.45214 0.07910
0.41265 8.63230 0.07940
0.41316 8.63622 0.07819
0.41367 8.64405 0.08303
0.41417 8.56398 0.07965
0.41468 8.55098 0.08161
0.41518 8.60910 0.08212
0.41569 8.68786 0.08346
0.41620 8.66799 0.08269
0.41670 8.43632 0.07932
0.41721 8.53699 0.08467
0.41772 8.51192 0.08489
0.41822 8.35985 0.08187
0.41873 8.48235 0.08321
0.41924 8.46776 0.08571
0.41974 8.49704 0.08351
0.42025 8.48772 0.08484
0.42075 8.30947 0.08361
0.42126 8.48950 0.08918
0.42177 8.47910 0.08437
0.42227 8.43294 0.08586
0.42278 8.36032 0.08586
0.42329 8.52456 0.08846
0.42379 8.46835 0.08639
0.42430 8.55936 0.08589
0.42481 8.58458 0.09300
0.42531 8.51005 0.09127
0.42582 8.62235 0.08942
0.42632 8.70742 0.08804
0.42683 8.48529 0.09336
0.42734 8.56069 0.09178
0.42784 8.55370 0.08685
0.42835 8.51803 0.09272
0.42886 8.58153 0.09328
0.42936 8.55065 0.09431
0.42987 8.37898 0.09335
0.43037 8.53392 0.10008
0.43088 8.40696 0.09511
0.43139 8.52111 0.09880
0.43189 8.27989 0.09707
0.43240 8.35717 0.09606
0.43291 8.43858 0.09986
0.43341 8.35263 0.10383
0.43392 8.47212 0.09879
0.43443 8.40698 0.10120
0.43493 8.25738 0.10398
0.43544 8.54827 0.10214
0.43594 8.52545 0.10731
0.43645 8.34290 0.10256
0.43696 8.38121 0.10406
0.43746 8.44113 0.10296
0.43797 8.57575 0.10873
0.43848 8.30847 0.10804
0.43898 8.37770 0.11249
0.43949 8.48780 0.11009
0.43999 8.34846 0.11376
