0.01140 1474.31016 60.06425
0.01191 1031.58684 49.53751
0.01242 673.11297 50.54540
0.01292 397.66499 36.97414
0.01343 264.52140 25.12491
0.01394 198.29874 19.13648
0.01444 163.15753 15.01345
0.01495 131.24917 12.27982
0.01546 99.76090 8.29885
0.01596 92.55152 7.72643
0.01647 80.56180 5.95030
0.01698 68.13408 4.64139
0.01748 59.86809 3.99345
0.01799 55.67556 3.21916
0.01850 50.10461 2.82568
0.01900 44.10389 2.21142
0.01951 42.99173 1.88466
0.02002 39.51133 1.62961
0.02052 38.37512 1.26851
0.02103 35.91041 1.16133
0.02154 33.62927 0.93338
0.02204 32.45986 0.80201
0.02255 31.35078 0.66781
0.02306 29.34599 0.58737
0.02356 28.91379 0.52605
0.02407 28.50673 0.47699
0.02458 27.09797 0.40477
0.02509 26.91493 0.40180
0.02559 25.79622 0.35478
0.02610 25.32703 0.34263
0.02661 24.56097 0.28474
0.02711 23.84473 0.25494
0.02762 23.40209 0.24358
0.02813 22.58421 0.24163
0.02863 22.61943 0.23553
0.02914 22.16851 0.23887
0.02965 21.77975 0.23360
0.03015 21.39614 0.21595
0.03066 20.92300 0.21087
0.03117 20.93068 0.19871
0.03167 20.40362 0.19794
0.03218 20.26827 0.19476
0.03269 20.34258 0.18613
0.03319 20.08483 0.19845
0.03370 19.59636 0.20101
0.03421 19.38664 0.18411
0.03471 19.33483 0.18306
0.03522 19.26218 0.19040
0.03573 19.22617 0.18115
0.03623 18.83196 0.18671
0.03674 18.79924 0.17116
0.03725 18.65761 0.17399
0.03775 18.67219 0.18169
0.03826 18.20135 0.17383
0.03877 18.16425 0.17171
0.03927 17.98820 0.17174
0.03978 18.04754 0.16204
0.04029 18.15426 0.16070
0.04080 17.88901 0.16200
0.04130 17.64839 0.16174
0.04181 17.61499 0.16165
0.04232 17.24166 0.15818
0.04282 17.52840 0.16858
0.04333 17.40040 0.15730
0.04384 17.63754 0.15674
0.04434 17.46679 0.14676
0.04485 17.09036 0.15277
0.04536 17.12481 0.15335
0.04586 17.00939 0.14602
0.04637 17.04258 0.14768
0.04688 16.63080 0.14676
0.04738 16.80378 0.14732
0.04789 16.65348 0.14954
0.04840 16.61165 0.14510
0.04890 16.72099 0.14942
0.04941 16.79715 0.14726
0.04992 16.71345 0.14250
0.05042 16.66017 0.14124
0.05093 16.80760 0.14479
0.05144 16.70689 0.14060
0.05194 16.56415 0.13760
0.05245 16.40383 0.13516
0.05296 16.45041 0.13271
0.05346 16.32948 0.13272
0.05397 16.56039 0.13764
0.05448 16.36662 0.13188
0.05498 16.12978 0.13743
0.05549 16.30619 0.13674
0.05600 16.32919 0.13044
0.05650 15.96782 0.12712
0.05701 16.01981 0.12788
0.05752 16.11177 0.12591
0.05803 16.06170 0.12171
0.05853 15.90609 0.12926
0.05904 15.98307 0.12403
0.05955 15.80780 0.12424
0.06005 15.81277 0.12291
0.06056 15.74511 0.12255
0.06107 15.69600 0.12073
0.06157 16.09805 0.12408
0.06208 15.69509 0.11908
0.06259 15.51614 0.12446
0.06309 15.75008 0.12337
0.06360 15.69671 0.12105
0.06411 15.47552 0.12017
0.06461 15.42829 0.11820
0.06512 15.57463 0.11283
0.06563 15.53736 0.12300
0.06613 15.58135 0.11776
0.06664 15.47868 0.11757
0.06715 15.48995 0.11849
0.06765 15.49839 0.11316
0.06816 15.29380 0.11328
0.06867 15.36191 0.11983
0.06917 15.35809 0.11318
0.06968 15.16628 0.11432
0.07019 15.26487 0.11230
0.07069 15.34582 0.11246
0.07120 15.21984 0.11084
0.07171 15.17754 0.11224
0.07221 15.25677 0.11052
0.07272 15.07878 0.11020
0.07323 14.99021 0.11377
0.07373 15.10643 0.10846
0.07424 15.05425 0.10914
0.07475 15.21021 0.10963
0.07526 15.10276 0.10565
0.07576 15.11283 0.10892
0.07627 15.02088 0.10378
0.07678 15.24773 0.10924
0.07728 14.88508 0.10539
0.07779 15.11482 0.10427
0.07830 15.03720 0.10637
0.07880 14.90358 0.09927
0.07931 14.81809 0.10238
0.07982 15.00007 0.10005
0.08032 14.87385 0.09730
0.08083 14.85284 0.10050
0.08134 14.95278 0.10605
0.08184 14.81919 0.10089
0.08235 14.93603 0.10217
0.08286 14.67336 0.10596
0.08336 14.76443 0.10780
0.08387 14.73888 0.10546
0.08438 14.86944 0.10800
0.08488 14.83437 0.10730
0.08539 14.53369 0.10549
0.08590 14.75191 0.10254
0.08640 14.79617 0.11049
0.08691 14.77562 0.10357
0.08742 14.52671 0.10495
0.08792 14.67718 0.10362
0.08843 14.70193 0.10666
0.08894 14.69138 0.10535
0.08944 14.47829 0.10610
0.08995 14.57830 0.10366
0.09046 14.38156 0.10458
0.09096 14.49109 0.10590
0.09147 14.42033 0.10590
0.09198 14.48759 0.10950
0.09248 14.55065 0.10547
0.09299 14.33454 0.10819
0.09350 14.41867 0.10797
0.09401 14.37931 0.10905
0.09451 14.42629 0.10535
0.09502 14.46648 0.10443
0.09553 14.28514 0.10668
0.09603 14.34684 0.10891
0.09654 14.27767 0.10301
0.09705 14.25673 0.10352
0.09755 14.27280 0.10308
0.09806 14.26105 0.10523
0.09857 14.13819 0.10684
0.09907 14.28262 0.10433
0.09958 14.31499 0.10144
0.10009 14.35754 0.10343
0.10059 14.31284 0.10691
0.10110 14.16253 0.10001
0.10161 14.12296 0.09829
0.10211 14.29753 0.10187
0.10262 13.88765 0.09715
0.10313 14.13396 0.09697
0.10363 14.27695 0.10070
0.10414 14.11410 0.10524
0.10465 14.26051 0.10305
0.10515 14.10360 0.10125
0.10566 13.95529 0.10132
0.10617 13.99179 0.09697
0.10667 14.13132 0.09965
0.10718 14.05860 0.09822
0.10769 14.18691 0.09977
0.10819 14.05795 0.09608
0.10870 14.00176 0.09256
0.10921 14.13552 0.09376
0.10971 13.96558 0.09616
0.11022 13.89783 0.09131
0.11073 13.79804 0.09209
0.11123 13.86632 0.09413
0.11174 13.97252 0.09178
0.11225 13.86568 0.09737
0.11275 13.87761 0.09556
0.11326 13.80369 0.09275
0.11377 13.96506 0.08859
0.11428 13.89491 0.09275
0.11478 13.98762 0.09151
0.11529 13.80616 0.09232
0.11580 13.85145 0.08740
0.11630 13.81002 0.08891
0.11681 13.88864 0.08902
0.11732 13.87757 0.08926
0.11782 13.75970 0.08794
0.11833 13.79989 0.08976
0.11884 13.79667 0.08955
0.11934 13.85133 0.09021
0.11985 13.59773 0.08542
0.12036 13.82580 0.08535
0.12086 13.78356 0.08548
0.12137 13.61324 0.08657
0.12188 13.84310 0.08774
0.12238 13.54575 0.08627
0.12289 13.65648 0.08612
0.12340 13.58346 0.08327
0.12390 13.57558 0.08404
0.12441 13.46363 0.08458
0.12492 13.62943 0.08391
0.12542 13.48031 0.08500
0.12593 13.50082 0.08426
0.12644 13.59551 0.08318
0.12694 13.66051 0.08570
0.12745 13.66732 0.08344
0.12796 13.48451 0.08228
0.12846 13.63139 0.08324
0.12897 13.68265 0.08028
0.12948 13.48079 0.08107
0.12998 13.40151 0.08165
0.13049 13.47969 0.07985
0.13100 13.56811 0.08028
0.13150 13.52512 0.07757
0.13201 13.46872 0.07998
0.13252 13.61717 0.07854
0.13302 13.45563 0.07850
0.13353 13.39679 0.07923
0.13404 13.44841 0.07997
0.13454 13.38008 0.07898
0.13505 13.39051 0.07844
0.13556 13.39883 0.07734
0.13606 13.32091 0.07972
0.13657 13.39300 0.07722
0.13708 13.40289 0.07872
0.13758 13.48167 0.07624
0.13809 13.32289 0.07523
0.13860 13.15291 0.07637
0.13911 13.18974 0.07465
0.13961 13.35268 0.07681
0.14012 13.33681 0.07546
0.14063 13.34416 0.07516
0.14113 13.25980 0.07459
0.14164 13.21142 0.07752
0.14215 13.31408 0.07462
0.14265 13.08216 0.07566
0.14316 13.25847 0.07367
0.14367 13.17461 0.07451
0.14417 13.26274 0.07517
0.14468 13.12392 0.07488
0.14519 13.17172 0.07668
0.14569 13.15750 0.07495
0.14620 13.02313 0.07628
0.14671 13.11324 0.07178
0.14721 13.05416 0.07373
0.14772 13.08176 0.07424
0.14823 12.92269 0.07109
0.14873 13.14564 0.07657
0.14924 12.96869 0.07445
0.14975 12.85486 0.07330
0.15025 12.95440 0.07163
0.15076 12.87283 0.07443
0.15127 12.97194 0.07218
0.15177 12.75660 0.07126
0.15228 12.79005 0.07312
0.15279 12.86504 0.07250
0.15329 12.82824 0.06987
0.15380 12.71091 0.07138
0.15431 12.84654 0.07243
0.15481 12.92190 0.07109
0.15532 12.74759 0.07273
0.15583 12.77491 0.06949
0.15633 12.78168 0.06744
0.15684 12.78724 0.07043
0.15735 12.60378 0.06880
0.15785 12.66998 0.06974
0.15836 12.63691 0.06925
0.15887 12.78148 0.06930
0.15937 12.65500 0.06972
0.15988 12.67493 0.06829
0.16039 12.68340 0.06955
0.16089 12.57777 0.06812
0.16140 12.61548 0.06899
0.16191 12.61095 0.06782
0.16241 12.48745 0.06959
0.16292 12.67635 0.06997
0.16343 12.45097 0.06841
0.16393 12.58110 0.07041
0.16444 12.43824 0.06802
0.16495 12.47984 0.06708
0.16545 12.45870 0.06594
0.16596 12.41239 0.06581
0.16647 12.32938 0.06567
0.16697 12.38722 0.06646
0.16748 12.38844 0.06623
0.16799 12.40797 0.06679
0.16849 12.45961 0.06739
0.16900 12.39493 0.06634
0.16951 12.49218 0.06676
0.17001 12.57305 0.06696
0.17052 12.38507 0.06719
0.17103 12.33292 0.06780
0.17153 12.31181 0.06884
0.17204 12.36368 0.06735
0.17255 12.33499 0.06710
0.17305 12.32926 0.06829
0.17356 12.45295 0.06793
0.17407 12.36324 0.06836
0.17457 12.22653 0.06583
0.17508 12.39757 0.06897
0.17559 12.23725 0.06720
0.17610 12.21402 0.06977
0.17660 12.19855 0.06721
0.17711 12.19045 0.06580
0.17762 12.12507 0.06708
0.17812 12.11095 0.06738
0.17863 12.18983 0.06702
0.17914 11.96315 0.06828
0.17964 12.13041 0.06748
0.18015 12.11321 0.06994
0.18066 12.22252 0.07060
0.18116 11.98188 0.06749
0.18167 12.21288 0.06966
0.18218 12.04240 0.06861
0.18268 12.12586 0.06858
0.18319 12.14597 0.06959
0.18370 12.00992 0.06910
0.18420 12.05166 0.07000
0.18471 12.01633 0.07169
0.18522 12.05839 0.07069
0.18572 11.97424 0.06887
0.18623 12.03609 0.07031
0.18674 11.95130 0.07319
0.18724 11.98623 0.06953
0.18775 12.04176 0.07132
0.18826 11.98495 0.07024
0.18876 11.95810 0.07148
0.18927 11.86138 0.06900
0.18978 11.96684 0.07016
0.19028 11.85668 0.07169
0.19079 11.95110 0.07086
0.19130 11.93574 0.07052
0.19180 11.87353 0.07172
0.19231 11.94877 0.07291
0.19282 11.89448 0.07248
0.19332 11.87016 0.07151
0.19383 11.81155 0.07147
0.19434 11.81500 0.07327
0.19484 11.90121 0.07319
0.19535 11.78052 0.07338
0.19586 11.81312 0.07079
0.19636 11.80618 0.07263
0.19687 11.85733 0.07164
0.19738 11.86302 0.07175
0.19788 11.77594 0.07049
0.19839 11.89539 0.07230
0.19890 11.75202 0.07176
0.19940 11.81168 0.07335
0.19991 11.82775 0.07156
0.20042 11.71204 0.07135
0.20092 11.81789 0.07326
0.20143 11.71905 0.07208
0.20194 11.68258 0.07384
0.20244 11.63181 0.07112
0.20295 11.85585 0.07487
0.20346 11.57727 0.07248
0.20396 11.65086 0.07450
0.20447 11.70488 0.07379
0.20498 11.76769 0.07243
0.20548 11.67571 0.07188
0.20599 11.61775 0.07290
0.20650 11.70752 0.07461
0.20700 11.65263 0.07221
0.20751 11.63331 0.06993
0.20802 11.65279 0.07161
0.20852 11.48110 0.07168
0.20903 11.44007 0.07193
0.20954 11.55204 0.07171
0.21004 11.43203 0.07107
0.21055 11.62084 0.07265
0.21106 11.56017 0.07209
0.21156 11.67390 0.07277
0.21207 11.52807 0.07036
0.21258 11.56766 0.07044
0.21308 11.38960 0.07035
0.21359 11.46695 0.07253
0.21410 11.49618 0.07189
0.21460 11.44468 0.07306
0.21511 11.60847 0.07189
0.21562 11.42866 0.07114
0.21612 11.42590 0.07212
0.21663 11.39200 0.07166
0.21714 11.35350 0.07389
0.21764 11.34401 0.07380
0.21815 11.39174 0.07216
0.21866 11.24454 0.07228
0.21916 11.41436 0.07095
0.21967 11.30736 0.07031
0.22018 11.34501 0.07282
0.22068 11.33898 0.07137
0.22119 11.32489 0.07014
0.22170 11.23120 0.07009
0.22220 11.27195 0.07099
0.22271 11.19468 0.06810
0.22322 11.31667 0.07082
0.22372 11.19376 0.06976
0.22423 11.37640 0.07110
0.22474 11.19028 0.07130
0.22524 11.26220 0.06923
0.22575 11.06803 0.07008
0.22626 11.24256 0.06880
0.22676 11.32386 0.06841
0.22727 11.16931 0.06890
0.22778 11.28643 0.07021
0.22828 11.09400 0.06853
0.22879 11.16078 0.06809
0.22930 11.15938 0.06916
0.22980 11.11885 0.06736
0.23031 11.12095 0.06787
0.23082 11.20900 0.06780
0.23132 11.12224 0.06798
0.23183 10.99201 0.06768
0.23234 11.17614 0.06727
0.23284 11.16898 0.06524
0.23335 11.04513 0.06505
0.23386 11.05520 0.06642
0.23436 11.04563 0.06641
0.23487 10.99843 0.06651
0.23538 11.08004 0.06497
0.23588 11.12125 0.06488
0.23639 11.05902 0.06612
0.23690 10.94015 0.06664
0.23740 10.97706 0.06506
0.23791 11.00819 0.06477
0.23842 10.94297 0.06298
0.23892 10.99076 0.06552
0.23943 10.88494 0.06536
0.23994 10.88037 0.06420
0.24044 10.86917 0.06459
0.24095 10.84060 0.06595
0.24145 10.83465 0.06378
0.24196 10.95248 0.06263
0.24247 10.85310 0.06228
0.24297 10.96806 0.06458
0.24348 10.79192 0.06129
0.24399 10.98659 0.06363
0.24449 10.80145 0.06200
0.24500 10.84951 0.06196
0.24551 10.65039 0.06289
0.24601 10.73307 0.06210
0.24652 10.71640 0.06163
0.24703 10.77225 0.06054
0.24753 10.76952 0.06309
0.24804 10.66713 0.06101
0.24855 10.78724 0.06280
0.24905 10.69399 0.06321
0.24956 10.78145 0.06183
0.25007 10.69358 0.06097
0.25057 10.71487 0.06094
0.25108 10.78027 0.06094
0.25159 10.70470 0.06014
0.25209 10.83632 0.06217
0.25260 10.54470 0.06128
0.25311 10.62413 0.06026
0.25361 10.69557 0.05889
0.25412 10.64036 0.06126
0.25463 10.63753 0.06068
0.25513 10.74213 0.06062
0.25564 10.61645 0.06033
0.25615 10.63408 0.05950
0.25665 10.60491 0.05967
0.25716 10.59404 0.05760
0.25767 10.57887 0.05908
0.25817 10.59251 0.05909
0.25868 10.52618 0.05701
0.25919 10.50281 0.05837
0.25969 10.58190 0.05781
0.26020 10.61374 0.05727
0.26071 10.55870 0.05893
0.26121 10.59392 0.05801
0.26172 10.54705 0.05923
0.26223 10.48368 0.05701
0.26273 10.54672 0.05829
0.26324 10.48273 0.05799
0.26375 10.50601 0.05732
0.26425 10.49798 0.05787
0.26476 10.48656 0.05793
0.26527 10.48765 0.05672
0.26577 10.45808 0.05714
0.26628 10.44650 0.05734
0.26679 10.41495 0.05625
0.26729 10.41322 0.05503
0.26780 10.49909 0.05822
0.26831 10.44000 0.05660
0.26881 10.55880 0.05567
0.26932 10.34526 0.05582
0.26983 10.44771 0.05816
0.27033 10.41434 0.05669
0.27084 10.46580 0.05717
0.27134 10.43506 0.05594
0.27185 10.42783 0.05622
0.27236 10.28332 0.05637
0.27286 10.40416 0.05547
0.27337 10.30352 0.05512
0.27388 10.24663 0.05571
0.27438 10.24093 0.05486
0.27489 10.27615 0.05459
0.27540 10.39113 0.05461
0.27590 10.24580 0.05570
0.27641 10.23693 0.05490
0.27692 10.30610 0.05449
0.27742 10.27238 0.05455
0.27793 10.17480 0.05508
0.27844 10.26040 0.05456
0.27894 10.21298 0.05485
0.27945 10.29063 0.05473
0.27996 10.16020 0.05447
0.28046 10.16322 0.05385
0.28097 10.14267 0.05390
0.28148 10.21193 0.05446
0.28198 10.18889 0.05412
0.28249 10.15111 0.05488
0.28300 10.22634 0.05525
0.28350 10.09823 0.05470
0.28401 10.14381 0.05392
0.28452 10.17359 0.05330
0.28502 10.05922 0.05400
0.28553 10.05564 0.05225
0.28604 10.11924 0.05344
0.28654 10.14734 0.05416
0.28705 10.15392 0.05363
0.28756 10.05457 0.05395
0.28806 10.11586 0.05324
0.28857 10.04365 0.05422
0.28908 10.14701 0.05392
0.28958 10.01707 0.05373
0.29009 10.10107 0.05288
0.29059 9.98537 0.05339
0.29110 10.07396 0.05340
0.29161 10.08290 0.05303
0.29211 10.12189 0.05480
0.29262 9.99202 0.05391
0.29313 10.11244 0.05366
0.29363 9.93925 0.05382
0.29414 9.88853 0.05318
0.29465 9.96263 0.05426
0.29515 10.06862 0.05411
0.29566 9.95556 0.05428
0.29617 9.88290 0.05364
0.29667 9.96567 0.05322
0.29718 9.94679 0.05499
0.29769 9.95438 0.05342
0.29819 9.92435 0.05469
0.29870 9.90163 0.05425
0.29921 9.89488 0.05416
0.29971 9.94805 0.05382
0.30022 9.95696 0.05434
0.30073 9.91703 0.05404
0.30123 9.80815 0.05284
0.30174 9.85176 0.05426
0.30225 9.79062 0.05403
0.30275 9.68439 0.05388
0.30326 9.70180 0.05200
0.30377 9.83390 0.05339
0.30427 9.88782 0.05263
0.30478 9.71236 0.05322
0.30529 9.79948 0.05453
0.30579 9.80248 0.05244
0.30630 9.81376 0.05301
0.30680 9.77069 0.05288
0.30731 9.80008 0.05230
0.30782 9.67768 0.05233
0.30832 9.67956 0.05200
0.30883 9.69111 0.05160
0.30934 9.71347 0.05163
0.30984 9.70089 0.05288
0.31035 9.72195 0.05436
0.31086 9.67931 0.05399
0.31136 9.69629 0.05347
0.31187 9.74114 0.05626
0.31238 9.62802 0.05472
0.31288 9.62719 0.05474
0.31339 9.69341 0.05512
0.31390 9.69402 0.05548
0.31440 9.59053 0.05574
0.31491 9.62853 0.05529
0.31542 9.61633 0.05543
0.31592 9.61430 0.05607
0.31643 9.59872 0.05613
0.31694 9.57031 0.05495
0.31744 9.65794 0.05564
0.31795 9.60469 0.05721
0.31845 9.62865 0.05659
0.31896 9.64221 0.05563
0.31947 9.55410 0.05734
0.31997 9.53948 0.05707
0.32048 9.56176 0.05705
0.32099 9.57625 0.05697
0.32149 9.55359 0.05641
0.32200 9.73316 0.05835
0.32251 9.53628 0.05695
0.32301 9.54889 0.05710
0.32352 9.50341 0.05707
0.32403 9.46494 0.05661
0.32453 9.48517 0.05730
0.32504 9.54598 0.05574
0.32555 9.46656 0.05564
0.32605 9.57753 0.05702
0.32656 9.51016 0.05596
0.32707 9.41286 0.05753
0.32757 9.52956 0.05673
0.32808 9.57885 0.05671
0.32859 9.44434 0.05553
0.32909 9.45308 0.05689
0.32960 9.48935 0.05675
0.33010 9.48696 0.05694
0.33061 9.44358 0.05706
0.33112 9.55917 0.05803
0.33162 9.44089 0.05875
0.33213 9.38022 0.05721
0.33264 9.38831 0.05873
0.33314 9.44134 0.05771
0.33365 9.49702 0.05631
0.33416 9.35491 0.05787
0.33466 9.40585 0.05682
0.33517 9.36832 0.05726
0.33568 9.36164 0.05762
0.33618 9.39424 0.05801
0.33669 9.51965 0.05906
0.33720 9.41730 0.05667
0.33770 9.36663 0.05630
0.33821 9.41498 0.05816
0.33872 9.33832 0.05725
0.33922 9.32044 0.05732
0.33973 9.43222 0.05937
0.34023 9.26648 0.05791
0.34074 9.36618 0.05757
0.34125 9.21088 0.05660
0.34175 9.45380 0.05936
0.34226 9.26330 0.05806
0.34277 9.31838 0.05628
0.34327 9.33132 0.05745
0.34378 9.39775 0.05754
0.34429 9.37513 0.05853
0.34479 9.36746 0.05944
0.34530 9.28463 0.05728
0.34581 9.33806 0.05920
0.34631 9.28852 0.05833
0.34682 9.26913 0.05976
0.34733 9.31144 0.05870
0.34783 9.36597 0.05773
0.34834 9.27741 0.05828
0.34884 9.24106 0.05810
0.34935 9.28776 0.05820
0.34986 9.33512 0.05995
0.35036 9.33442 0.05873
0.35087 9.23443 0.05912
0.35138 9.27810 0.05880
0.35188 9.29896 0.05767
0.35239 9.27081 0.05872
0.35290 9.25758 0.05834
0.35340 9.24564 0.05675
0.35391 9.12935 0.05771
0.35442 9.08887 0.05709
0.35492 9.15170 0.05497
0.35543 9.09601 0.05570
0.35594 9.22166 0.05635
0.35644 9.03881 0.05413
0.35695 9.03161 0.05611
0.35745 9.12729 0.05470
0.35796 9.20299 0.05585
0.35847 9.16034 0.05624
0.35897 9.14742 0.05702
0.35948 9.15465 0.05666
0.35999 9.00760 0.05814
0.36049 9.06154 0.05684
0.36100 9.09766 0.05584
0.36151 9.12526 0.05656
0.36201 8.98220 0.05578
0.36252 9.07471 0.05573
0.36303 9.08541 0.05596
0.36353 9.09866 0.05693
0.36404 9.09226 0.05598
0.36455 9.01650 0.05677
0.36505 9.10503 0.05588
0.36556 9.09588 0.05869
0.36606 9.07920 0.05649
0.36657 9.15588 0.05636
0.36708 8.96506 0.05744
0.36758 9.03933 0.05842
0.36809 8.89377 0.05931
0.36860 9.00283 0.05936
0.36910 8.93845 0.06011
0.36961 8.92228 0.05930
0.37012 9.02652 0.06136
0.37062 8.95879 0.06116
0.37113 8.96877 0.05957
0.37164 8.87919 0.05966
0.37214 8.93758 0.05897
0.37265 8.88874 0.06004
0.37315 9.04692 0.05919
0.37366 9.05519 0.06084
0.37417 9.00412 0.06099
0.37467 8.87793 0.06165
0.37518 8.85814 0.06166
0.37569 9.00117 0.06325
0.37619 8.84760 0.05998
0.37670 9.09679 0.06222
0.37721 8.98023 0.06247
0.37771 9.03737 0.06281
0.37822 8.88386 0.06311
0.37873 8.88942 0.06465
0.37923 9.03515 0.06456
0.37974 8.80167 0.06232
0.38024 9.01140 0.06497
0.38075 9.05187 0.06454
0.38126 8.96638 0.06505
0.38176 8.95131 0.06385
0.38227 8.86324 0.06539
0.38278 8.93645 0.06397
0.38328 8.99093 0.06539
0.38379 8.80401 0.06273
0.38430 8.93393 0.06515
0.38480 8.86493 0.06669
0.38531 8.94507 0.06651
0.38582 8.85753 0.06807
0.38632 8.86017 0.06667
0.38683 8.84606 0.06585
0.38733 8.88205 0.06533
0.38784 8.93435 0.06773
0.38835 8.73523 0.06773
0.38885 8.68552 0.06809
0.38936 8.91791 0.07070
0.38987 8.76743 0.06694
0.39037 8.82194 0.06948
0.39088 8.86292 0.06965
0.39139 8.81316 0.07037
0.39189 8.68604 0.06915
0.39240 8.89066 0.06962
0.39290 8.78557 0.07010
0.39341 8.62590 0.07073
0.39392 8.74170 0.07924
0.39442 8.87226 0.07310
0.39493 8.83106 0.07309
0.39544 8.82585 0.07181
0.39594 8.64272 0.07166
0.39645 8.71227 0.07375
0.39696 8.82869 0.07269
0.39746 8.76559 0.07324
0.39797 8.72757 0.07199
0.39847 8.73498 0.07268
0.39898 8.61826 0.07355
0.39949 8.65232 0.07272
0.39999 8.62766 0.07192
0.40050 8.58801 0.07677
0.40101 8.79089 0.07695
0.40151 8.52642 0.07757
0.40202 8.75688 0.07789
0.40253 8.77408 0.07728
0.40303 8.58069 0.07675
0.40354 8.65317 0.07706
0.40405 8.65049 0.07948
0.40455 8.51982 0.07737
0.40506 8.70930 0.07838
0.40556 8.46144 0.07657
0.40607 8.61068 0.07811
0.40658 8.67076 0.07839
0.40708 8.58682 0.07765
0.40759 8.47599 0.07927
0.40810 8.76802 0.08185
0.40860 8.60407 0.08127
0.40911 8.55185 0.07980
0.40962 8.62346 0.07911
0.41012 8.48010 0.07831
0.41063 8.51398 0.08023
0.41113 8.51964 0.07993
0.41164 8.52294 0.07936
0.41215 8.60555 0.08116
0.41265 8.36228 0.07882
0.41316 8.56394 0.07813
0.41367 8.48877 0.07816
0.41417 8.52980 0.08280
0.41468 8.46568 0.08057
0.41518 8.58868 0.08007
0.41569 8.44263 0.08270
0.41620 8.51754 0.08245
0.41670 8.45781 0.08112
0.41721 8.54341 0.08109
0.41772 8.50303 0.08157
0.41822 8.47163 0.07906
0.41873 8.51025 0.08207
0.41924 8.51061 0.08033
0.41974 8.57210 0.08254
0.42025 8.55701 0.08617
0.42075 8.41806 0.08474
0.42126 8.45347 0.08528
0.42177 8.54541 0.08909
0.42227 8.44094 0.08367
0.42278 8.48530 0.08876
0.42329 8.55494 0.08729
0.42379 8.42612 0.08971
0.42430 8.49297 0.08580
0.42481 8.47195 0.08796
0.42531 8.53316 0.08828
0.42582 8.45354 0.08739
0.42632 8.49056 0.09437
0.42683 8.41862 0.09005
0.42734 8.65361 0.09133
0.42784 8.46400 0.08944
0.42835 8.42486 0.09394
0.42886 8.50529 0.09308
0.42936 8.54958 0.09248
0.42987 8.43579 0.09737
0.43037 8.41682 0.09681
0.43088 8.50037 0.09654
0.43139 8.33890 0.09526
0.43189 8.31335 0.09409
0.43240 8.47547 0.09761
0.43291 8.27558 0.09587
0.43341 8.50016 0.10232
0.43392 8.68117 0.10548
0.43443 8.36679 0.10581
0.43493 8.42528 0.10006
0.43544 8.25310 0.10167
0.43594 8.17993 0.10253
0.43645 8.48455 0.10464
0.43696 8.33817 0.10610
0.43746 8.29386 0.10413
0.43797 8.21361 0.10708
0.43848 8.28992 0.10483
0.43898 8.40536 0.10821
0.43949 8.38392 0.11326
0.43999 8.49088 0.11456
