0.01140 1513.18914 62.19142
0.01191 1055.61023 50.89811
0.01242 687.51305 50.93430
0.01292 410.49007 37.54910
0.01343 274.19793 25.83199
0.01394 203.60508 19.20424
0.01444 170.89196 15.49093
0.01495 138.60582 12.68113
0.01546 106.87429 8.34251
0.01596 99.57057 7.69115
0.01647 88.39725 6.27490
0.01698 73.25635 4.63695
0.01748 65.62507 4.07672
0.01799 61.66252 3.30370
0.01850 54.56787 2.68944
0.01900 50.93528 2.21201
0.01951 46.51637 1.89608
0.02002 44.54574 1.63480
0.02052 41.63922 1.31219
0.02103 40.23388 1.15392
0.02154 38.12935 0.93960
0.02204 36.77928 0.87805
0.02255 34.72795 0.65766
0.02306 34.71781 0.58667
0.02356 33.02321 0.51525
0.02407 32.25454 0.49921
0.02458 31.45205 0.44109
0.02509 30.67122 0.39126
0.02559 30.10296 0.36727
0.02610 29.28536 0.34235
0.02661 28.79475 0.33251
0.02711 28.82259 0.30673
0.02762 27.46324 0.26767
0.02813 27.28083 0.26429
0.02863 27.25428 0.24051
0.02914 25.89122 0.24544
0.02965 26.16159 0.23622
0.03015 25.96534 0.22303
0.03066 25.38752 0.23049
0.03117 24.97413 0.24121
0.03167 24.74184 0.22000
0.03218 24.73751 0.21188
0.03269 24.43207 0.21424
0.03319 24.01273 0.22407
0.03370 23.98794 0.20584
0.03421 23.63964 0.20927
0.03471 23.55644 0.20523
0.03522 23.13624 0.19725
0.03573 23.36691 0.20336
0.03623 23.12312 0.20648
0.03674 23.06554 0.21206
0.03725 22.78848 0.19703
0.03775 22.57628 0.18780
0.03826 22.00452 0.19292
0.03877 22.17568 0.19693
0.03927 22.27624 0.18039
0.03978 22.08029 0.18610
0.04029 22.37327 0.18812
0.04080 22.06746 0.17712
0.04130 22.05526 0.17525
0.04181 21.63582 0.17032
0.04232 21.83288 0.17412
0.04282 21.69169 0.18764
0.04333 21.54417 0.18039
0.04384 21.51351 0.16602
0.04434 21.50715 0.16849
0.04485 21.40851 0.17147
0.04536 20.97285 0.16505
0.04586 21.63059 0.16802
0.04637 21.40549 0.16705
0.04688 21.11362 0.16161
0.04738 20.94626 0.15901
0.04789 21.26061 0.16983
0.04840 20.83851 0.15898
0.04890 20.73009 0.15438
0.04941 20.69160 0.16134
0.04992 20.92142 0.15141
0.05042 20.60446 0.15782
0.05093 20.96068 0.15607
0.05144 20.68371 0.15231
0.05194 20.50843 0.14527
0.05245 20.64182 0.14687
0.05296 20.29786 0.14135
0.05346 20.48022 0.14822
0.05397 20.29771 0.14717
0.05448 20.24733 0.14431
0.05498 20.44230 0.15229
0.05549 20.31731 0.14384
0.05600 20.35235 0.14412
0.05650 20.21060 0.14042
0.05701 20.23395 0.14386
0.05752 20.26591 0.14304
0.05803 20.04371 0.13860
0.05853 20.20288 0.14159
0.05904 20.05491 0.13816
0.05955 19.92216 0.13522
0.06005 20.23711 0.13751
0.06056 20.32084 0.14074
0.06107 19.84239 0.13820
0.06157 19.95125 0.13606
0.06208 20.02134 0.13966
0.06259 19.70422 0.13972
0.06309 19.53208 0.13704
0.06360 19.88552 0.13808
0.06411 19.86708 0.13852
0.06461 19.89261 0.13270
0.06512 19.69044 0.12925
0.06563 19.76210 0.13380
0.06613 19.61512 0.13063
0.06664 19.80091 0.13240
0.06715 19.62699 0.12836
0.06765 19.41981 0.13335
0.06816 19.90540 0.12944
0.06867 19.59979 0.12847
0.06917 19.63557 0.12997
0.06968 19.31534 0.12272
0.07019 19.56040 0.12647
0.07069 19.28608 0.12559
0.07120 19.58485 0.12636
0.07171 19.58537 0.12811
0.07221 19.37172 0.12103
0.07272 19.32029 0.12527
0.07323 19.45403 0.12582
0.07373 19.44730 0.12395
0.07424 19.36776 0.12334
0.07475 19.55261 0.12413
0.07526 19.57305 0.11938
0.07576 19.30242 0.12418
0.07627 19.10475 0.12351
0.07678 19.23639 0.12056
0.07728 19.24420 0.11545
0.07779 19.35881 0.12407
0.07830 19.23476 0.11976
0.07880 19.16979 0.11826
0.07931 19.39644 0.12070
0.07982 19.18444 0.11789
0.08032 19.19261 0.11402
0.08083 19.15942 0.11340
0.08134 19.05368 0.11998
0.08184 19.15846 0.11517
0.08235 19.31857 0.12104
0.08286 19.18143 0.12508
0.08336 19.20745 0.12039
0.08387 18.73077 0.11318
0.08438 19.05575 0.11820
0.08488 19.28367 0.12410
0.08539 19.20911 0.12187
0.08590 19.41352 0.12536
0.08640 18.98712 0.12525
0.08691 18.86123 0.11815
0.08742 18.90281 0.12011
0.08792 19.12346 0.11806
0.08843 19.15400 0.11923
0.08894 19.01119 0.11925
0.08944 18.98994 0.11853
0.08995 18.95678 0.11693
0.09046 19.00983 0.11872
0.09096 18.76279 0.11875
0.09147 18.80755 0.12288
0.09198 18.86239 0.11989
0.09248 18.98417 0.12118
0.09299 19.04200 0.12598
0.09350 18.66822 0.12575
0.09401 18.69726 0.12368
0.09451 18.72905 0.12441
0.09502 18.79476 0.12153
0.09553 18.99334 0.11981
0.09603 18.65945 0.11658
0.09654 18.77230 0.12492
0.09705 18.87805 0.11691
0.09755 18.94299 0.12146
0.09806 18.82248 0.11469
0.09857 18.71903 0.12347
0.09907 18.93469 0.11612
0.09958 18.87547 0.11785
0.10009 18.81773 0.12254
0.10059 18.67750 0.11844
0.10110 18.44476 0.11607
0.10161 18.65128 0.11375
0.10211 18.58679 0.11374
0.10262 18.58789 0.11352
0.10313 18.71064 0.11865
0.10363 18.60629 0.11606
0.10414 18.66642 0.11973
0.10465 18.56219 0.11671
0.10515 18.50608 0.11659
0.10566 18.72900 0.11515
0.10617 18.61443 0.11547
0.10667 18.79235 0.11950
0.10718 18.56336 0.11489
0.10769 18.76884 0.11628
0.10819 18.38878 0.10912
0.10870 18.63819 0.10894
0.10921 18.55059 0.11020
0.10971 18.35814 0.10934
0.11022 18.60062 0.11038
0.11073 18.59180 0.10671
0.11123 18.58350 0.11156
0.11174 18.58994 0.10562
0.11225 18.63348 0.10604
0.11275 18.49157 0.10808
0.11326 18.43259 0.10709
0.11377 18.59531 0.10906
0.11428 18.72584 0.10594
0.11478 18.61602 0.10470
0.11529 18.36749 0.10256
0.11580 18.54120 0.10616
0.11630 18.40930 0.10352
0.11681 18.55527 0.10794
0.11732 18.35717 0.10193
0.11782 18.36883 0.10162
0.11833 18.65221 0.10474
0.11884 18.46552 0.10144
0.11934 18.48876 0.10346
0.11985 18.34318 0.10226
0.12036 18.67918 0.10059
0.12086 18.43468 0.10103
0.12137 18.55814 0.10102
0.12188 18.33923 0.09980
0.12238 18.44415 0.09829
0.12289 18.60917 0.09657
0.12340 18.49742 0.09766
0.12390 18.41753 0.10056
0.12441 18.52769 0.09556
0.12492 18.58922 0.10231
0.12542 18.38348 0.09922
0.12593 18.51887 0.09830
0.12644 18.47140 0.09625
0.12694 18.43233 0.09665
0.12745 18.38741 0.09567
0.12796 18.48717 0.09914
0.12846 18.48639 0.09586
0.12897 18.44996 0.09114
0.12948 18.58351 0.09406
0.12998 18.44862 0.09469
0.13049 18.37001 0.09394
0.13100 18.43707 0.09085
0.13150 18.53188 0.09287
0.13201 18.65636 0.09478
0.13252 18.60226 0.09158
0.13302 18.54119 0.09553
0.13353 18.48017 0.09438
0.13404 18.58620 0.09479
0.13454 18.62606 0.09244
0.13505 18.63965 0.09466
0.13556 18.60020 0.09318
0.13606 18.48329 0.09071
0.13657 18.72882 0.09228
0.13708 18.26928 0.09131
0.13758 18.66261 0.09083
0.13809 18.54484 0.08870
0.13860 18.59396 0.08961
0.13911 18.50145 0.08690
0.13961 18.43624 0.09052
0.14012 18.60463 0.08975
0.14063 18.57212 0.09184
0.14113 18.52628 0.08874
0.14164 18.33241 0.08931
0.14215 18.50902 0.08974
0.14265 18.44470 0.08891
0.14316 18.29690 0.08812
0.14367 18.32848 0.08826
0.14417 18.27455 0.08947
0.14468 18.36116 0.08639
0.14519 18.24024 0.08852
0.14569 18.31745 0.08766
0.14620 18.40174 0.08940
0.14671 18.29031 0.08829
0.14721 18.26769 0.08744
0.14772 18.08599 0.08807
0.14823 18.06270 0.08667
0.14873 18.31355 0.08575
0.14924 18.08524 0.08836
0.14975 18.09515 0.08663
0.15025 18.08220 0.08616
0.15076 17.97815 0.08589
0.15127 18.04621 0.08585
0.15177 17.90821 0.08506
0.15228 17.95847 0.08367
0.15279 17.98883 0.08567
0.15329 17.94089 0.08480
0.15380 17.81491 0.08575
0.15431 17.85759 0.08621
0.15481 17.74298 0.08148
0.15532 17.63622 0.08252
0.15583 17.76822 0.08395
0.15633 17.65339 0.08039
0.15684 17.70822 0.07993
0.15735 17.66158 0.08234
0.15785 17.67832 0.08132
0.15836 17.67268 0.08255
0.15887 17.63531 0.08253
0.15937 17.60248 0.08035
0.15988 17.77782 0.08058
0.16039 17.62690 0.08157
0.16089 17.51018 0.08108
0.16140 17.54389 0.08075
0.16191 17.57276 0.08059
0.16241 17.58648 0.08347
0.16292 17.49496 0.08232
0.16343 17.61341 0.08011
0.16393 17.47476 0.07969
0.16444 17.50318 0.07907
0.16495 17.48070 0.07979
0.16545 17.63276 0.08194
0.16596 17.52093 0.08082
0.16647 17.64132 0.08108
0.16697 17.39482 0.08090
0.16748 17.38144 0.07683
0.16799 17.49320 0.07823
0.16849 17.38305 0.07819
0.16900 17.44646 0.08057
0.16951 17.38112 0.07750
0.17001 17.32314 0.07953
0.17052 17.26111 0.07953
0.17103 17.36598 0.08105
0.17153 17.26991 0.08200
0.17204 17.28788 0.08147
0.17255 17.18760 0.07946
0.17305 17.26260 0.07953
0.17356 17.36140 0.07981
0.17407 17.16866 0.08039
0.17457 17.25182 0.07954
0.17508 17.08212 0.07996
0.17559 17.36245 0.08090
0.17610 17.22953 0.08091
0.17660 17.23686 0.08020
0.17711 17.22603 0.08079
0.17762 17.32947 0.07972
0.17812 17.25448 0.08027
0.17863 17.28995 0.07841
0.17914 17.02425 0.07967
0.17964 17.15617 0.08254
0.18015 17.24596 0.08232
0.18066 17.11000 0.08006
0.18116 17.27100 0.08229
0.18167 17.26775 0.08255
0.18218 17.07862 0.08452
0.18268 17.11300 0.08264
0.18319 17.04939 0.08210
0.18370 17.18828 0.08382
0.18420 17.23535 0.08429
0.18471 17.24978 0.08416
0.18522 17.11763 0.08596
0.18572 17.05196 0.08407
0.18623 16.99071 0.08400
0.18674 17.11023 0.08447
0.18724 17.09804 0.08469
0.18775 17.07521 0.08623
0.18826 17.08225 0.08540
0.18876 17.09768 0.08574
0.18927 17.03799 0.08567
0.18978 16.99355 0.08396
0.19028 17.01869 0.08517
0.19079 17.09477 0.08695
0.19130 16.91604 0.08542
0.19180 16.88862 0.08613
0.19231 17.04890 0.08698
0.19282 16.98038 0.08428
0.19332 16.88189 0.08618
0.19383 16.95780 0.08516
0.19434 17.17793 0.08677
0.19484 16.78268 0.08454
0.19535 17.05229 0.08662
0.19586 16.90392 0.08837
0.19636 16.96208 0.08647
0.19687 16.92926 0.08753
0.19738 16.94704 0.08502
0.19788 16.75361 0.08796
0.19839 16.96566 0.08956
0.19890 16.80223 0.08759
0.19940 16.92558 0.08725
0.19991 16.88618 0.08767
0.20042 16.87548 0.08627
0.20092 16.85308 0.08668
0.20143 16.83391 0.08712
0.20194 16.93096 0.08658
0.20244 16.79921 0.08825
0.20295 16.74281 0.08519
0.20346 16.81805 0.08673
0.20396 16.73677 0.08730
0.20447 16.87333 0.08560
0.20498 16.72631 0.09052
0.20548 16.80855 0.08782
0.20599 16.79673 0.08696
0.20650 16.75341 0.08622
0.20700 16.67305 0.08666
0.20751 16.70830 0.08439
0.20802 16.81965 0.08783
0.20852 16.85147 0.08597
0.20903 16.75061 0.08622
0.20954 16.79434 0.08541
0.21004 16.57926 0.08804
0.21055 16.59176 0.08828
0.21106 16.64514 0.08687
0.21156 16.71156 0.08730
0.21207 16.63980 0.08718
0.21258 16.58720 0.08934
0.21308 16.75087 0.08603
0.21359 16.61099 0.08723
0.21410 16.71602 0.08543
0.21460 16.72065 0.08785
0.21511 16.51743 0.08719
0.21562 16.61590 0.08849
0.21612 16.65185 0.08823
0.21663 16.63531 0.08691
0.21714 16.33789 0.08613
0.21764 16.52298 0.08543
0.21815 16.45622 0.08687
0.21866 16.54509 0.08649
0.21916 16.28673 0.08618
0.21967 16.54129 0.08684
0.22018 16.55136 0.08523
0.22068 16.45800 0.08566
0.22119 16.45058 0.08819
0.22170 16.38480 0.08722
0.22220 16.35680 0.08513
0.22271 16.37823 0.08325
0.22322 16.38991 0.08414
0.22372 16.49454 0.08732
0.22423 16.36808 0.08537
0.22474 16.39666 0.08239
0.22524 16.39080 0.08730
0.22575 16.26020 0.08344
0.22626 16.36846 0.08510
0.22676 16.43591 0.08375
0.22727 16.44220 0.08109
0.22778 16.17739 0.08515
0.22828 16.27171 0.08359
0.22879 16.31780 0.08289
0.22930 16.40274 0.08043
0.22980 16.28829 0.08155
0.23031 16.29974 0.08158
0.23082 16.30374 0.08144
0.23132 16.25145 0.07912
0.23183 16.29490 0.08036
0.23234 16.23312 0.08342
0.23284 16.25952 0.08055
0.23335 16.25130 0.08019
0.23386 16.31444 0.08046
0.23436 16.13514 0.07850
0.23487 16.23782 0.07999
0.23538 16.23261 0.07723
0.23588 16.15554 0.07872
0.23639 16.14286 0.07896
0.23690 16.25809 0.08194
0.23740 16.23553 0.07672
0.23791 16.17182 0.07914
0.23842 16.08312 0.07799
0.23892 16.20239 0.07807
0.23943 16.09031 0.07794
0.23994 15.99149 0.07695
0.24044 16.10131 0.07749
0.24095 16.17857 0.08046
0.24145 16.17516 0.08000
0.24196 16.17181 0.07770
0.24247 16.08314 0.07828
0.24297 16.12652 0.07725
0.24348 16.11848 0.07562
0.24399 16.03558 0.07743
0.24449 15.99180 0.07551
0.24500 16.02377 0.07608
0.24551 16.10002 0.07737
0.24601 16.02189 0.07575
0.24652 15.98582 0.07578
0.24703 16.06942 0.07314
0.24753 16.00086 0.07557
0.24804 16.11573 0.07283
0.24855 15.98899 0.07630
0.24905 15.83772 0.07515
0.24956 16.00002 0.07737
0.25007 15.95672 0.07466
0.25057 15.96628 0.07559
0.25108 15.97211 0.07417
0.25159 16.12258 0.07490
0.25209 15.91467 0.07583
0.25260 15.85639 0.07431
0.25311 15.82199 0.07409
0.25361 15.82186 0.07309
0.25412 15.89825 0.07523
0.25463 15.80340 0.07423
0.25513 15.97686 0.07479
0.25564 15.87293 0.07364
0.25615 15.77659 0.07142
0.25665 15.87860 0.07232
0.25716 15.75010 0.07378
0.25767 15.84227 0.07315
0.25817 15.72014 0.07014
0.25868 15.92094 0.07229
0.25919 15.80101 0.07024
0.25969 15.92133 0.07078
0.26020 15.78368 0.07095
0.26071 15.78449 0.07163
0.26121 15.75154 0.07036
0.26172 15.83532 0.07161
0.26223 15.81308 0.07159
0.26273 15.80960 0.07106
0.26324 15.74599 0.07118
0.26375 15.68049 0.07074
0.26425 15.74675 0.07108
0.26476 15.63591 0.07018
0.26527 15.72250 0.07016
0.26577 15.74191 0.06986
0.26628 15.63463 0.06924
0.26679 15.65424 0.06914
0.26729 15.72182 0.06987
0.26780 15.55580 0.06977
0.26831 15.63067 0.06921
0.26881 15.70688 0.06846
0.26932 15.51947 0.07006
0.26983 15.49730 0.07013
0.27033 15.52605 0.06871
0.27084 15.70571 0.06868
0.27134 15.56221 0.06873
0.27185 15.56122 0.06820
0.27236 15.46892 0.06901
0.27286 15.41650 0.06687
0.27337 15.69186 0.06850
0.27388 15.51642 0.06733
0.27438 15.53358 0.06843
0.27489 15.55154 0.06947
0.27540 15.41807 0.06830
0.27590 15.46213 0.06775
0.27641 15.41213 0.06752
0.27692 15.40215 0.06956
0.27742 15.58539 0.06770
0.27793 15.50603 0.06702
0.27844 15.45045 0.06688
0.27894 15.47815 0.06861
0.27945 15.51336 0.06782
0.27996 15.34471 0.06625
0.28046 15.44013 0.06605
0.28097 15.44125 0.06739
0.28148 15.38145 0.06813
0.28198 15.26885 0.06763
0.28249 15.50389 0.06746
0.28300 15.35337 0.06595
0.28350 15.32085 0.06590
0.28401 15.46590 0.06685
0.28452 15.27111 0.06457
0.28502 15.35726 0.06493
0.28553 15.30021 0.06628
0.28604 15.39372 0.06710
0.28654 15.25403 0.06668
0.28705 15.35663 0.06747
0.28756 15.26685 0.06565
0.28806 15.25761 0.06662
0.28857 15.25026 0.06664
0.28908 15.30569 0.06873
0.28958 15.18035 0.06602
0.29009 15.21118 0.06573
0.29059 15.28436 0.06622
0.29110 15.32602 0.06685
0.29161 15.20162 0.06678
0.29211 15.16656 0.06583
0.29262 15.17439 0.06751
0.29313 15.18743 0.06562
0.29363 15.11233 0.06531
0.29414 15.10769 0.06546
0.29465 15.18926 0.06595
0.29515 14.94149 0.06683
0.29566 15.23613 0.06691
0.29617 15.10715 0.06679
0.29667 15.11232 0.06774
0.29718 15.16629 0.06604
0.29769 14.99288 0.06561
0.29819 15.03236 0.06596
0.29870 14.91634 0.06537
0.29921 14.98751 0.06624
0.29971 14.97802 0.06608
0.30022 15.01746 0.06580
0.30073 14.97198 0.06526
0.30123 15.06755 0.06599
0.30174 14.79519 0.06534
0.30225 14.98580 0.06547
0.30275 14.96326 0.06576
0.30326 14.97036 0.06579
0.30377 14.86007 0.06544
0.30427 15.01061 0.06616
0.30478 14.98254 0.06715
0.30529 14.95583 0.06487
0.30579 14.81041 0.06648
0.30630 14.86531 0.06383
0.30680 14.81821 0.06556
0.30731 14.76943 0.06494
0.30782 14.79710 0.06429
0.30832 14.79971 0.06349
0.30883 14.79664 0.06496
0.30934 14.78278 0.06442
0.30984 14.89022 0.06542
0.31035 14.81488 0.06531
0.31086 14.76580 0.06601
0.31136 14.81263 0.06728
0.31187 14.84565 0.06834
0.31238 14.70746 0.06781
0.31288 14.71552 0.06812
0.31339 14.78378 0.06894
0.31390 14.93670 0.06936
0.31440 14.72461 0.06875
0.31491 14.67474 0.06971
0.31542 14.69247 0.07115
0.31592 14.61985 0.06845
0.31643 14.72381 0.06981
0.31694 14.62014 0.06939
0.31744 14.63348 0.06982
0.31795 14.64308 0.07009
0.31845 14.66473 0.06995
0.31896 14.75022 0.07007
0.31947 14.66146 0.06918
0.31997 14.70626 0.07043
0.32048 14.58006 0.07002
0.32099 14.67712 0.07042
0.32149 14.54417 0.06929
0.32200 14.36696 0.06821
0.32251 14.56694 0.07099
0.32301 14.54944 0.07006
0.32352 14.50298 0.06873
0.32403 14.45678 0.07105
0.32453 14.41618 0.07017
0.32504 14.52864 0.06908
0.32555 14.45422 0.07004
0.32605 14.54683 0.06922
0.32656 14.38470 0.06947
0.32707 14.49805 0.07070
0.32757 14.45438 0.06909
0.32808 14.38202 0.06937
0.32859 14.46224 0.06957
0.32909 14.58075 0.07156
0.32960 14.53907 0.07091
0.33010 14.41223 0.07023
0.33061 14.45704 0.07199
0.33112 14.46787 0.07167
0.33162 14.47017 0.06977
0.33213 14.48711 0.07175
0.33264 14.48134 0.07072
0.33314 14.47662 0.07301
0.33365 14.34714 0.07020
0.33416 14.46822 0.07170
0.33466 14.40156 0.06987
0.33517 14.37585 0.07112
0.33568 14.28493 0.07177
0.33618 14.44107 0.07131
0.33669 14.38835 0.07304
0.33720 14.42343 0.07253
0.33770 14.31593 0.07145
0.33821 14.28730 0.07148
0.33872 14.33284 0.07037
0.33922 14.39267 0.07218
0.33973 14.32368 0.07145
0.34023 14.39391 0.07248
0.34074 14.34806 0.07207
0.34125 14.29051 0.07143
0.34175 14.39766 0.07161
0.34226 14.44833 0.07264
0.34277 14.33061 0.07213
0.34327 14.13490 0.06948
0.34378 14.34518 0.07283
0.34429 14.18948 0.07166
0.34479 14.26809 0.07319
0.34530 14.24850 0.07317
0.34581 14.10890 0.07081
0.34631 14.13495 0.07313
0.34682 14.43586 0.07149
0.34733 14.27355 0.07225
0.34783 14.17681 0.07253
0.34834 14.24277 0.07111
0.34884 14.10809 0.07329
0.34935 14.11855 0.07042
0.34986 14.07439 0.07006
0.35036 14.13799 0.07284
0.35087 13.98851 0.07339
0.35138 14.11111 0.07281
0.35188 14.12838 0.07358
0.35239 14.10709 0.07100
0.35290 14.04163 0.07054
0.35340 14.10168 0.07122
0.35391 14.05767 0.06979
0.35442 14.11618 0.06884
0.35492 14.12763 0.07040
0.35543 14.12927 0.06980
0.35594 14.00197 0.06725
0.35644 13.98493 0.06791
0.35695 14.02326 0.06863
0.35745 14.09647 0.06966
0.35796 13.93989 0.07062
0.35847 13.88610 0.06915
0.35897 14.04681 0.06885
0.35948 14.10878 0.06932
0.35999 13.92019 0.07078
0.36049 14.02549 0.07054
0.36100 13.97726 0.07058
0.36151 13.93599 0.07065
0.36201 13.99749 0.07056
0.36252 13.86924 0.07003
0.36303 14.00269 0.07062
0.36353 14.02710 0.07004
0.36404 13.96733 0.07024
0.36455 13.95583 0.07044
0.36505 13.90948 0.07064
0.36556 13.83569 0.06927
0.36606 13.89730 0.07039
0.36657 13.93567 0.07224
0.36708 13.79813 0.07180
0.36758 13.72864 0.07412
0.36809 13.70456 0.07497
0.36860 13.76255 0.07542
0.36910 13.68446 0.07514
0.36961 13.75988 0.07696
0.37012 13.74786 0.07615
0.37062 13.75467 0.07659
0.37113 13.82306 0.07617
0.37164 13.71805 0.07448
0.37214 13.69897 0.07352
0.37265 13.78516 0.07434
0.37315 13.85715 0.07444
0.37366 13.72932 0.07391
0.37417 13.73344 0.07627
0.37467 13.74741 0.07393
0.37518 13.65043 0.07520
0.37569 13.69912 0.07729
0.37619 13.71944 0.07680
0.37670 13.74741 0.07487
0.37721 13.72763 0.07523
0.37771 13.75528 0.07612
0.37822 13.68650 0.07827
0.37873 13.75912 0.07818
0.37923 13.69784 0.07787
0.37974 13.65195 0.07889
0.38024 13.70227 0.07709
0.38075 13.67534 0.07831
0.38126 13.63005 0.07883
0.38176 13.68806 0.08013
0.38227 13.59818 0.07916
0.38278 13.68511 0.08144
0.38328 13.50631 0.07998
0.38379 13.62271 0.08184
0.38430 13.63954 0.08168
0.38480 13.65894 0.08113
0.38531 13.55514 0.08222
0.38582 13.57899 0.08067
0.38632 13.55727 0.08211
0.38683 13.45343 0.08060
0.38733 13.58824 0.08578
0.38784 13.51376 0.08206
0.38835 13.49312 0.08435
0.38885 13.51807 0.08420
0.38936 13.70966 0.08654
0.38987 13.49910 0.08639
0.39037 13.45633 0.08443
0.39088 13.27889 0.08692
0.39139 13.48792 0.08647
0.39189 13.28154 0.08467
0.39240 13.40686 0.08711
0.39290 13.51062 0.08967
0.39341 13.47348 0.08889
0.39392 13.50645 0.08711
0.39442 13.29353 0.08794
0.39493 13.29582 0.08708
0.39544 13.36507 0.09033
0.39594 13.41924 0.09113
0.39645 13.48882 0.08862
0.39696 13.53158 0.09144
0.39746 13.42037 0.09265
0.39797 13.48304 0.08912
0.39847 13.35783 0.09152
0.39898 13.33403 0.09280
0.39949 13.21696 0.09120
0.39999 13.36678 0.09478
0.40050 13.36544 0.09641
0.40101 13.26415 0.09214
0.40151 13.38296 0.09398
0.40202 13.26179 0.09756
0.40253 13.22331 0.09420
0.40303 13.32837 0.09391
0.40354 13.15349 0.09697
0.40405 13.06248 0.09751
0.40455 13.27117 0.09716
0.40506 13.11352 0.09533
0.40556 13.25990 0.09653
0.40607 13.15783 0.09464
0.40658 13.07082 0.09437
0.40708 13.03467 0.09395
0.40759 13.12235 0.09815
0.40810 13.17103 0.09799
0.40860 12.98836 0.09917
0.40911 13.19437 0.10077
0.40962 13.07701 0.09685
0.41012 13.17216 0.09667
0.41063 13.03568 0.09777
0.41113 13.02866 0.09826
0.41164 13.02697 0.09710
0.41215 13.24728 0.10137
0.41265 13.22344 0.10036
0.41316 13.00532 0.09388
0.41367 13.04105 0.09997
0.41417 12.96987 0.10185
0.41468 12.91600 0.09451
0.41518 13.06953 0.09781
0.41569 12.78774 0.10132
0.41620 12.75830 0.09949
0.41670 12.89404 0.10188
0.41721 12.87586 0.09993
0.41772 12.94160 0.09927
0.41822 13.00811 0.10333
0.41873 12.92485 0.10015
0.41924 12.93112 0.10235
0.41974 12.97766 0.10505
0.42025 12.87434 0.10053
0.42075 12.83176 0.10564
0.42126 12.76169 0.10060
0.42177 12.85524 0.10849
0.42227 12.90827 0.10299
0.42278 12.85606 0.10689
0.42329 13.00638 0.10809
0.42379 12.99030 0.11138
0.42430 12.88205 0.11177
0.42481 13.03777 0.10850
0.42531 12.96389 0.11076
0.42582 12.90588 0.11245
0.42632 12.93804 0.11247
0.42683 12.82592 0.11495
0.42734 12.81606 0.11352
0.42784 12.64451 0.12036
0.42835 12.81793 0.11152
0.42886 12.90773 0.11566
0.42936 12.86422 0.11680
0.42987 12.81318 0.11668
0.43037 12.84045 0.11624
0.43088 12.87605 0.11696
0.43139 12.81845 0.12710
0.43189 12.67599 0.11884
0.43240 12.64059 0.11731
0.43291 12.88888 0.12398
0.43341 12.65773 0.12208
0.43392 12.67028 0.12005
0.43443 12.53573 0.12757
0.43493 12.61393 0.12132
0.43544 12.72166 0.12844
0.43594 12.77493 0.12652
0.43645 12.71558 0.12505
0.43696 12.73928 0.12408
0.43746 12.58117 0.13113
0.43797 12.69735 0.13215
0.43848 12.76382 0.13599
0.43898 12.75001 0.13677
0.43949 12.55808 0.13453
0.43999 12.58480 0.13301
