0.01140 1581.70462 56.15981
0.01191 1125.58734 47.39596
0.01242 746.47702 51.20259
0.01292 449.35281 37.21667
0.01343 306.61972 25.34276
0.01394 229.85753 18.63136
0.01444 191.72806 15.18666
0.01495 155.16410 12.59309
0.01546 121.50109 8.07825
0.01596 113.83653 7.49096
0.01647 99.64126 6.18743
0.01698 82.36403 4.62663
0.01748 76.22187 4.04600
0.01799 70.45184 3.06510
0.01850 65.88263 2.73969
0.01900 57.57425 2.30076
0.01951 56.26748 1.77416
0.02002 53.04822 1.65035
0.02052 49.23869 1.33706
0.02103 48.19372 1.19490
0.02154 46.68214 0.92979
0.02204 44.60230 0.84197
0.02255 42.48567 0.69504
0.02306 41.08994 0.62294
0.02356 39.97834 0.62686
0.02407 38.68378 0.51410
0.02458 37.66655 0.44565
0.02509 37.18089 0.43897
0.02559 36.70064 0.39126
0.02610 35.87822 0.35809
0.02661 34.74215 0.35923
0.02711 34.48859 0.31695
0.02762 33.50802 0.29174
0.02813 32.97512 0.29652
0.02863 32.73847 0.27326
0.02914 32.31201 0.27934
0.02965 31.19525 0.25666
0.03015 31.24167 0.26249
0.03066 31.10263 0.26981
0.03117 30.91043 0.26011
0.03167 30.08820 0.24761
0.03218 30.00918 0.26309
0.03269 30.04783 0.23283
0.03319 29.84892 0.23068
0.03370 29.16794 0.23304
0.03421 28.85897 0.22710
0.03471 28.54578 0.23933
0.03522 28.87525 0.22068
0.03573 28.70051 0.22431
0.03623 28.24881 0.22611
0.03674 28.34060 0.22359
0.03725 27.93114 0.20844
0.03775 28.13139 0.21514
0.03826 27.87842 0.21536
0.03877 27.47039 0.21729
0.03927 27.49520 0.21749
0.03978 27.31126 0.21043
0.04029 27.42827 0.20382
0.04080 27.58087 0.21005
0.04130 27.13033 0.19583
0.04181 27.01797 0.20435
0.04232 26.72472 0.19655
0.04282 26.78163 0.19566
0.04333 26.91672 0.19478
0.04384 26.80002 0.19739
0.04434 26.69953 0.19340
0.04485 26.48698 0.19280
0.04536 26.61802 0.20399
0.04586 26.27449 0.18425
0.04637 26.30762 0.19210
0.04688 25.86955 0.18261
0.04738 26.45319 0.19202
0.04789 26.15884 0.18273
0.04840 26.20905 0.16899
0.04890 25.92882 0.18546
0.04941 26.01846 0.17899
0.04992 26.31755 0.17356
0.05042 26.11597 0.17662
0.05093 25.94816 0.17543
0.05144 26.09582 0.17164
0.05194 25.79306 0.17057
0.05245 25.52414 0.17275
0.05296 25.40800 0.16958
0.05346 25.72826 0.16610
0.05397 25.50454 0.15781
0.05448 25.79453 0.16098
0.05498 25.56638 0.16191
0.05549 25.54665 0.16447
0.05600 25.55169 0.16070
0.05650 25.56665 0.16744
0.05701 25.20316 0.15719
0.05752 25.35747 0.15592
0.05803 25.30750 0.15996
0.05853 25.38129 0.15414
0.05904 25.30963 0.16016
0.05955 25.16759 0.15483
0.06005 25.17300 0.15373
0.06056 25.28719 0.15592
0.06107 25.21694 0.15510
0.06157 25.08693 0.15363
0.06208 25.34387 0.14993
0.06259 25.13035 0.15368
0.06309 25.08641 0.15833
0.06360 24.59274 0.15218
0.06411 24.89528 0.14950
0.06461 25.02155 0.15348
0.06512 24.87806 0.15125
0.06563 24.65090 0.14399
0.06613 24.81457 0.14537
0.06664 24.68274 0.14400
0.06715 24.75453 0.14397
0.06765 24.67771 0.14637
0.06816 24.66820 0.14593
0.06867 24.76998 0.14844
0.06917 24.75009 0.14289
0.06968 24.79741 0.14381
0.07019 24.56807 0.14155
0.07069 24.39715 0.14232
0.07120 24.87231 0.14419
0.07171 24.51521 0.14317
0.07221 24.72338 0.13944
0.07272 24.40101 0.13336
0.07323 24.40506 0.13828
0.07373 24.52026 0.13991
0.07424 24.36724 0.13334
0.07475 24.58124 0.13464
0.07526 24.58036 0.13964
0.07576 24.23830 0.13623
0.07627 24.42102 0.13519
0.07678 24.59366 0.13357
0.07728 24.54361 0.13487
0.07779 24.36225 0.13151
0.07830 24.58655 0.13310
0.07880 24.38956 0.13117
0.07931 24.31042 0.12878
0.07982 24.26323 0.13397
0.08032 24.36338 0.13357
0.08083 24.40031 0.13040
0.08134 24.14282 0.13431
0.08184 24.27225 0.13346
0.08235 24.47324 0.13288
0.08286 24.37060 0.13674
0.08336 24.25519 0.13333
0.08387 24.27174 0.13690
0.08438 24.25917 0.13557
0.08488 24.17418 0.13171
0.08539 24.09904 0.13688
0.08590 24.15414 0.13509
0.08640 24.18693 0.13690
0.08691 24.24577 0.13719
0.08742 24.18258 0.13775
0.08792 24.21214 0.13341
0.08843 24.01109 0.13810
0.08894 24.03115 0.13785
0.08944 24.17226 0.13550
0.08995 23.83696 0.12887
0.09046 24.05103 0.13813
0.09096 24.07231 0.13923
0.09147 23.91170 0.14281
0.09198 23.94984 0.13466
0.09248 24.09309 0.13655
0.09299 23.99727 0.13990
0.09350 23.93661 0.14588
0.09401 23.87277 0.13929
0.09451 24.09578 0.13667
0.09502 24.11473 0.13511
0.09553 23.85343 0.13597
0.09603 23.88756 0.13657
0.09654 23.95274 0.13342
0.09705 24.11156 0.13472
0.09755 23.71576 0.13195
0.09806 24.03116 0.13862
0.09857 24.23800 0.13663
0.09907 24.29474 0.13983
0.09958 24.15988 0.13440
0.10009 23.96323 0.13387
0.10059 23.96195 0.13456
0.10110 23.81550 0.13830
0.10161 23.83780 0.12895
0.10211 23.75660 0.13386
0.10262 23.83933 0.12768
0.10313 23.76427 0.12903
0.10363 23.51268 0.13019
0.10414 24.00494 0.13432
0.10465 23.88960 0.13363
0.10515 23.62801 0.13409
0.10566 23.76476 0.13215
0.10617 23.75268 0.12957
0.10667 23.70018 0.12731
0.10718 23.92456 0.12999
0.10769 23.74960 0.12296
0.10819 23.73079 0.12362
0.10870 23.42961 0.12271
0.10921 23.76994 0.12536
0.10971 23.77327 0.12241
0.11022 23.63859 0.11940
0.11073 23.63297 0.12450
0.11123 23.43349 0.12364
0.11174 23.67335 0.11998
0.11225 23.72074 0.12197
0.11275 23.70214 0.12431
0.11326 23.67559 0.12258
0.11377 23.85199 0.11913
0.11428 23.58830 0.12239
0.11478 23.65528 0.11893
0.11529 23.82140 0.11885
0.11580 23.56151 0.11581
0.11630 23.52568 0.11910
0.11681 23.56892 0.11579
0.11732 23.62080 0.11641
0.11782 23.39275 0.11611
0.11833 23.54880 0.11606
0.11884 23.56422 0.11446
0.11934 23.41530 0.11574
0.11985 23.39909 0.11291
0.12036 23.51320 0.11690
0.12086 23.49209 0.11541
0.12137 23.39587 0.11432
0.12188 23.31785 0.11113
0.12238 23.43623 0.11639
0.12289 23.45542 0.10956
0.12340 23.17514 0.11013
0.12390 23.49307 0.11124
0.12441 23.28331 0.11310
0.12492 23.44727 0.11079
0.12542 23.45174 0.11225
0.12593 23.29879 0.10932
0.12644 23.40521 0.11154
0.12694 23.36263 0.11144
0.12745 23.36871 0.10824
0.12796 23.29729 0.11123
0.12846 23.38726 0.10729
0.12897 23.37022 0.10703
0.12948 23.17791 0.10715
0.12998 23.35477 0.10960
0.13049 23.35121 0.10748
0.13100 23.32949 0.10819
0.13150 23.33764 0.10324
0.13201 23.28353 0.10385
0.13252 23.08075 0.10403
0.13302 23.34952 0.10846
0.13353 23.28170 0.10425
0.13404 23.25959 0.10543
0.13454 23.19556 0.10412
0.13505 23.28395 0.10449
0.13556 23.04953 0.10393
0.13606 23.01884 0.10301
0.13657 23.23689 0.10409
0.13708 23.24355 0.10259
0.13758 23.12581 0.10481
0.13809 22.92874 0.09946
0.13860 23.06491 0.10101
0.13911 23.03505 0.09898
0.13961 23.00709 0.10001
0.14012 23.07997 0.09899
0.14063 23.03630 0.09927
0.14113 22.99871 0.09913
0.14164 23.11396 0.10165
0.14215 22.88718 0.10013
0.14265 23.19045 0.10184
0.14316 23.11860 0.10007
0.14367 23.01235 0.09608
0.14417 23.04664 0.09748
0.14468 22.88723 0.09885
0.14519 22.83842 0.09638
0.14569 22.80674 0.09652
0.14620 22.93611 0.09730
0.14671 22.77708 0.09657
0.14721 22.88715 0.10070
0.14772 22.74740 0.09610
0.14823 22.73725 0.09809
0.14873 22.65672 0.09458
0.14924 22.72535 0.09736
0.14975 22.57133 0.09328
0.15025 22.51173 0.09591
0.15076 22.55185 0.09572
0.15127 22.56348 0.09579
0.15177 22.55221 0.09772
0.15228 22.53338 0.09466
0.15279 22.59640 0.09562
0.15329 22.57096 0.09719
0.15380 22.63785 0.09369
0.15431 22.54531 0.09587
0.15481 22.48300 0.09580
0.15532 22.31452 0.09308
0.15583 22.52024 0.09340
0.15633 22.40229 0.09469
0.15684 22.33274 0.09353
0.15735 22.36208 0.09163
0.15785 22.63494 0.09435
0.15836 22.43773 0.09363
0.15887 22.47286 0.09013
0.15937 22.37298 0.09311
0.15988 22.28590 0.09087
0.16039 22.42223 0.09168
0.16089 22.29433 0.09177
0.16140 22.19530 0.09230
0.16191 22.26588 0.09021
0.16241 22.26745 0.09135
0.16292 22.28805 0.09054
0.16343 22.32276 0.09108
0.16393 22.27806 0.09093
0.16444 22.12915 0.08873
0.16495 22.02141 0.08732
0.16545 22.17780 0.09137
0.16596 22.14730 0.09189
0.16647 22.00132 0.09168
0.16697 22.12321 0.09223
0.16748 22.20036 0.08902
0.16799 22.21142 0.08988
0.16849 22.12110 0.08770
0.16900 22.05700 0.09145
0.16951 21.98424 0.08990
0.17001 22.00265 0.08944
0.17052 22.10660 0.08943
0.17103 22.00170 0.08897
0.17153 21.93179 0.09107
0.17204 21.99035 0.08917
0.17255 22.08824 0.09187
0.17305 21.85712 0.08995
0.17356 21.99190 0.09088
0.17407 22.07507 0.09036
0.17457 21.95959 0.09300
0.17508 21.88474 0.09060
0.17559 21.90980 0.09253
0.17610 21.91763 0.09168
0.17660 21.89540 0.09263
0.17711 21.75912 0.09193
0.17762 22.05285 0.09095
0.17812 21.81383 0.09026
0.17863 21.88035 0.09166
0.17914 21.97676 0.09100
0.17964 21.79569 0.09015
0.18015 21.69610 0.09405
0.18066 21.78859 0.09158
0.18116 21.83111 0.09390
0.18167 21.80426 0.09171
0.18218 21.83791 0.09430
0.18268 21.66349 0.09467
0.18319 21.60475 0.09184
0.18370 21.72018 0.09371
0.18420 21.75441 0.09333
0.18471 21.75616 0.09500
0.18522 21.70969 0.09579
0.18572 21.79322 0.09243
0.18623 21.83769 0.09668
0.18674 21.69262 0.09597
0.18724 21.88712 0.09531
0.18775 21.82592 0.09615
0.18826 21.66177 0.09587
0.18876 21.73309 0.09843
0.18927 21.70826 0.09508
0.18978 21.66881 0.09636
0.19028 21.78607 0.09646
0.19079 21.69777 0.09752
0.19130 21.64840 0.09624
0.19180 21.66667 0.09499
0.19231 21.63586 0.10044
0.19282 21.60090 0.09793
0.19332 21.79098 0.09729
0.19383 21.54916 0.09729
0.19434 21.63601 0.09566
0.19484 21.59245 0.09607
0.19535 21.38393 0.09866
0.19586 21.66941 0.09787
0.19636 21.64623 0.09955
0.19687 21.65365 0.10008
0.19738 21.60630 0.09890
0.19788 21.41361 0.09944
0.19839 21.49683 0.10009
0.19890 21.52222 0.10037
0.19940 21.38577 0.09544
0.19991 21.56372 0.09856
0.20042 21.35907 0.09651
0.20092 21.46722 0.09802
0.20143 21.33575 0.09899
0.20194 21.37021 0.09848
0.20244 21.39046 0.09782
0.20295 21.35036 0.09736
0.20346 21.50340 0.10156
0.20396 21.55443 0.10118
0.20447 21.44163 0.10031
0.20498 21.45340 0.09966
0.20548 21.26223 0.10038
0.20599 21.41542 0.09887
0.20650 21.27897 0.09981
0.20700 21.30843 0.09673
0.20751 21.34978 0.09675
0.20802 21.48846 0.09507
0.20852 21.20591 0.09803
0.20903 21.25430 0.10049
0.20954 21.32563 0.09891
0.21004 21.25285 0.10109
0.21055 21.26011 0.09843
0.21106 21.23226 0.10056
0.21156 21.36674 0.09994
0.21207 21.25113 0.09866
0.21258 21.33655 0.09725
0.21308 21.27469 0.10051
0.21359 21.21341 0.09713
0.21410 21.00985 0.09951
0.21460 21.24917 0.10111
0.21511 21.18647 0.10004
0.21562 21.12684 0.09633
0.21612 21.00374 0.10190
0.21663 21.10364 0.10138
0.21714 20.99504 0.10111
0.21764 21.11105 0.09867
0.21815 21.03197 0.09630
0.21866 21.11527 0.09806
0.21916 21.12624 0.09947
0.21967 20.90691 0.09856
0.22018 20.78038 0.09762
0.22068 21.02655 0.09804
0.22119 20.79006 0.09667
0.22170 20.90971 0.09723
0.22220 21.01391 0.09686
0.22271 20.81222 0.09473
0.22322 20.84918 0.09242
0.22372 21.00792 0.09631
0.22423 21.00047 0.10012
0.22474 20.90921 0.09613
0.22524 20.81183 0.09638
0.22575 20.92086 0.09741
0.22626 20.75326 0.09326
0.22676 20.84739 0.09320
0.22727 20.72587 0.09283
0.22778 20.87688 0.09188
0.22828 20.89283 0.09405
0.22879 20.80496 0.09315
0.22930 20.50427 0.09108
0.22980 20.67025 0.09199
0.23031 20.73232 0.09218
0.23082 20.86024 0.09229
0.23132 20.79414 0.09081
0.23183 20.78779 0.09388
0.23234 20.83843 0.09412
0.23284 20.64029 0.09033
0.23335 20.75316 0.09097
0.23386 20.69299 0.08982
0.23436 20.76861 0.09069
0.23487 20.75087 0.08768
0.23538 20.64569 0.08944
0.23588 20.61041 0.08844
0.23639 20.69347 0.08944
0.23690 20.57346 0.09015
0.23740 20.60714 0.09186
0.23791 20.59623 0.09002
0.23842 20.77146 0.08900
0.23892 20.59258 0.08964
0.23943 20.61689 0.08804
0.23994 20.30328 0.08890
0.24044 20.44529 0.08865
0.24095 20.42330 0.08735
0.24145 20.49147 0.08559
0.24196 20.55787 0.08724
0.24247 20.54805 0.08644
0.24297 20.43528 0.08706
0.24348 20.40831 0.08681
0.24399 20.51122 0.08886
0.24449 20.46392 0.08756
0.24500 20.48997 0.08720
0.24551 20.51816 0.08649
0.24601 20.48710 0.08749
0.24652 20.46791 0.08815
0.24703 20.46979 0.08791
0.24753 20.38013 0.08533
0.24804 20.16908 0.08478
0.24855 20.47739 0.08667
0.24905 20.26652 0.08591
0.24956 20.39532 0.08612
0.25007 20.40609 0.08542
0.25057 20.22417 0.08454
0.25108 20.49906 0.08548
0.25159 20.46295 0.08311
0.25209 20.32295 0.08463
0.25260 20.33104 0.08447
0.25311 20.16916 0.08616
0.25361 20.39174 0.08201
0.25412 20.20096 0.08383
0.25463 20.28817 0.08352
0.25513 20.23178 0.08313
0.25564 20.22589 0.08241
0.25615 20.30199 0.08460
0.25665 20.28627 0.08167
0.25716 20.32767 0.08140
0.25767 20.20144 0.08193
0.25817 20.37363 0.08135
0.25868 20.15066 0.08066
0.25919 20.20259 0.08153
0.25969 20.35374 0.08168
0.26020 20.28821 0.08123
0.26071 20.34262 0.08104
0.26121 20.10457 0.08015
0.26172 20.08415 0.08170
0.26223 20.03644 0.08033
0.26273 20.07995 0.07893
0.26324 20.17265 0.07936
0.26375 20.18590 0.07876
0.26425 20.12204 0.08035
0.26476 20.01994 0.08047
0.26527 20.08383 0.08008
0.26577 20.12966 0.07865
0.26628 20.05974 0.08110
0.26679 20.10372 0.07912
0.26729 20.02923 0.07825
0.26780 20.21260 0.07751
0.26831 19.95015 0.07981
0.26881 20.01130 0.07968
0.26932 20.01798 0.07900
0.26983 19.95266 0.07845
0.27033 19.93079 0.07764
0.27084 20.00977 0.07836
0.27134 20.01996 0.07947
0.27185 19.96541 0.07820
0.27236 20.01399 0.07898
0.27286 19.85205 0.07605
0.27337 19.87917 0.07663
0.27388 19.92117 0.07803
0.27438 19.79498 0.07839
0.27489 19.88741 0.07785
0.27540 19.89852 0.07749
0.27590 19.74337 0.07782
0.27641 19.73554 0.07717
0.27692 19.87760 0.07818
0.27742 19.77105 0.07746
0.27793 19.96120 0.07826
0.27844 19.83303 0.07599
0.27894 19.72300 0.07525
0.27945 19.70000 0.07637
0.27996 19.64756 0.07691
0.28046 19.86228 0.07757
0.28097 19.66728 0.07624
0.28148 19.61605 0.07747
0.28198 19.69348 0.07556
0.28249 19.82807 0.07523
0.28300 19.68155 0.07579
0.28350 19.67920 0.07696
0.28401 19.68982 0.07547
0.28452 19.75134 0.07459
0.28502 19.68504 0.07732
0.28553 19.70546 0.07541
0.28604 19.67269 0.07657
0.28654 19.77752 0.07606
0.28705 19.67156 0.07553
0.28756 19.62650 0.07638
0.28806 19.59261 0.07484
0.28857 19.52142 0.07442
0.28908 19.61086 0.07521
0.28958 19.43323 0.07413
0.29009 19.42383 0.07369
0.29059 19.50994 0.07432
0.29110 19.52137 0.07606
0.29161 19.60607 0.07558
0.29211 19.48307 0.07585
0.29262 19.45664 0.07688
0.29313 19.47222 0.07519
0.29363 19.30820 0.07543
0.29414 19.42777 0.07462
0.29465 19.42088 0.07547
0.29515 19.43693 0.07742
0.29566 19.38536 0.07631
0.29617 19.30956 0.07596
0.29667 19.36742 0.07623
0.29718 19.21303 0.07280
0.29769 19.28186 0.07510
0.29819 19.16485 0.07569
0.29870 19.30942 0.07542
0.29921 19.14414 0.07564
0.29971 19.36659 0.07590
0.30022 19.28498 0.07471
0.30073 19.27170 0.07686
0.30123 19.19501 0.07394
0.30174 19.26707 0.07351
0.30225 19.12403 0.07501
0.30275 19.27962 0.07514
0.30326 19.26342 0.07595
0.30377 19.17156 0.07472
0.30427 19.12427 0.07421
0.30478 19.12948 0.07379
0.30529 19.14867 0.07251
0.30579 19.14677 0.07442
0.30630 19.14691 0.07508
0.30680 19.09632 0.07347
0.30731 19.08535 0.07284
0.30782 19.09033 0.07386
0.30832 19.03220 0.07151
0.30883 18.90473 0.07196
0.30934 18.94825 0.07414
0.30984 19.03851 0.07229
0.31035 19.12650 0.07435
0.31086 18.93597 0.07527
0.31136 19.09470 0.07628
0.31187 18.97489 0.07712
0.31238 18.84729 0.07804
0.31288 18.88075 0.07665
0.31339 19.05478 0.07834
0.31390 18.96851 0.07718
0.31440 18.82920 0.07737
0.31491 19.02297 0.07898
0.31542 18.99704 0.07923
0.31592 18.72550 0.07829
0.31643 18.84132 0.07855
0.31694 18.93527 0.07907
0.31744 18.72485 0.08050
0.31795 18.87043 0.08066
0.31845 18.84300 0.07897
0.31896 18.87664 0.07915
0.31947 18.85952 0.07921
0.31997 19.06413 0.08145
0.32048 18.86787 0.08015
0.32099 18.86471 0.07940
0.32149 18.70716 0.07958
0.32200 18.81305 0.07939
0.32251 18.72082 0.08046
0.32301 18.75649 0.08133
0.32352 18.75128 0.07943
0.32403 18.73764 0.07945
0.32453 18.59303 0.08248
0.32504 18.71703 0.07851
0.32555 18.76089 0.08057
0.32605 18.65765 0.07969
0.32656 18.66774 0.07985
0.32707 18.73439 0.07989
0.32757 18.73729 0.08035
0.32808 18.73946 0.07929
0.32859 18.70749 0.07974
0.32909 18.71882 0.07845
0.32960 18.68599 0.08058
0.33010 18.66497 0.08077
0.33061 18.64784 0.08099
0.33112 18.57328 0.08111
0.33162 18.77249 0.08137
0.33213 18.61414 0.08047
0.33264 18.66108 0.07965
0.33314 18.70033 0.08269
0.33365 18.53859 0.08038
0.33416 18.60185 0.08192
0.33466 18.72579 0.08328
0.33517 18.59429 0.08082
0.33568 18.56476 0.08227
0.33618 18.66382 0.08107
0.33669 18.47802 0.08080
0.33720 18.72510 0.07962
0.33770 18.55980 0.08027
0.33821 18.56279 0.08297
0.33872 18.47869 0.08083
0.33922 18.45419 0.08166
0.33973 18.58256 0.08269
0.34023 18.56631 0.08263
0.34074 18.42201 0.08175
0.34125 18.49262 0.08289
0.34175 18.42959 0.08236
0.34226 18.29184 0.08083
0.34277 18.35595 0.08073
0.34327 18.49335 0.08365
0.34378 18.40699 0.08145
0.34429 18.31666 0.08134
0.34479 18.59565 0.08123
0.34530 18.56776 0.08339
0.34581 18.41875 0.08262
0.34631 18.27949 0.08144
0.34682 18.43400 0.08223
0.34733 18.48683 0.08125
0.34783 18.38059 0.08157
0.34834 18.36055 0.08288
0.34884 18.43563 0.08174
0.34935 18.36342 0.08466
0.34986 18.36982 0.08150
0.35036 18.35705 0.08424
0.35087 18.26934 0.08189
0.35138 18.25253 0.08263
0.35188 18.33106 0.08379
0.35239 18.21221 0.08201
0.35290 18.24591 0.07940
0.35340 18.28151 0.07918
0.35391 18.29965 0.08184
0.35442 18.19663 0.07728
0.35492 18.24145 0.07855
0.35543 18.08805 0.07802
0.35594 18.21393 0.07924
0.35644 18.01400 0.07619
0.35695 18.09227 0.07984
0.35745 18.15989 0.07904
0.35796 18.19687 0.07894
0.35847 18.07790 0.07822
0.35897 18.05178 0.07965
0.35948 17.96187 0.07976
0.35999 18.16369 0.07982
0.36049 18.16082 0.07905
0.36100 17.91417 0.07975
0.36151 18.15248 0.07966
0.36201 18.07824 0.07999
0.36252 18.02293 0.07971
0.36303 17.94789 0.07932
0.36353 18.20975 0.08006
0.36404 18.08088 0.08099
0.36455 18.07792 0.08191
0.36505 17.92301 0.08095
0.36556 18.08185 0.08400
0.36606 18.00875 0.07994
0.36657 17.96660 0.08266
0.36708 17.75997 0.08371
0.36758 17.87887 0.08372
0.36809 17.73987 0.08782
0.36860 17.96566 0.08762
0.36910 17.97145 0.09074
0.36961 17.76457 0.08656
0.37012 17.85814 0.08777
0.37062 17.78081 0.08929
0.37113 17.68060 0.08455
0.37164 17.78253 0.08501
0.37214 17.94559 0.08521
0.37265 17.74919 0.08471
0.37315 17.95859 0.08502
0.37366 17.86107 0.08657
0.37417 17.83711 0.08735
0.37467 17.67596 0.08655
0.37518 17.84787 0.08462
0.37569 17.77474 0.08844
0.37619 17.84841 0.08673
0.37670 17.90345 0.09105
0.37721 17.80872 0.08809
0.37771 17.79649 0.08831
0.37822 17.90182 0.09047
0.37873 17.89078 0.08819
0.37923 17.67503 0.08827
0.37974 17.73468 0.09172
0.38024 17.70194 0.08779
0.38075 17.67866 0.08923
0.38126 17.66263 0.09184
0.38176 17.67783 0.09370
0.38227 17.67232 0.09170
0.38278 17.82736 0.09079
0.38328 17.64338 0.09147
0.38379 17.58989 0.09347
0.38430 17.60849 0.09092
0.38480 17.62634 0.09281
0.38531 17.82325 0.09288
0.38582 17.53951 0.09251
0.38632 17.57395 0.09377
0.38683 17.67611 0.09636
0.38733 17.42951 0.09448
0.38784 17.47433 0.09665
0.38835 17.63802 0.09387
0.38885 17.58112 0.09534
0.38936 17.54187 0.09507
0.38987 17.54031 0.10060
0.39037 17.48780 0.09632
0.39088 17.41503 0.09894
0.39139 17.30202 0.09941
0.39189 17.53984 0.09600
0.39240 17.41835 0.10220
0.39290 17.45674 0.10263
0.39341 17.47099 0.10113
0.39392 17.43860 0.09926
0.39442 17.40044 0.10160
0.39493 17.45088 0.10000
0.39544 17.50918 0.10060
0.39594 17.39886 0.10203
0.39645 17.42023 0.10041
0.39696 17.35760 0.10394
0.39746 17.18299 0.10111
0.39797 17.41469 0.10182
0.39847 17.45668 0.10311
0.39898 17.42171 0.10470
0.39949 17.33992 0.10628
0.39999 17.40503 0.10614
0.40050 17.34374 0.10946
0.40101 17.26178 0.10590
0.40151 17.24474 0.10977
0.40202 17.24213 0.10632
0.40253 17.15096 0.10766
0.40303 17.21694 0.10686
0.40354 17.23344 0.11259
0.40405 17.18884 0.10912
0.40455 17.40145 0.11204
0.40506 17.19160 0.10570
0.40556 17.13005 0.11155
0.40607 17.12624 0.11031
0.40658 17.04769 0.11227
0.40708 16.96377 0.11149
0.40759 17.14978 0.11378
0.40810 17.25890 0.11184
0.40860 17.03240 0.11055
0.40911 17.07600 0.11378
0.40962 17.06882 0.11025
0.41012 17.00318 0.11406
0.41063 17.12187 0.11123
0.41113 17.06864 0.11489
0.41164 17.01329 0.11319
0.41215 16.99950 0.11210
0.41265 17.15521 0.11191
0.41316 16.94602 0.11509
0.41367 17.02879 0.11377
0.41417 17.20020 0.11538
0.41468 16.98746 0.11089
0.41518 17.07449 0.11543
0.41569 16.82651 0.11108
0.41620 16.94144 0.11440
0.41670 16.94586 0.11526
0.41721 16.91447 0.11689
0.41772 16.82506 0.11829
0.41822 16.72949 0.11652
0.41873 16.82111 0.11351
0.41924 16.85396 0.12227
0.41974 16.85350 0.11780
0.42025 16.77422 0.11868
0.42075 16.85685 0.11818
0.42126 16.75170 0.12043
0.42177 16.77874 0.12558
0.42227 16.69330 0.11926
0.42278 16.85901 0.12351
0.42329 16.90185 0.13082
0.42379 16.89079 0.12356
0.42430 16.66897 0.12272
0.42481 16.80003 0.12768
0.42531 16.97292 0.12342
0.42582 16.89252 0.12844
0.42632 16.83948 0.12021
0.42683 16.96553 0.13030
0.42734 16.73971 0.12591
0.42784 16.84746 0.13287
0.42835 16.73380 0.12993
0.42886 16.77758 0.13174
0.42936 16.66888 0.13012
0.42987 16.79073 0.13624
0.43037 16.58318 0.13636
0.43088 16.70926 0.13303
0.43139 16.75362 0.13735
0.43189 16.61978 0.13401
0.43240 16.51405 0.13773
0.43291 16.76692 0.13654
0.43341 16.77781 0.13805
0.43392 16.62516 0.14089
0.43443 16.59289 0.14257
0.43493 16.41629 0.14777
0.43544 16.69358 0.14449
0.43594 16.62065 0.14918
0.43645 16.66860 0.15192
0.43696 16.48668 0.15398
0.43746 16.60423 0.15842
0.43797 16.51177 0.15314
0.43848 16.58982 0.15560
0.43898 16.56030 0.14870
0.43949 16.52746 0.15984
0.43999 16.46358 0.15895
