0.01140 1584.52281 60.19164
0.01191 1114.26170 47.28940
0.01242 728.78601 49.66041
0.01292 441.47776 37.32326
0.01343 299.16869 25.29208
0.01394 226.85751 18.58611
0.01444 186.63427 14.97143
0.01495 150.14080 12.28984
0.01546 116.45438 7.98841
0.01596 110.23523 7.54264
0.01647 98.07417 6.12040
0.01698 82.71757 4.58586
0.01748 73.00637 3.81466
0.01799 67.29146 3.09007
0.01850 62.96121 2.72898
0.01900 58.27779 2.21278
0.01951 54.98294 1.81332
0.02002 52.02234 1.66312
0.02052 49.08879 1.25191
0.02103 47.65041 1.17881
0.02154 45.00815 0.87567
0.02204 43.39710 0.81382
0.02255 41.68768 0.68662
0.02306 39.79097 0.59105
0.02356 38.87220 0.55446
0.02407 37.11058 0.49981
0.02458 37.11032 0.47460
0.02509 36.54088 0.42933
0.02559 35.48574 0.40687
0.02610 35.88083 0.38967
0.02661 34.89290 0.32988
0.02711 33.88461 0.30443
0.02762 32.69579 0.29888
0.02813 32.55628 0.27667
0.02863 31.92566 0.29266
0.02914 31.27618 0.25658
0.02965 31.42516 0.28058
0.03015 30.58475 0.25515
0.03066 30.62529 0.25982
0.03117 30.41144 0.26226
0.03167 30.33517 0.24145
0.03218 29.76166 0.23688
0.03269 29.47305 0.24609
0.03319 29.11061 0.24572
0.03370 29.58930 0.23015
0.03421 28.64548 0.22892
0.03471 28.91604 0.21996
0.03522 28.82660 0.23191
0.03573 28.69690 0.21826
0.03623 28.03974 0.20989
0.03674 28.10928 0.21685
0.03725 27.99982 0.21705
0.03775 28.18198 0.20967
0.03826 28.14937 0.20351
0.03877 27.84001 0.21222
0.03927 27.27975 0.20922
0.03978 27.49703 0.19427
0.04029 27.45640 0.20114
0.04080 27.14306 0.19754
0.04130 26.91357 0.20145
0.04181 27.16923 0.20979
0.04232 27.19982 0.20660
0.04282 26.82568 0.20626
0.04333 26.54169 0.20171
0.04384 26.48583 0.18916
0.04434 26.68296 0.18947
0.04485 26.74317 0.19750
0.04536 26.20921 0.18392
0.04586 26.24645 0.18352
0.04637 26.16419 0.17967
0.04688 26.32993 0.18162
0.04738 26.05264 0.18680
0.04789 26.02429 0.18606
0.04840 26.02091 0.18812
0.04890 26.34158 0.17753
0.04941 26.00245 0.18075
0.04992 26.00738 0.17953
0.05042 26.19769 0.17673
0.05093 26.09018 0.17205
0.05144 25.85051 0.16806
0.05194 26.06342 0.16762
0.05245 25.93902 0.17016
0.05296 25.70598 0.15930
0.05346 25.94410 0.16957
0.05397 25.85240 0.17704
0.05448 25.99522 0.16318
0.05498 25.61159 0.16934
0.05549 25.74668 0.16572
0.05600 25.26764 0.16131
0.05650 25.49087 0.16347
0.05701 25.44822 0.16487
0.05752 25.44735 0.15578
0.05803 25.04539 0.16102
0.05853 25.10138 0.15678
0.05904 25.30561 0.15551
0.05955 25.32673 0.15878
0.06005 25.09123 0.15188
0.06056 25.37356 0.15902
0.06107 25.21694 0.15446
0.06157 25.36256 0.15922
0.06208 25.53134 0.15514
0.06259 25.01520 0.15533
0.06309 24.98977 0.15677
0.06360 24.69906 0.15248
0.06411 25.22684 0.14939
0.06461 25.15705 0.15214
0.06512 24.80551 0.15570
0.06563 24.66535 0.14472
0.06613 24.82799 0.15177
0.06664 24.80976 0.15278
0.06715 24.64282 0.14414
0.06765 24.91643 0.14583
0.06816 24.76031 0.15018
0.06867 24.88340 0.14490
0.06917 24.32815 0.14532
0.06968 24.75359 0.14340
0.07019 24.36010 0.14809
0.07069 24.67620 0.14110
0.07120 24.35666 0.14469
0.07171 24.60291 0.14012
0.07221 24.76854 0.14292
0.07272 24.77399 0.13849
0.07323 24.75271 0.14251
0.07373 24.71982 0.14267
0.07424 24.68070 0.13847
0.07475 24.39315 0.13984
0.07526 24.48866 0.13943
0.07576 24.28800 0.13540
0.07627 24.54129 0.14011
0.07678 24.55154 0.13768
0.07728 24.10041 0.13170
0.07779 24.57956 0.13490
0.07830 24.21501 0.13304
0.07880 24.40586 0.13233
0.07931 24.44941 0.13343
0.07982 24.29947 0.13164
0.08032 24.45805 0.13035
0.08083 24.35634 0.13304
0.08134 24.62642 0.13345
0.08184 24.41210 0.13727
0.08235 24.25732 0.14072
0.08286 24.55156 0.13671
0.08336 24.38374 0.13164
0.08387 24.30547 0.13461
0.08438 24.26529 0.13226
0.08488 24.29902 0.13946
0.08539 24.36199 0.14008
0.08590 24.19633 0.13817
0.08640 24.20592 0.13575
0.08691 24.33943 0.13906
0.08742 24.24056 0.13015
0.08792 24.01483 0.13734
0.08843 24.07834 0.13689
0.08894 24.09257 0.13590
0.08944 24.15858 0.13610
0.08995 24.18730 0.13674
0.09046 23.98246 0.13418
0.09096 24.04678 0.13901
0.09147 24.00293 0.13573
0.09198 24.07243 0.13465
0.09248 23.70507 0.13730
0.09299 24.07849 0.14475
0.09350 24.04010 0.14166
0.09401 23.86787 0.13967
0.09451 23.75066 0.13885
0.09502 24.20925 0.13711
0.09553 23.93135 0.13531
0.09603 23.83962 0.13684
0.09654 23.93876 0.13771
0.09705 23.96503 0.13559
0.09755 23.85613 0.14014
0.09806 23.92239 0.13719
0.09857 24.11122 0.13725
0.09907 23.71294 0.13328
0.09958 23.65065 0.13143
0.10009 23.94056 0.13427
0.10059 23.82184 0.13267
0.10110 23.72368 0.13510
0.10161 23.88305 0.12880
0.10211 23.64451 0.12597
0.10262 23.89942 0.12669
0.10313 23.60028 0.13015
0.10363 23.80846 0.13186
0.10414 23.81943 0.12975
0.10465 23.86429 0.13665
0.10515 23.65093 0.13116
0.10566 23.73937 0.13291
0.10617 23.61661 0.12899
0.10667 23.68619 0.13048
0.10718 23.69719 0.12442
0.10769 23.86173 0.12444
0.10819 23.71203 0.12597
0.10870 23.63383 0.12306
0.10921 23.64871 0.12480
0.10971 23.77717 0.12046
0.11022 23.76961 0.12124
0.11073 23.68513 0.12033
0.11123 23.75349 0.12412
0.11174 23.53256 0.12123
0.11225 23.49972 0.12474
0.11275 23.68059 0.12137
0.11326 23.55717 0.12067
0.11377 23.80104 0.12248
0.11428 23.56041 0.12042
0.11478 23.39893 0.11583
0.11529 23.50055 0.11322
0.11580 23.51724 0.11395
0.11630 23.73112 0.11891
0.11681 23.53590 0.11343
0.11732 23.24264 0.11553
0.11782 23.48569 0.11140
0.11833 23.27866 0.11541
0.11884 23.66074 0.11731
0.11934 23.56380 0.11362
0.11985 23.47657 0.11546
0.12036 23.51376 0.11674
0.12086 23.23961 0.11194
0.12137 23.37182 0.11233
0.12188 23.56206 0.11388
0.12238 23.35176 0.11330
0.12289 23.28469 0.11254
0.12340 23.51309 0.11042
0.12390 23.43110 0.11562
0.12441 23.35647 0.11183
0.12492 23.40773 0.11357
0.12542 23.65729 0.11447
0.12593 23.34890 0.11222
0.12644 23.15440 0.11182
0.12694 23.08157 0.10636
0.12745 23.39259 0.11008
0.12796 22.99669 0.10756
0.12846 23.22443 0.11068
0.12897 23.34973 0.10502
0.12948 23.26737 0.10587
0.12998 23.05792 0.10523
0.13049 23.35858 0.10960
0.13100 23.30457 0.10704
0.13150 23.28945 0.10556
0.13201 23.29507 0.10369
0.13252 23.20125 0.10297
0.13302 23.16343 0.10480
0.13353 23.36682 0.10341
0.13404 23.15271 0.10400
0.13454 23.14931 0.10213
0.13505 23.21633 0.10527
0.13556 23.41062 0.10455
0.13606 22.99391 0.10225
0.13657 23.23414 0.10154
0.13708 23.00622 0.10549
0.13758 23.17275 0.10228
0.13809 22.95204 0.09983
0.13860 23.04417 0.09753
0.13911 23.15815 0.09886
0.13961 23.05684 0.10070
0.14012 22.94796 0.10051
0.14063 22.85079 0.09999
0.14113 23.00048 0.09879
0.14164 22.84512 0.09860
0.14215 22.94119 0.09942
0.14265 22.97828 0.10133
0.14316 22.88094 0.09871
0.14367 22.90245 0.09912
0.14417 23.07471 0.09726
0.14468 22.83551 0.09930
0.14519 22.88223 0.09744
0.14569 22.88810 0.09801
0.14620 22.84122 0.09868
0.14671 22.75372 0.09777
0.14721 22.85495 0.10117
0.14772 22.62811 0.09626
0.14823 22.72636 0.09899
0.14873 22.85572 0.09869
0.14924 22.78292 0.09842
0.14975 22.65743 0.09661
0.15025 22.67205 0.09556
0.15076 22.66097 0.09459
0.15127 22.42791 0.09373
0.15177 22.59431 0.09483
0.15228 22.66137 0.09413
0.15279 22.77709 0.09659
0.15329 22.58543 0.09702
0.15380 22.76521 0.09435
0.15431 22.47140 0.09518
0.15481 22.65545 0.09740
0.15532 22.48088 0.09609
0.15583 22.36201 0.09400
0.15633 22.53887 0.09458
0.15684 22.40989 0.09195
0.15735 22.37650 0.09419
0.15785 22.43972 0.09354
0.15836 22.49604 0.09329
0.15887 22.46395 0.09275
0.15937 22.36912 0.09358
0.15988 22.31448 0.09310
0.16039 22.43598 0.09448
0.16089 22.38785 0.09251
0.16140 22.12927 0.09115
0.16191 22.21658 0.09048
0.16241 22.33731 0.09159
0.16292 22.19572 0.09210
0.16343 22.36721 0.09029
0.16393 22.14419 0.09065
0.16444 22.09133 0.08987
0.16495 22.14124 0.08803
0.16545 22.23920 0.08955
0.16596 22.18843 0.08983
0.16647 21.93201 0.08717
0.16697 22.09081 0.08857
0.16748 22.09352 0.08892
0.16799 22.05227 0.08809
0.16849 21.97855 0.08929
0.16900 22.19784 0.08880
0.16951 21.95436 0.08966
0.17001 22.05743 0.08919
0.17052 22.25645 0.09082
0.17103 21.93732 0.08955
0.17153 21.98653 0.08998
0.17204 22.03770 0.09053
0.17255 21.99444 0.09015
0.17305 22.06109 0.09053
0.17356 22.05546 0.09266
0.17407 22.08945 0.09181
0.17457 21.95807 0.09251
0.17508 21.86060 0.09042
0.17559 21.84070 0.09042
0.17610 21.81140 0.09034
0.17660 21.84911 0.09059
0.17711 21.70732 0.09154
0.17762 21.83784 0.08972
0.17812 21.97638 0.09175
0.17863 21.90610 0.09049
0.17914 21.75846 0.09002
0.17964 22.01005 0.09220
0.18015 21.82332 0.09420
0.18066 21.67334 0.09174
0.18116 21.88307 0.09557
0.18167 21.97243 0.09329
0.18218 21.75348 0.09102
0.18268 21.74910 0.09050
0.18319 21.72228 0.09387
0.18370 21.75471 0.09408
0.18420 21.76650 0.09201
0.18471 21.85151 0.09328
0.18522 21.83729 0.09390
0.18572 21.69304 0.09608
0.18623 21.68556 0.09522
0.18674 21.75501 0.09518
0.18724 21.56566 0.09406
0.18775 21.58995 0.09570
0.18826 21.73444 0.09868
0.18876 21.63729 0.09468
0.18927 21.69612 0.09988
0.18978 21.64690 0.09667
0.19028 21.63154 0.10053
0.19079 21.62398 0.09537
0.19130 21.55169 0.09764
0.19180 21.68165 0.09522
0.19231 21.75503 0.09957
0.19282 21.60930 0.09816
0.19332 21.55623 0.10066
0.19383 21.57224 0.09660
0.19434 21.38419 0.09573
0.19484 21.65473 0.09892
0.19535 21.48814 0.09530
0.19586 21.40414 0.09781
0.19636 21.21002 0.09772
0.19687 21.42074 0.09871
0.19738 21.71984 0.09773
0.19788 21.49666 0.09736
0.19839 21.38292 0.09714
0.19890 21.41908 0.10000
0.19940 21.56696 0.10076
0.19991 21.45877 0.09776
0.20042 21.63437 0.09886
0.20092 21.36971 0.09852
0.20143 21.51952 0.09722
0.20194 21.57455 0.10108
0.20244 21.42354 0.09873
0.20295 21.44593 0.09754
0.20346 21.52084 0.10210
0.20396 21.33765 0.09878
0.20447 21.33167 0.09800
0.20498 21.50202 0.10045
0.20548 21.40102 0.09713
0.20599 21.32381 0.10141
0.20650 21.24927 0.09905
0.20700 21.13033 0.09668
0.20751 21.41224 0.09838
0.20802 21.24244 0.09806
0.20852 21.39237 0.09952
0.20903 21.44401 0.09947
0.20954 21.10437 0.09744
0.21004 21.11932 0.09718
0.21055 21.28292 0.09822
0.21106 21.24436 0.10055
0.21156 21.22803 0.09579
0.21207 21.20853 0.09513
0.21258 21.20847 0.09768
0.21308 21.18507 0.09849
0.21359 21.22566 0.09834
0.21410 21.14969 0.09850
0.21460 21.10108 0.10026
0.21511 21.06096 0.09801
0.21562 21.25592 0.09684
0.21612 21.15036 0.09867
0.21663 21.12032 0.09751
0.21714 21.04787 0.09795
0.21764 21.10317 0.09654
0.21815 21.14196 0.09928
0.21866 21.19426 0.09867
0.21916 21.11236 0.09874
0.21967 20.96193 0.09720
0.22018 21.18559 0.09857
0.22068 21.03842 0.09752
0.22119 21.03232 0.09993
0.22170 20.89250 0.09762
0.22220 21.05691 0.09571
0.22271 21.19213 0.09558
0.22322 21.09307 0.09544
0.22372 20.99823 0.09731
0.22423 20.97134 0.09940
0.22474 20.97720 0.09656
0.22524 20.89142 0.09435
0.22575 20.85284 0.09833
0.22626 20.82854 0.09305
0.22676 20.71132 0.09312
0.22727 20.77972 0.09565
0.22778 20.93092 0.09309
0.22828 20.78423 0.09307
0.22879 20.80877 0.09119
0.22930 20.89939 0.09454
0.22980 20.68441 0.09248
0.23031 20.88574 0.09199
0.23082 20.79416 0.09027
0.23132 20.76516 0.09091
0.23183 20.69969 0.09241
0.23234 20.82156 0.09529
0.23284 20.54284 0.09215
0.23335 20.66668 0.09199
0.23386 20.79773 0.09128
0.23436 20.63913 0.08871
0.23487 20.84641 0.09269
0.23538 20.50645 0.08884
0.23588 20.84106 0.08728
0.23639 20.68479 0.09132
0.23690 20.72420 0.08886
0.23740 20.56713 0.08915
0.23791 20.56414 0.08763
0.23842 20.61342 0.08911
0.23892 20.60497 0.08725
0.23943 20.58364 0.08871
0.23994 20.43946 0.08881
0.24044 20.69921 0.08469
0.24095 20.64939 0.08900
0.24145 20.63070 0.08461
0.24196 20.68490 0.08853
0.24247 20.59573 0.08562
0.24297 20.46221 0.08783
0.24348 20.32114 0.08551
0.24399 20.43044 0.08722
0.24449 20.61546 0.08437
0.24500 20.60620 0.08738
0.24551 20.42889 0.08654
0.24601 20.53139 0.08498
0.24652 20.38895 0.08582
0.24703 20.36934 0.08545
0.24753 20.42657 0.08540
0.24804 20.36189 0.08624
0.24855 20.58319 0.08746
0.24905 20.42993 0.08368
0.24956 20.20216 0.08387
0.25007 20.42994 0.08444
0.25057 20.40802 0.08418
0.25108 20.39832 0.08446
0.25159 20.38755 0.08414
0.25209 20.22803 0.08380
0.25260 20.32682 0.08219
0.25311 20.38673 0.08335
0.25361 20.29423 0.08417
0.25412 20.21836 0.08313
0.25463 20.15022 0.08422
0.25513 20.13744 0.08086
0.25564 20.30771 0.08414
0.25615 20.31709 0.08414
0.25665 20.37958 0.08427
0.25716 20.23471 0.08239
0.25767 20.12728 0.08035
0.25817 20.22221 0.08061
0.25868 20.24449 0.08382
0.25919 20.24284 0.08030
0.25969 20.18190 0.08167
0.26020 20.13611 0.08150
0.26071 20.29062 0.08031
0.26121 19.95261 0.08051
0.26172 20.09310 0.08038
0.26223 20.03808 0.07937
0.26273 20.23413 0.08117
0.26324 20.26680 0.08071
0.26375 20.11790 0.07877
0.26425 19.99164 0.07992
0.26476 20.00342 0.07847
0.26527 20.24574 0.08016
0.26577 20.07392 0.07850
0.26628 19.98691 0.07854
0.26679 20.14849 0.07959
0.26729 19.91849 0.08040
0.26780 20.13787 0.07988
0.26831 19.95300 0.08018
0.26881 20.11700 0.07754
0.26932 20.12028 0.07971
0.26983 19.88973 0.07922
0.27033 19.92207 0.07902
0.27084 20.05278 0.07768
0.27134 19.94828 0.07811
0.27185 19.96820 0.07675
0.27236 19.96095 0.07801
0.27286 19.88787 0.07916
0.27337 19.86717 0.07853
0.27388 19.73508 0.07659
0.27438 19.94447 0.07766
0.27489 19.95599 0.07670
0.27540 19.84651 0.07717
0.27590 20.01137 0.07765
0.27641 19.78391 0.07550
0.27692 19.74702 0.07703
0.27742 19.72245 0.07588
0.27793 19.85049 0.07514
0.27844 19.86261 0.07485
0.27894 19.69220 0.07663
0.27945 19.93490 0.07657
0.27996 19.78785 0.07585
0.28046 19.83469 0.07534
0.28097 19.75515 0.07516
0.28148 19.74466 0.07641
0.28198 19.50185 0.07495
0.28249 19.75161 0.07705
0.28300 19.66711 0.07475
0.28350 19.69844 0.07561
0.28401 19.61777 0.07546
0.28452 19.75840 0.07419
0.28502 19.58988 0.07382
0.28553 19.58552 0.07575
0.28604 19.70339 0.07473
0.28654 19.57618 0.07475
0.28705 19.54353 0.07486
0.28756 19.52091 0.07503
0.28806 19.50231 0.07320
0.28857 19.53792 0.07523
0.28908 19.49582 0.07503
0.28958 19.61068 0.07792
0.29009 19.49861 0.07571
0.29059 19.54411 0.07565
0.29110 19.46471 0.07643
0.29161 19.42306 0.07598
0.29211 19.43681 0.07553
0.29262 19.46955 0.07605
0.29313 19.49487 0.07580
0.29363 19.60555 0.07610
0.29414 19.34842 0.07565
0.29465 19.45630 0.07657
0.29515 19.39150 0.07570
0.29566 19.37904 0.07692
0.29617 19.38446 0.07603
0.29667 19.39995 0.07446
0.29718 19.30096 0.07649
0.29769 19.27738 0.07391
0.29819 19.17734 0.07604
0.29870 19.43362 0.07582
0.29921 19.28564 0.07540
0.29971 19.28704 0.07374
0.30022 19.38980 0.07564
0.30073 19.22756 0.07425
0.30123 19.20418 0.07433
0.30174 19.18774 0.07515
0.30225 19.23619 0.07561
0.30275 19.20601 0.07248
0.30326 19.20238 0.07529
0.30377 19.12916 0.07341
0.30427 19.13211 0.07455
0.30478 19.19950 0.07466
0.30529 19.28827 0.07435
0.30579 18.96857 0.07285
0.30630 18.96080 0.07350
0.30680 19.01365 0.07290
0.30731 19.07594 0.07319
0.30782 18.97370 0.07520
0.30832 18.98096 0.07280
0.30883 19.11199 0.07268
0.30934 18.91860 0.07371
0.30984 18.88757 0.07446
0.31035 18.88626 0.07553
0.31086 18.92043 0.07540
0.31136 18.95334 0.07543
0.31187 19.02096 0.07676
0.31238 18.91243 0.07699
0.31288 19.05784 0.07830
0.31339 18.96624 0.07834
0.31390 18.92304 0.07854
0.31440 18.93145 0.07751
0.31491 19.02986 0.07931
0.31542 18.93929 0.07881
0.31592 18.93417 0.07930
0.31643 18.90146 0.07934
0.31694 18.93056 0.08015
0.31744 19.00510 0.07975
0.31795 18.81168 0.07890
0.31845 18.90860 0.07796
0.31896 18.87010 0.08081
0.31947 18.86775 0.07935
0.31997 18.84424 0.08075
0.32048 18.77201 0.07829
0.32099 18.86409 0.08032
0.32149 18.78937 0.08021
0.32200 18.92644 0.07990
0.32251 18.64784 0.07785
0.32301 18.74284 0.07858
0.32352 18.71883 0.08232
0.32403 18.71481 0.07911
0.32453 18.77197 0.08089
0.32504 18.71259 0.07995
0.32555 18.82174 0.07928
0.32605 18.71598 0.07867
0.32656 18.86445 0.08070
0.32707 18.58012 0.08103
0.32757 18.78949 0.07901
0.32808 18.77217 0.08034
0.32859 18.69455 0.07812
0.32909 18.62480 0.07826
0.32960 18.63034 0.07992
0.33010 18.72977 0.07942
0.33061 18.74016 0.08043
0.33112 18.68208 0.08093
0.33162 18.81699 0.08278
0.33213 18.68570 0.08002
0.33264 18.67850 0.07981
0.33314 18.53773 0.08128
0.33365 18.47499 0.08107
0.33416 18.55179 0.08103
0.33466 18.52069 0.08051
0.33517 18.73808 0.08133
0.33568 18.52699 0.07920
0.33618 18.56108 0.08192
0.33669 18.58817 0.08065
0.33720 18.68604 0.08094
0.33770 18.48723 0.08106
0.33821 18.61282 0.08085
0.33872 18.50985 0.08217
0.33922 18.62551 0.08067
0.33973 18.56499 0.08245
0.34023 18.53809 0.08338
0.34074 18.45910 0.08242
0.34125 18.38725 0.08222
0.34175 18.52001 0.08251
0.34226 18.51734 0.08198
0.34277 18.30435 0.07738
0.34327 18.41539 0.08175
0.34378 18.43850 0.08272
0.34429 18.63112 0.08254
0.34479 18.49463 0.08063
0.34530 18.54909 0.08392
0.34581 18.47999 0.08312
0.34631 18.41987 0.08052
0.34682 18.58064 0.08394
0.34733 18.38094 0.08306
0.34783 18.39942 0.08277
0.34834 18.34426 0.08161
0.34884 18.50387 0.08129
0.34935 18.45688 0.08211
0.34986 18.34949 0.08265
0.35036 18.28005 0.08364
0.35087 18.34544 0.08367
0.35138 18.34290 0.08442
0.35188 18.23047 0.08152
0.35239 18.24155 0.08274
0.35290 18.39578 0.08080
0.35340 18.32950 0.07941
0.35391 18.34476 0.07998
0.35442 18.12320 0.07709
0.35492 18.18194 0.08001
0.35543 18.22025 0.07796
0.35594 18.25592 0.07833
0.35644 18.01605 0.07872
0.35695 18.29465 0.07774
0.35745 18.21425 0.07861
0.35796 18.19651 0.07972
0.35847 18.07684 0.07943
0.35897 18.06446 0.08057
0.35948 18.10690 0.07804
0.35999 18.10487 0.08092
0.36049 18.13753 0.07980
0.36100 18.11750 0.08040
0.36151 18.03539 0.07916
0.36201 18.02363 0.08037
0.36252 18.08705 0.07838
0.36303 18.23055 0.07880
0.36353 17.96423 0.07898
0.36404 18.04669 0.07998
0.36455 18.04019 0.08252
0.36505 18.18859 0.08131
0.36556 17.89490 0.08005
0.36606 18.21169 0.08229
0.36657 17.95039 0.08288
0.36708 18.04591 0.08295
0.36758 17.89774 0.08455
0.36809 17.82145 0.08677
0.36860 17.76037 0.08764
0.36910 17.73432 0.08758
0.36961 17.76495 0.08819
0.37012 17.77594 0.08784
0.37062 17.94180 0.09016
0.37113 17.93675 0.08667
0.37164 17.79591 0.08219
0.37214 17.82203 0.08561
0.37265 17.75365 0.08575
0.37315 17.74889 0.08326
0.37366 17.86638 0.08493
0.37417 17.93478 0.08778
0.37467 17.86021 0.08743
0.37518 17.76683 0.08592
0.37569 17.90033 0.08895
0.37619 17.70678 0.08918
0.37670 17.86385 0.08480
0.37721 17.76860 0.08862
0.37771 17.77095 0.09006
0.37822 17.77346 0.08795
0.37873 17.64016 0.08674
0.37923 17.79682 0.09051
0.37974 17.76524 0.09310
0.38024 17.73402 0.09053
0.38075 17.76193 0.08956
0.38126 17.57181 0.09113
0.38176 17.51289 0.09020
0.38227 17.70462 0.09221
0.38278 17.65958 0.09379
0.38328 17.75799 0.09156
0.38379 17.67999 0.09275
0.38430 17.53195 0.08990
0.38480 17.82341 0.09439
0.38531 17.62762 0.09428
0.38582 17.57543 0.09770
0.38632 17.41686 0.09304
0.38683 17.69677 0.09363
0.38733 17.51616 0.09450
0.38784 17.54513 0.09650
0.38835 17.60072 0.09512
0.38885 17.55003 0.09417
0.38936 17.45557 0.09739
0.38987 17.69205 0.09758
0.39037 17.34050 0.09534
0.39088 17.50019 0.09901
0.39139 17.34578 0.09971
0.39189 17.61813 0.09757
0.39240 17.50694 0.09978
0.39290 17.39491 0.10111
0.39341 17.59276 0.10443
0.39392 17.50336 0.11402
0.39442 17.49315 0.10397
0.39493 17.44551 0.10247
0.39544 17.32876 0.10384
0.39594 17.45405 0.10063
0.39645 17.56643 0.10286
0.39696 17.33261 0.10292
0.39746 17.50516 0.10409
0.39797 17.49238 0.10682
0.39847 17.25038 0.10593
0.39898 17.35502 0.10447
0.39949 17.27196 0.10884
0.39999 17.41960 0.10466
0.40050 17.29496 0.10609
0.40101 17.11016 0.10800
0.40151 16.97892 0.10624
0.40202 17.32230 0.10429
0.40253 17.43092 0.11261
0.40303 17.46905 0.10901
0.40354 17.28722 0.10816
0.40405 17.33835 0.10920
0.40455 17.04533 0.10748
0.40506 17.09750 0.11100
0.40556 17.13077 0.10930
0.40607 17.15166 0.11052
0.40658 17.17925 0.11105
0.40708 17.15443 0.11282
0.40759 17.25561 0.11372
0.40810 17.16503 0.11291
0.40860 17.06381 0.11179
0.40911 17.19208 0.11468
0.40962 17.13692 0.11134
0.41012 17.06953 0.11533
0.41063 16.76817 0.11285
0.41113 16.92032 0.11315
0.41164 17.14063 0.11128
0.41215 16.80528 0.11031
0.41265 17.03971 0.11152
0.41316 17.11266 0.10975
0.41367 16.89874 0.11232
0.41417 16.85143 0.11809
0.41468 16.97824 0.11354
0.41518 16.78472 0.11482
0.41569 16.97134 0.11833
0.41620 16.92944 0.11259
0.41670 16.88856 0.11670
0.41721 16.97940 0.11962
0.41772 16.83556 0.11421
0.41822 17.06973 0.11770
0.41873 17.09108 0.11958
0.41924 16.84984 0.11616
0.41974 16.67466 0.11806
0.42025 17.01384 0.12349
0.42075 16.77482 0.12332
0.42126 17.07162 0.11851
0.42177 16.82913 0.12019
0.42227 16.69686 0.12005
0.42278 16.87955 0.12216
0.42329 16.80704 0.12708
0.42379 16.76411 0.12892
0.42430 16.61473 0.12275
0.42481 16.82653 0.12796
0.42531 16.65617 0.12963
0.42582 16.79452 0.13268
0.42632 16.58453 0.12709
0.42683 16.67360 0.12711
0.42734 16.67476 0.12699
0.42784 16.94022 0.13055
0.42835 16.61269 0.13351
0.42886 16.68523 0.14353
0.42936 16.60938 0.12777
0.42987 16.61922 0.12898
0.43037 16.52138 0.13531
0.43088 16.73289 0.13936
0.43139 16.90641 0.14012
0.43189 16.64055 0.13532
0.43240 16.54333 0.13981
0.43291 16.74112 0.14109
0.43341 16.70284 0.13872
0.43392 16.72786 0.14282
0.43443 16.62680 0.14703
0.43493 16.67382 0.15116
0.43544 16.71411 0.14496
0.43594 16.53460 0.14249
0.43645 16.26614 0.14429
0.43696 16.74763 0.15141
0.43746 16.39228 0.14838
0.43797 16.50331 0.14902
0.43848 16.44997 0.15371
0.43898 16.68988 0.15676
0.43949 16.55269 0.15890
0.43999 16.57418 0.15595
