0.01140 1727.55381 58.50716
0.01191 1233.68093 47.28184
0.01242 827.29567 51.14268
0.01292 517.66574 38.83704
0.01343 364.74757 26.47516
0.01394 278.39842 19.22322
0.01444 230.90806 15.31112
0.01495 191.41246 12.48578
0.01546 150.00135 8.25120
0.01596 139.14690 7.80454
0.01647 122.59272 6.22560
0.01698 106.51227 4.72135
0.01748 95.16593 4.09553
0.01799 86.15869 3.28525
0.01850 79.33271 2.73395
0.01900 71.00097 2.27183
0.01951 68.18765 1.86311
0.02002 63.99668 1.75505
0.02052 59.18569 1.39245
0.02103 57.85587 1.19536
0.02154 53.12961 0.89809
0.02204 51.58767 0.88053
0.02255 48.45212 0.69449
0.02306 47.15833 0.65787
0.02356 45.40611 0.62446
0.02407 44.10463 0.53134
0.02458 42.53490 0.50879
0.02509 41.31814 0.45297
0.02559 39.98172 0.40687
0.02610 39.19423 0.37137
0.02661 38.49602 0.33804
0.02711 37.42927 0.35169
0.02762 36.39777 0.33968
0.02813 35.61520 0.29335
0.02863 34.73853 0.29208
0.02914 33.84674 0.27931
0.02965 33.43416 0.28572
0.03015 33.12668 0.26076
0.03066 32.51089 0.27816
0.03117 31.97645 0.25910
0.03167 31.77653 0.25163
0.03218 31.60405 0.25851
0.03269 31.28283 0.24024
0.03319 31.31578 0.25246
0.03370 30.10618 0.23153
0.03421 30.27664 0.22543
0.03471 30.04495 0.22562
0.03522 30.06449 0.22270
0.03573 29.20143 0.22485
0.03623 29.21750 0.22684
0.03674 29.48675 0.21935
0.03725 28.77708 0.21900
0.03775 28.60528 0.21975
0.03826 28.16415 0.21968
0.03877 28.69446 0.20938
0.03927 27.82802 0.20691
0.03978 27.75091 0.21613
0.04029 27.89393 0.20998
0.04080 27.78672 0.21012
0.04130 27.67147 0.20001
0.04181 27.75958 0.19240
0.04232 27.23795 0.19615
0.04282 27.21337 0.19568
0.04333 27.16531 0.20162
0.04384 26.88979 0.19057
0.04434 26.74512 0.18548
0.04485 27.15279 0.18810
0.04536 26.82380 0.18772
0.04586 26.40534 0.19164
0.04637 26.56661 0.17763
0.04688 26.72398 0.19808
0.04738 26.46094 0.18300
0.04789 26.61555 0.18055
0.04840 26.46031 0.18568
0.04890 26.60096 0.18086
0.04941 26.53821 0.17135
0.04992 26.31266 0.17177
0.05042 26.25257 0.17390
0.05093 26.33754 0.17441
0.05144 26.09464 0.17395
0.05194 26.27765 0.17288
0.05245 26.28089 0.17012
0.05296 26.15123 0.17595
0.05346 25.77233 0.17571
0.05397 25.83679 0.16925
0.05448 25.70915 0.17064
0.05498 26.09566 0.16281
0.05549 25.71795 0.16275
0.05600 25.47825 0.16620
0.05650 25.53676 0.16389
0.05701 25.64196 0.15893
0.05752 25.52886 0.15955
0.05803 25.29208 0.16125
0.05853 25.22397 0.15753
0.05904 25.35381 0.16311
0.05955 25.37306 0.16561
0.06005 25.53795 0.15509
0.06056 25.37356 0.14898
0.06107 25.07308 0.15836
0.06157 25.24484 0.15902
0.06208 25.32261 0.15355
0.06259 25.23693 0.15717
0.06309 25.19900 0.15980
0.06360 25.03401 0.15167
0.06411 24.97200 0.14821
0.06461 24.94135 0.15274
0.06512 25.07573 0.14703
0.06563 24.94905 0.14588
0.06613 24.71437 0.15515
0.06664 24.99274 0.14949
0.06715 24.82227 0.14801
0.06765 24.73434 0.13932
0.06816 24.67254 0.14463
0.06867 24.70467 0.14334
0.06917 24.52887 0.14347
0.06968 24.56400 0.13940
0.07019 24.67724 0.13910
0.07069 24.81152 0.14577
0.07120 24.61612 0.13785
0.07171 24.74768 0.13797
0.07221 24.44582 0.13936
0.07272 24.50939 0.14309
0.07323 24.65189 0.14513
0.07373 24.50038 0.14163
0.07424 24.49007 0.13942
0.07475 24.49624 0.14098
0.07526 24.36276 0.13788
0.07576 24.48525 0.13894
0.07627 24.60143 0.13528
0.07678 24.51095 0.13863
0.07728 24.28179 0.13264
0.07779 24.39329 0.13670
0.07830 24.39143 0.13190
0.07880 24.52886 0.13624
0.07931 24.35035 0.13535
0.07982 24.28062 0.13429
0.08032 24.27312 0.13197
0.08083 24.38638 0.12969
0.08134 24.40865 0.13250
0.08184 24.17952 0.13816
0.08235 24.09557 0.13091
0.08286 24.23316 0.13318
0.08336 24.33430 0.13182
0.08387 24.10235 0.13715
0.08438 24.23545 0.13540
0.08488 24.20132 0.13656
0.08539 24.19745 0.13946
0.08590 24.31292 0.13068
0.08640 24.03372 0.13698
0.08691 23.88496 0.13909
0.08742 24.24597 0.13714
0.08792 23.89018 0.13178
0.08843 24.00498 0.13599
0.08894 23.72561 0.13266
0.08944 23.98997 0.12964
0.08995 23.90918 0.13312
0.09046 23.81486 0.13568
0.09096 23.91037 0.13543
0.09147 23.91089 0.13911
0.09198 23.82071 0.13930
0.09248 23.97111 0.13736
0.09299 23.97655 0.14117
0.09350 23.72039 0.14615
0.09401 24.08573 0.14077
0.09451 23.79599 0.13975
0.09502 23.88237 0.13604
0.09553 23.48824 0.13891
0.09603 23.78147 0.13617
0.09654 23.74227 0.13417
0.09705 23.90519 0.13466
0.09755 23.70110 0.13234
0.09806 24.05796 0.14039
0.09857 23.66789 0.13544
0.09907 23.95850 0.13633
0.09958 23.83370 0.13259
0.10009 23.99798 0.13534
0.10059 23.78342 0.13845
0.10110 24.04357 0.13520
0.10161 23.60308 0.12873
0.10211 23.63887 0.13041
0.10262 23.52287 0.12693
0.10313 23.55516 0.13124
0.10363 23.63665 0.13500
0.10414 23.84593 0.13186
0.10465 23.66257 0.13445
0.10515 23.83579 0.13526
0.10566 23.87525 0.12917
0.10617 23.60874 0.13085
0.10667 23.66173 0.12591
0.10718 23.76402 0.12572
0.10769 23.63008 0.12506
0.10819 23.44466 0.12370
0.10870 23.56465 0.12340
0.10921 23.69825 0.11955
0.10971 23.48724 0.12372
0.11022 23.62969 0.12300
0.11073 23.50322 0.12166
0.11123 23.59412 0.12230
0.11174 23.42790 0.12308
0.11225 23.67059 0.11947
0.11275 23.48357 0.11778
0.11326 23.38258 0.11864
0.11377 23.74469 0.11836
0.11428 23.53676 0.11845
0.11478 23.73342 0.11951
0.11529 23.44717 0.11776
0.11580 23.76752 0.11819
0.11630 23.46416 0.11534
0.11681 23.65640 0.11555
0.11732 23.39101 0.11452
0.11782 23.41111 0.11810
0.11833 23.26674 0.11348
0.11884 23.55075 0.11424
0.11934 23.54517 0.11435
0.11985 23.21370 0.11495
0.12036 23.55416 0.11394
0.12086 23.32891 0.11173
0.12137 23.55498 0.11225
0.12188 23.30006 0.11295
0.12238 23.29166 0.11611
0.12289 23.24849 0.11115
0.12340 23.30015 0.11120
0.12390 23.25736 0.10904
0.12441 23.18751 0.11131
0.12492 23.01287 0.10827
0.12542 23.22324 0.10834
0.12593 23.29827 0.10910
0.12644 23.27748 0.10959
0.12694 23.21851 0.10851
0.12745 23.30620 0.10967
0.12796 23.15288 0.11145
0.12846 22.91844 0.10519
0.12897 23.15729 0.10605
0.12948 23.32385 0.10843
0.12998 23.18393 0.10934
0.13049 23.20678 0.10662
0.13100 23.39399 0.10635
0.13150 23.16583 0.10265
0.13201 23.31047 0.10441
0.13252 23.32803 0.10530
0.13302 23.26692 0.10479
0.13353 23.11334 0.10473
0.13404 23.12907 0.10499
0.13454 23.02737 0.10059
0.13505 23.29663 0.10486
0.13556 23.36444 0.10186
0.13606 23.10838 0.10288
0.13657 23.11897 0.10435
0.13708 22.92129 0.10134
0.13758 23.14997 0.10253
0.13809 23.13758 0.10181
0.13860 22.98878 0.10089
0.13911 22.85996 0.09987
0.13961 22.89281 0.10139
0.14012 22.89266 0.09776
0.14063 22.85345 0.10027
0.14113 22.82349 0.09994
0.14164 23.00081 0.10176
0.14215 22.93812 0.09808
0.14265 22.79241 0.09955
0.14316 22.80375 0.09802
0.14367 22.77648 0.09781
0.14417 22.73910 0.09860
0.14468 22.97861 0.09992
0.14519 22.76626 0.09993
0.14569 22.70945 0.09807
0.14620 22.83441 0.09734
0.14671 22.63605 0.09960
0.14721 22.94224 0.10082
0.14772 22.86419 0.09995
0.14823 22.62959 0.09553
0.14873 22.64756 0.09896
0.14924 22.68947 0.09647
0.14975 22.76795 0.09744
0.15025 22.56790 0.09617
0.15076 22.64784 0.09754
0.15127 22.44302 0.09483
0.15177 22.58572 0.09473
0.15228 22.43124 0.09653
0.15279 22.59195 0.09477
0.15329 22.41827 0.09417
0.15380 22.42744 0.09531
0.15431 22.47622 0.09539
0.15481 22.41902 0.09568
0.15532 22.61951 0.09432
0.15583 22.38208 0.09465
0.15633 22.42355 0.09573
0.15684 22.42908 0.09223
0.15735 22.42209 0.09050
0.15785 22.38995 0.09312
0.15836 22.14385 0.09220
0.15887 22.25128 0.09158
0.15937 22.37722 0.09090
0.15988 22.31486 0.09099
0.16039 22.24388 0.09187
0.16089 22.40800 0.09340
0.16140 22.34480 0.09267
0.16191 22.25422 0.09045
0.16241 22.29825 0.09166
0.16292 22.18333 0.08962
0.16343 22.32874 0.09203
0.16393 22.21373 0.09258
0.16444 21.99271 0.09078
0.16495 22.15046 0.08949
0.16545 22.07781 0.09182
0.16596 21.98058 0.09026
0.16647 21.96171 0.08847
0.16697 22.13195 0.08843
0.16748 21.97580 0.08915
0.16799 22.08150 0.08996
0.16849 22.06639 0.08865
0.16900 21.97083 0.09297
0.16951 21.96228 0.08792
0.17001 22.08647 0.09142
0.17052 21.95748 0.08766
0.17103 21.90180 0.08925
0.17153 21.94641 0.08846
0.17204 21.90580 0.08859
0.17255 21.98422 0.09106
0.17305 21.88402 0.08981
0.17356 21.94640 0.09208
0.17407 21.98165 0.09245
0.17457 21.85856 0.09034
0.17508 21.97943 0.09239
0.17559 21.82855 0.09163
0.17610 21.97755 0.09324
0.17660 21.76678 0.08960
0.17711 21.92284 0.09037
0.17762 21.81006 0.09136
0.17812 21.71233 0.08913
0.17863 21.76485 0.09012
0.17914 21.75274 0.08921
0.17964 21.68657 0.09344
0.18015 21.66655 0.09313
0.18066 21.72777 0.09248
0.18116 21.63295 0.09163
0.18167 21.64261 0.09211
0.18218 21.63357 0.09457
0.18268 21.74704 0.09400
0.18319 21.93549 0.09223
0.18370 21.64073 0.09204
0.18420 21.66232 0.09308
0.18471 21.63814 0.09488
0.18522 21.73173 0.09523
0.18572 21.72559 0.09355
0.18623 21.62793 0.09616
0.18674 21.54731 0.09588
0.18724 21.55448 0.09560
0.18775 21.56936 0.09292
0.18826 21.67907 0.09662
0.18876 21.70621 0.09438
0.18927 21.67833 0.09315
0.18978 21.62367 0.09744
0.19028 21.48050 0.09607
0.19079 21.73510 0.09578
0.19130 21.55784 0.09588
0.19180 21.53449 0.09666
0.19231 21.73458 0.09903
0.19282 21.41794 0.09568
0.19332 21.67316 0.09761
0.19383 21.60065 0.09549
0.19434 21.42579 0.09721
0.19484 21.51448 0.09863
0.19535 21.61310 0.09794
0.19586 21.45701 0.10006
0.19636 21.59632 0.09764
0.19687 21.41069 0.09729
0.19738 21.46833 0.09776
0.19788 21.39365 0.09741
0.19839 21.29534 0.10125
0.19890 21.37881 0.09864
0.19940 21.33093 0.09909
0.19991 21.31130 0.09860
0.20042 21.20617 0.09563
0.20092 21.31320 0.09988
0.20143 21.28364 0.10055
0.20194 21.34141 0.09875
0.20244 21.27881 0.09916
0.20295 21.38950 0.09767
0.20346 21.45382 0.10019
0.20396 21.33857 0.09762
0.20447 21.11037 0.09635
0.20498 21.39227 0.09774
0.20548 21.13612 0.10178
0.20599 21.29513 0.09992
0.20650 21.40151 0.09950
0.20700 21.34842 0.09746
0.20751 21.29704 0.09813
0.20802 21.35364 0.09756
0.20852 21.20131 0.09877
0.20903 21.13078 0.09763
0.20954 21.20065 0.09883
0.21004 21.19795 0.09855
0.21055 21.30666 0.09735
0.21106 21.20993 0.09618
0.21156 21.06972 0.09880
0.21207 21.15938 0.09592
0.21258 21.31738 0.09899
0.21308 21.15379 0.09768
0.21359 21.11874 0.09845
0.21410 21.23247 0.10103
0.21460 21.25152 0.10353
0.21511 21.02854 0.09638
0.21562 21.08007 0.09692
0.21612 21.09237 0.09652
0.21663 21.06474 0.09804
0.21714 21.08246 0.09841
0.21764 21.02988 0.09864
0.21815 20.87505 0.09732
0.21866 20.90291 0.09849
0.21916 20.85229 0.09547
0.21967 21.15038 0.09678
0.22018 20.86042 0.09698
0.22068 20.94530 0.09879
0.22119 20.97468 0.09717
0.22170 20.84630 0.09569
0.22220 20.70846 0.09530
0.22271 20.81668 0.09630
0.22322 21.02326 0.09627
0.22372 21.05760 0.09502
0.22423 20.91484 0.09498
0.22474 20.84166 0.09927
0.22524 20.90664 0.09217
0.22575 20.84892 0.09437
0.22626 20.62026 0.09306
0.22676 20.87408 0.09401
0.22727 20.84375 0.09328
0.22778 20.63308 0.09455
0.22828 20.78539 0.09428
0.22879 20.64162 0.09521
0.22930 20.67421 0.09217
0.22980 20.77066 0.09245
0.23031 20.80506 0.09470
0.23082 20.74054 0.09505
0.23132 20.77179 0.09221
0.23183 20.75353 0.08993
0.23234 20.75697 0.09265
0.23284 20.67115 0.09149
0.23335 20.49455 0.09082
0.23386 20.71663 0.09064
0.23436 20.58524 0.09000
0.23487 20.56419 0.08887
0.23538 20.52922 0.08836
0.23588 20.65773 0.08928
0.23639 20.67138 0.09190
0.23690 20.58990 0.08966
0.23740 20.48436 0.08712
0.23791 20.54301 0.08861
0.23842 20.61537 0.08997
0.23892 20.45012 0.08984
0.23943 20.56958 0.08727
0.23994 20.47495 0.08819
0.24044 20.48524 0.08703
0.24095 20.45516 0.08924
0.24145 20.41315 0.09046
0.24196 20.41193 0.08781
0.24247 20.52860 0.09013
0.24297 20.55197 0.08698
0.24348 20.35855 0.08783
0.24399 20.48205 0.08475
0.24449 20.27627 0.08526
0.24500 20.40500 0.08588
0.24551 20.24591 0.08686
0.24601 20.35503 0.08748
0.24652 20.41770 0.08359
0.24703 20.27034 0.08694
0.24753 20.37476 0.08632
0.24804 20.33766 0.08667
0.24855 20.29556 0.08517
0.24905 20.25462 0.08538
0.24956 20.48113 0.08428
0.25007 20.23344 0.08424
0.25057 20.24916 0.08454
0.25108 20.41776 0.08414
0.25159 20.31673 0.08326
0.25209 20.17828 0.08161
0.25260 20.43817 0.08394
0.25311 20.12963 0.08307
0.25361 20.21261 0.08462
0.25412 20.29630 0.08489
0.25463 20.21416 0.08447
0.25513 20.16292 0.08447
0.25564 20.04504 0.08235
0.25615 20.11219 0.08318
0.25665 20.04346 0.08090
0.25716 20.13259 0.08265
0.25767 20.25657 0.08046
0.25817 19.99930 0.08268
0.25868 20.12610 0.07979
0.25919 20.17039 0.08109
0.25969 20.07358 0.08098
0.26020 20.18148 0.08162
0.26071 20.12169 0.08174
0.26121 20.03688 0.08046
0.26172 20.07885 0.08001
0.26223 20.01043 0.08093
0.26273 20.03477 0.07947
0.26324 20.09124 0.08067
0.26375 20.17285 0.07943
0.26425 20.34952 0.08030
0.26476 19.90172 0.07994
0.26527 20.05513 0.07846
0.26577 19.91502 0.07819
0.26628 19.97950 0.08007
0.26679 20.08581 0.08131
0.26729 19.93026 0.08019
0.26780 20.02451 0.07796
0.26831 19.70309 0.07706
0.26881 19.93392 0.08043
0.26932 20.04008 0.07807
0.26983 19.90934 0.07856
0.27033 19.96412 0.07857
0.27084 19.96863 0.08025
0.27134 19.87598 0.07881
0.27185 19.85153 0.08016
0.27236 19.96373 0.07854
0.27286 20.00335 0.07871
0.27337 19.93824 0.07858
0.27388 19.68963 0.07842
0.27438 19.78006 0.07646
0.27489 19.81306 0.07793
0.27540 19.70936 0.07870
0.27590 19.74850 0.07534
0.27641 19.62481 0.07795
0.27692 19.77628 0.07629
0.27742 19.67802 0.07646
0.27793 19.82522 0.07655
0.27844 19.84916 0.07763
0.27894 19.66638 0.07550
0.27945 19.72203 0.07571
0.27996 19.73528 0.07762
0.28046 19.64191 0.07592
0.28097 19.67767 0.07662
0.28148 19.67116 0.07605
0.28198 19.62310 0.07564
0.28249 19.64197 0.07600
0.28300 19.56011 0.07606
0.28350 19.63627 0.07422
0.28401 19.64704 0.07438
0.28452 19.57076 0.07433
0.28502 19.55253 0.07525
0.28553 19.64917 0.07575
0.28604 19.60009 0.07390
0.28654 19.55064 0.07450
0.28705 19.50539 0.07407
0.28756 19.58385 0.07545
0.28806 19.48555 0.07479
0.28857 19.49607 0.07457
0.28908 19.49171 0.07490
0.28958 19.37363 0.07559
0.29009 19.49122 0.07485
0.29059 19.33733 0.07621
0.29110 19.35791 0.07526
0.29161 19.40588 0.07350
0.29211 19.41921 0.07517
0.29262 19.36592 0.07610
0.29313 19.44640 0.07663
0.29363 19.30166 0.07546
0.29414 19.24652 0.07565
0.29465 19.36135 0.07436
0.29515 19.53586 0.07565
0.29566 19.25843 0.07607
0.29617 19.41597 0.07711
0.29667 19.23017 0.07507
0.29718 19.18867 0.07481
0.29769 19.35783 0.07641
0.29819 19.12858 0.07406
0.29870 19.26623 0.07545
0.29921 19.24864 0.07543
0.29971 19.20305 0.07330
0.30022 19.21924 0.07529
0.30073 19.20800 0.07353
0.30123 19.27932 0.07641
0.30174 19.16592 0.07498
0.30225 19.14528 0.07406
0.30275 19.17228 0.07382
0.30326 19.15210 0.07453
0.30377 19.11425 0.07457
0.30427 19.13327 0.07400
0.30478 19.13152 0.07561
0.30529 19.08720 0.07377
0.30579 19.15763 0.07223
0.30630 18.85356 0.07352
0.30680 18.94587 0.07333
0.30731 19.06367 0.07325
0.30782 19.05457 0.07376
0.30832 18.98380 0.07414
0.30883 18.91813 0.07318
0.30934 18.92609 0.07394
0.30984 18.87758 0.07354
0.31035 19.06893 0.07544
0.31086 18.88325 0.07468
0.31136 18.95890 0.07479
0.31187 18.81757 0.07640
0.31238 18.97064 0.07818
0.31288 18.94552 0.07587
0.31339 18.79332 0.07841
0.31390 18.90654 0.07760
0.31440 18.82136 0.07823
0.31491 18.90069 0.07866
0.31542 18.78000 0.07907
0.31592 18.74041 0.07767
0.31643 18.87406 0.07793
0.31694 18.68320 0.07828
0.31744 18.80424 0.07934
0.31795 18.79402 0.07901
0.31845 18.78149 0.08072
0.31896 18.77022 0.08075
0.31947 18.79297 0.07931
0.31997 18.60470 0.07971
0.32048 18.69882 0.08102
0.32099 18.70698 0.07898
0.32149 18.72539 0.07991
0.32200 18.63834 0.08114
0.32251 18.77062 0.07847
0.32301 18.64933 0.07926
0.32352 18.58456 0.07780
0.32403 18.72708 0.07949
0.32453 18.76924 0.08185
0.32504 18.61245 0.07997
0.32555 18.57044 0.07795
0.32605 18.67767 0.07788
0.32656 18.57505 0.07976
0.32707 18.68355 0.08035
0.32757 18.76875 0.08014
0.32808 18.49171 0.08049
0.32859 18.59067 0.08020
0.32909 18.56978 0.08028
0.32960 18.77758 0.07945
0.33010 18.54482 0.07863
0.33061 18.55904 0.08157
0.33112 18.55527 0.08037
0.33162 18.50477 0.08025
0.33213 18.55958 0.08023
0.33264 18.52598 0.08128
0.33314 18.46486 0.08181
0.33365 18.62278 0.08073
0.33416 18.47528 0.07812
0.33466 18.61125 0.08113
0.33517 18.66745 0.08046
0.33568 18.55289 0.07924
0.33618 18.51510 0.08071
0.33669 18.72231 0.08219
0.33720 18.39922 0.07886
0.33770 18.48178 0.08081
0.33821 18.50480 0.08148
0.33872 18.48455 0.08117
0.33922 18.47396 0.08104
0.33973 18.64260 0.08140
0.34023 18.44167 0.08158
0.34074 18.46975 0.08187
0.34125 18.39239 0.08139
0.34175 18.42959 0.08071
0.34226 18.56659 0.08046
0.34277 18.56748 0.08426
0.34327 18.43247 0.07992
0.34378 18.38216 0.08111
0.34429 18.31890 0.08015
0.34479 18.42741 0.08094
0.34530 18.46991 0.08080
0.34581 18.43753 0.07923
0.34631 18.46355 0.08089
0.34682 18.32862 0.07953
0.34733 18.36285 0.08295
0.34783 18.29096 0.08420
0.34834 18.40372 0.08463
0.34884 18.23543 0.08254
0.34935 18.33596 0.08351
0.34986 18.38036 0.07970
0.35036 18.47653 0.08438
0.35087 18.22769 0.08379
0.35138 18.18935 0.08515
0.35188 18.16100 0.08417
0.35239 18.14591 0.08169
0.35290 18.24405 0.08142
0.35340 18.31386 0.08134
0.35391 18.17370 0.07839
0.35442 18.27670 0.08004
0.35492 18.17389 0.07831
0.35543 18.17929 0.07888
0.35594 18.13883 0.07719
0.35644 18.00750 0.07972
0.35695 18.19364 0.08130
0.35745 18.01718 0.07883
0.35796 18.06004 0.07929
0.35847 18.10547 0.08006
0.35897 18.02923 0.08011
0.35948 17.92340 0.07784
0.35999 17.84191 0.08005
0.36049 18.03448 0.08060
0.36100 18.09857 0.08010
0.36151 18.03081 0.07859
0.36201 18.15379 0.07939
0.36252 17.97784 0.07991
0.36303 18.05740 0.07947
0.36353 17.96779 0.07970
0.36404 17.93332 0.08173
0.36455 17.85942 0.08095
0.36505 17.94011 0.08106
0.36556 18.13443 0.07918
0.36606 17.96166 0.07962
0.36657 17.85793 0.08190
0.36708 17.84672 0.08194
0.36758 17.74715 0.08409
0.36809 17.83113 0.08578
0.36860 17.79811 0.08685
0.36910 17.67828 0.08658
0.36961 17.85143 0.08800
0.37012 17.76012 0.08551
0.37062 17.83044 0.08926
0.37113 17.68688 0.08353
0.37164 17.88016 0.08533
0.37214 17.96330 0.08594
0.37265 17.75203 0.08468
0.37315 17.63378 0.08211
0.37366 17.61891 0.08596
0.37417 17.78327 0.08850
0.37467 17.65595 0.08670
0.37518 17.67409 0.08582
0.37569 17.85446 0.08831
0.37619 17.76858 0.08607
0.37670 17.77044 0.08962
0.37721 17.76337 0.08913
0.37771 17.65076 0.08996
0.37822 17.81153 0.08653
0.37873 17.76324 0.08742
0.37923 17.65782 0.08943
0.37974 17.51303 0.09037
0.38024 17.52593 0.09107
0.38075 17.67958 0.08919
0.38126 17.61604 0.09291
0.38176 17.55248 0.09223
0.38227 17.61008 0.09294
0.38278 17.72861 0.09256
0.38328 17.83326 0.09390
0.38379 17.54974 0.09360
0.38430 17.45297 0.09150
0.38480 17.69899 0.09374
0.38531 17.61253 0.09034
0.38582 17.43731 0.09422
0.38632 17.48214 0.09434
0.38683 17.38335 0.09468
0.38733 17.56940 0.09510
0.38784 17.55299 0.09581
0.38835 17.52403 0.09638
0.38885 17.57254 0.09713
0.38936 17.23659 0.09869
0.38987 17.57579 0.09931
0.39037 17.35802 0.09796
0.39088 17.39512 0.09595
0.39139 17.55618 0.09929
0.39189 17.40060 0.09531
0.39240 17.54353 0.10355
0.39290 17.48621 0.09855
0.39341 17.42460 0.09981
0.39392 17.38773 0.10405
0.39442 17.45511 0.10467
0.39493 17.45207 0.10236
0.39544 17.22172 0.09809
0.39594 17.22905 0.10058
0.39645 17.45478 0.10570
0.39696 17.24642 0.09878
0.39746 17.23875 0.10324
0.39797 17.21506 0.10124
0.39847 17.33771 0.10572
0.39898 17.40034 0.10719
0.39949 17.22100 0.10339
0.39999 17.25797 0.10501
0.40050 17.52548 0.10688
0.40101 17.15645 0.10700
0.40151 17.40070 0.10664
0.40202 17.14951 0.10945
0.40253 16.97418 0.10472
0.40303 17.26694 0.10989
0.40354 17.13719 0.11067
0.40405 17.28758 0.11136
0.40455 17.04604 0.10774
0.40506 17.09534 0.10754
0.40556 17.32647 0.11319
0.40607 16.98610 0.10941
0.40658 17.20337 0.10769
0.40708 17.13300 0.10999
0.40759 17.00891 0.11198
0.40810 17.15013 0.11334
0.40860 17.00025 0.11061
0.40911 16.91648 0.11130
0.40962 17.26264 0.11387
0.41012 17.01524 0.11439
0.41063 16.96282 0.11377
0.41113 17.21620 0.11598
0.41164 16.93142 0.11175
0.41215 16.93149 0.11337
0.41265 16.89360 0.10835
0.41316 16.86917 0.11244
0.41367 16.74728 0.10898
0.41417 16.82968 0.11528
0.41468 17.08736 0.11721
0.41518 16.79415 0.11643
0.41569 16.94559 0.11572
0.41620 16.89662 0.11970
0.41670 16.71665 0.11456
0.41721 16.80224 0.11451
0.41772 16.70708 0.11630
0.41822 16.77844 0.11146
0.41873 16.69638 0.11421
0.41924 16.89269 0.12003
0.41974 16.86790 0.11496
0.42025 16.94204 0.11859
0.42075 16.73768 0.11794
0.42126 16.68823 0.11552
0.42177 16.66735 0.11892
0.42227 16.70487 0.12287
0.42278 16.71886 0.11747
0.42329 16.69198 0.12316
0.42379 16.70720 0.12346
0.42430 16.76901 0.12287
0.42481 16.82085 0.12772
0.42531 16.78133 0.12574
0.42582 16.99245 0.13068
0.42632 16.76817 0.12807
0.42683 16.72309 0.13014
0.42734 17.06443 0.13432
0.42784 16.64868 0.12805
0.42835 16.86215 0.12991
0.42886 16.62832 0.12999
0.42936 16.78150 0.13044
0.42987 16.81695 0.13512
0.43037 16.38694 0.13506
0.43088 16.79479 0.13612
0.43139 16.49558 0.13578
0.43189 16.81016 0.13768
0.43240 16.71668 0.13960
0.43291 16.70594 0.14538
0.43341 16.59642 0.14647
0.43392 16.65939 0.13874
0.43443 16.44718 0.14652
0.43493 16.77103 0.14790
0.43544 16.88094 0.14612
0.43594 16.62859 0.15229
0.43645 16.47134 0.15253
0.43696 16.50283 0.14871
0.43746 16.52991 0.14843
0.43797 16.48781 0.15257
0.43848 16.53988 0.15078
0.43898 16.48605 0.15277
0.43949 16.74262 0.16281
0.43999 16.41964 0.16527
