0.01140 1555.82570 63.50252
0.01191 1070.54054 50.91835
0.01242 699.34948 52.25388
0.01292 417.42761 38.37547
0.01343 280.93327 26.34031
0.01394 208.42494 19.09896
0.01444 172.52479 15.53065
0.01495 138.45853 12.88174
0.01546 108.50097 8.53265
0.01596 98.95032 7.60512
0.01647 86.51918 6.32716
0.01698 72.13412 4.74638
0.01748 65.31944 4.09202
0.01799 57.62632 3.21005
0.01850 53.38188 2.85286
0.01900 46.84102 2.24392
0.01951 46.39890 1.95380
0.02002 42.46417 1.67002
0.02052 38.25362 1.35413
0.02103 36.64629 1.16488
0.02154 34.18742 0.86588
0.02204 33.71649 0.81456
0.02255 31.41812 0.64183
0.02306 30.53832 0.58711
0.02356 29.03277 0.51596
0.02407 28.34418 0.49766
0.02458 27.45786 0.41593
0.02509 27.34923 0.41414
0.02559 26.22380 0.37303
0.02610 25.37664 0.32704
0.02661 25.12379 0.29505
0.02711 23.94127 0.29990
0.02762 23.55468 0.25811
0.02813 22.86422 0.23488
0.02863 22.66281 0.24459
0.02914 21.85306 0.23774
0.02965 21.39581 0.20970
0.03015 21.78528 0.21821
0.03066 21.23403 0.21774
0.03117 20.85851 0.19779
0.03167 20.20118 0.19626
0.03218 20.25430 0.18384
0.03269 20.01247 0.18839
0.03319 19.66489 0.19479
0.03370 19.63381 0.17971
0.03421 19.45593 0.18640
0.03471 19.24045 0.18970
0.03522 18.99910 0.18685
0.03573 18.97210 0.17917
0.03623 18.83022 0.18068
0.03674 18.69314 0.17103
0.03725 18.64421 0.16579
0.03775 18.38887 0.17247
0.03826 18.20956 0.17717
0.03877 17.98504 0.16494
0.03927 18.15381 0.16438
0.03978 17.72708 0.16708
0.04029 17.96987 0.17033
0.04080 17.57870 0.16255
0.04130 17.68576 0.16719
0.04181 17.45786 0.15488
0.04232 17.74756 0.16645
0.04282 17.50050 0.16041
0.04333 17.22284 0.15807
0.04384 17.05035 0.15299
0.04434 17.05101 0.15368
0.04485 17.11639 0.15125
0.04536 16.91492 0.15211
0.04586 16.93195 0.15138
0.04637 17.13024 0.15358
0.04688 16.53066 0.14377
0.04738 16.60350 0.14539
0.04789 16.77768 0.14585
0.04840 16.61041 0.14589
0.04890 16.68732 0.14680
0.04941 16.59269 0.14723
0.04992 16.55715 0.13557
0.05042 16.15280 0.12725
0.05093 16.44780 0.13223
0.05144 16.46748 0.13356
0.05194 16.26973 0.13601
0.05245 16.41194 0.13396
0.05296 16.34652 0.13337
0.05346 16.07974 0.13199
0.05397 16.32290 0.13361
0.05448 16.12380 0.12696
0.05498 16.35692 0.12820
0.05549 16.17320 0.12135
0.05600 16.03758 0.13411
0.05650 16.11511 0.12961
0.05701 16.05437 0.12854
0.05752 15.81184 0.12589
0.05803 15.96610 0.13081
0.05853 15.57714 0.12428
0.05904 15.81237 0.12342
0.05955 15.93269 0.12608
0.06005 15.89154 0.12604
0.06056 15.66856 0.12600
0.06107 15.55703 0.12817
0.06157 15.81763 0.12094
0.06208 15.77529 0.12695
0.06259 15.66460 0.12152
0.06309 15.63280 0.12072
0.06360 15.65343 0.12353
0.06411 15.47004 0.11965
0.06461 15.61727 0.11743
0.06512 15.36607 0.11185
0.06563 15.43888 0.11534
0.06613 15.55451 0.11823
0.06664 15.39197 0.11369
0.06715 15.26739 0.11179
0.06765 15.43740 0.11448
0.06816 15.41111 0.11510
0.06867 15.36448 0.11192
0.06917 15.30855 0.11340
0.06968 15.36514 0.11291
0.07019 15.26571 0.11229
0.07069 15.31724 0.11430
0.07120 15.34671 0.11468
0.07171 15.27434 0.11195
0.07221 15.25595 0.11106
0.07272 15.15688 0.10950
0.07323 15.18863 0.10951
0.07373 15.14457 0.11090
0.07424 15.26641 0.11222
0.07475 15.10555 0.11163
0.07526 15.15950 0.10975
0.07576 14.96140 0.10587
0.07627 15.20357 0.10456
0.07678 15.14970 0.10741
0.07728 15.20002 0.10663
0.07779 15.19508 0.10346
0.07830 15.12990 0.09933
0.07880 15.09696 0.10504
0.07931 15.01770 0.10351
0.07982 15.09575 0.10187
0.08032 15.28995 0.10177
0.08083 15.08953 0.10567
0.08134 15.14952 0.10054
0.08184 15.00997 0.10529
0.08235 14.87042 0.10469
0.08286 15.15517 0.10440
0.08336 15.18811 0.10628
0.08387 14.90981 0.10724
0.08438 14.99036 0.10377
0.08488 14.73434 0.10642
0.08539 14.97963 0.10380
0.08590 14.77953 0.10671
0.08640 14.86275 0.10363
0.08691 14.83933 0.10864
0.08742 14.92321 0.10660
0.08792 14.91807 0.10989
0.08843 15.00836 0.10721
0.08894 14.83417 0.10578
0.08944 14.72742 0.10903
0.08995 14.73657 0.10638
0.09046 14.78001 0.10274
0.09096 14.70806 0.10770
0.09147 14.76023 0.10734
0.09198 14.84718 0.11109
0.09248 14.77822 0.11300
0.09299 14.72656 0.10910
0.09350 14.75689 0.11045
0.09401 14.75709 0.10512
0.09451 14.79049 0.10942
0.09502 14.76343 0.11083
0.09553 14.53700 0.10673
0.09603 14.86863 0.10648
0.09654 14.51378 0.10860
0.09705 14.65489 0.10606
0.09755 14.66693 0.10510
0.09806 14.56209 0.10549
0.09857 14.62993 0.10620
0.09907 14.52818 0.10187
0.09958 14.76094 0.10734
0.10009 14.73457 0.10562
0.10059 14.66539 0.10073
0.10110 14.58979 0.10487
0.10161 14.79885 0.10051
0.10211 14.61337 0.09792
0.10262 14.56809 0.09893
0.10313 14.45477 0.09950
0.10363 14.65392 0.10188
0.10414 14.53517 0.10057
0.10465 14.66173 0.10845
0.10515 14.60862 0.10411
0.10566 14.62349 0.10612
0.10617 14.63488 0.09669
0.10667 14.58924 0.09913
0.10718 14.48165 0.09712
0.10769 14.54815 0.09852
0.10819 14.26702 0.09825
0.10870 14.46274 0.09788
0.10921 14.45815 0.09762
0.10971 14.36993 0.09778
0.11022 14.45181 0.09445
0.11073 14.53647 0.09821
0.11123 14.48229 0.09372
0.11174 14.35439 0.09312
0.11225 14.50213 0.09518
0.11275 14.34307 0.09351
0.11326 14.53926 0.09323
0.11377 14.52736 0.09444
0.11428 14.45156 0.09279
0.11478 14.47130 0.09340
0.11529 14.38856 0.09095
0.11580 14.47124 0.09209
0.11630 14.42462 0.08875
0.11681 14.29766 0.09324
0.11732 14.35907 0.09146
0.11782 14.39421 0.08695
0.11833 14.33506 0.08955
0.11884 14.52057 0.09170
0.11934 14.32450 0.09166
0.11985 14.34316 0.08966
0.12036 14.35485 0.08904
0.12086 14.35634 0.08792
0.12137 14.38800 0.09151
0.12188 14.48841 0.08771
0.12238 14.35249 0.09004
0.12289 14.24592 0.08569
0.12340 14.36211 0.08755
0.12390 14.31079 0.08746
0.12441 14.52792 0.08750
0.12492 14.39438 0.08765
0.12542 14.43373 0.08825
0.12593 14.61456 0.08564
0.12644 14.23001 0.08383
0.12694 14.47547 0.08503
0.12745 14.29240 0.08483
0.12796 14.42216 0.08559
0.12846 14.39309 0.08430
0.12897 14.24895 0.08312
0.12948 14.34999 0.08361
0.12998 14.43903 0.08520
0.13049 14.43761 0.08446
0.13100 14.36747 0.08101
0.13150 14.20603 0.08461
0.13201 14.28465 0.08341
0.13252 14.34069 0.08084
0.13302 14.31011 0.08145
0.13353 14.29533 0.08305
0.13404 14.26277 0.08103
0.13454 14.17428 0.08259
0.13505 14.17803 0.07953
0.13556 14.23392 0.08054
0.13606 14.27778 0.07993
0.13657 14.28039 0.07831
0.13708 14.23652 0.08126
0.13758 14.26822 0.07889
0.13809 14.23175 0.07952
0.13860 14.28202 0.07936
0.13911 14.14783 0.07709
0.13961 14.11502 0.07776
0.14012 14.18014 0.07960
0.14063 14.00365 0.07651
0.14113 14.10221 0.07552
0.14164 14.17843 0.07910
0.14215 14.06368 0.07681
0.14265 14.16449 0.08007
0.14316 14.08527 0.07751
0.14367 14.08984 0.07925
0.14417 14.00914 0.07571
0.14468 13.97690 0.07714
0.14519 14.05012 0.07766
0.14569 13.94223 0.07678
0.14620 13.98524 0.07547
0.14671 13.88511 0.07645
0.14721 14.00034 0.07801
0.14772 13.81261 0.07555
0.14823 13.87872 0.07521
0.14873 14.05408 0.07695
0.14924 13.95245 0.07639
0.14975 13.81226 0.07538
0.15025 13.85687 0.07570
0.15076 13.87248 0.07443
0.15127 13.84828 0.07316
0.15177 13.75096 0.07511
0.15228 13.78085 0.07469
0.15279 13.85625 0.07674
0.15329 13.80946 0.07430
0.15380 13.58646 0.07430
0.15431 13.78280 0.07488
0.15481 13.74204 0.07220
0.15532 13.55941 0.07364
0.15583 13.64597 0.07470
0.15633 13.62362 0.07163
0.15684 13.52817 0.07183
0.15735 13.67565 0.07345
0.15785 13.58190 0.07221
0.15836 13.70663 0.07160
0.15887 13.59342 0.07240
0.15937 13.58080 0.07242
0.15988 13.48349 0.07149
0.16039 13.70426 0.07162
0.16089 13.55711 0.07183
0.16140 13.44877 0.07133
0.16191 13.54498 0.07039
0.16241 13.56285 0.07104
0.16292 13.46306 0.07023
0.16343 13.48375 0.06847
0.16393 13.55425 0.06909
0.16444 13.32139 0.06999
0.16495 13.33747 0.07130
0.16545 13.37337 0.06904
0.16596 13.39840 0.07105
0.16647 13.43643 0.06981
0.16697 13.35663 0.06844
0.16748 13.45169 0.06722
0.16799 13.29647 0.06767
0.16849 13.36244 0.06954
0.16900 13.45144 0.07014
0.16951 13.22690 0.06846
0.17001 13.32453 0.06969
0.17052 13.35417 0.06963
0.17103 13.40879 0.07141
0.17153 13.44457 0.07160
0.17204 13.33063 0.07129
0.17255 13.27904 0.07033
0.17305 13.12981 0.07009
0.17356 13.18145 0.06938
0.17407 13.35458 0.06979
0.17457 13.19467 0.06999
0.17508 13.23730 0.06978
0.17559 13.23123 0.07095
0.17610 13.15344 0.06901
0.17660 13.18952 0.07162
0.17711 13.20112 0.07011
0.17762 13.27585 0.07177
0.17812 13.23047 0.07097
0.17863 13.15434 0.07060
0.17914 13.10117 0.06975
0.17964 13.10598 0.07024
0.18015 13.02664 0.07206
0.18066 13.20938 0.07174
0.18116 13.02383 0.07256
0.18167 13.02889 0.07376
0.18218 13.04817 0.07115
0.18268 13.14856 0.07203
0.18319 13.08995 0.07225
0.18370 13.05615 0.07343
0.18420 13.03798 0.07391
0.18471 13.03320 0.07257
0.18522 13.03599 0.07137
0.18572 13.10788 0.07295
0.18623 12.96456 0.07215
0.18674 13.08985 0.07234
0.18724 13.05817 0.07361
0.18775 13.02167 0.07221
0.18826 13.00883 0.07430
0.18876 12.98333 0.07291
0.18927 13.03589 0.07503
0.18978 13.05633 0.07581
0.19028 12.96504 0.07468
0.19079 13.04914 0.07645
0.19130 12.92134 0.07427
0.19180 12.88378 0.07563
0.19231 13.02180 0.07708
0.19282 12.94057 0.07536
0.19332 12.76496 0.07450
0.19383 12.87783 0.07767
0.19434 12.97123 0.07714
0.19484 12.77173 0.07684
0.19535 12.88215 0.07609
0.19586 12.89661 0.07417
0.19636 13.03883 0.07499
0.19687 12.88624 0.07670
0.19738 12.81749 0.07693
0.19788 12.81649 0.07534
0.19839 12.86969 0.07449
0.19890 12.85624 0.07657
0.19940 12.97909 0.07558
0.19991 12.82930 0.07560
0.20042 12.72589 0.07673
0.20092 12.76022 0.07571
0.20143 12.94280 0.07546
0.20194 12.80485 0.07511
0.20244 12.76894 0.07586
0.20295 12.76189 0.07584
0.20346 12.80013 0.07588
0.20396 12.81535 0.07776
0.20447 12.65430 0.07538
0.20498 12.85963 0.07868
0.20548 12.78266 0.07476
0.20599 12.66752 0.07763
0.20650 12.71846 0.07575
0.20700 12.84123 0.07587
0.20751 12.77286 0.07391
0.20802 12.77864 0.07700
0.20852 12.86858 0.07411
0.20903 12.82166 0.07663
0.20954 12.75372 0.07493
0.21004 12.66871 0.07565
0.21055 12.84832 0.07784
0.21106 12.61448 0.07561
0.21156 12.67751 0.07685
0.21207 12.63094 0.07567
0.21258 12.57830 0.07486
0.21308 12.61684 0.07395
0.21359 12.52195 0.07652
0.21410 12.57701 0.07570
0.21460 12.60161 0.07529
0.21511 12.70753 0.07399
0.21562 12.40662 0.07552
0.21612 12.60074 0.07578
0.21663 12.42579 0.07366
0.21714 12.55448 0.07553
0.21764 12.43491 0.07465
0.21815 12.45066 0.07530
0.21866 12.51767 0.07465
0.21916 12.45325 0.07743
0.21967 12.60394 0.07364
0.22018 12.39845 0.07487
0.22068 12.45499 0.07360
0.22119 12.55509 0.07355
0.22170 12.52390 0.07553
0.22220 12.57082 0.07489
0.22271 12.27910 0.07472
0.22322 12.43540 0.07371
0.22372 12.35046 0.07442
0.22423 12.46442 0.07392
0.22474 12.36803 0.07344
0.22524 12.42552 0.07372
0.22575 12.46156 0.07404
0.22626 12.40809 0.07353
0.22676 12.37796 0.07161
0.22727 12.28829 0.07250
0.22778 12.32036 0.07145
0.22828 12.33402 0.07260
0.22879 12.35323 0.07383
0.22930 12.38494 0.07123
0.22980 12.31382 0.07249
0.23031 12.35545 0.07342
0.23082 12.32413 0.07128
0.23132 12.27747 0.07182
0.23183 12.29673 0.07059
0.23234 12.25640 0.06848
0.23284 12.30711 0.06968
0.23335 12.26343 0.06749
0.23386 12.27169 0.06864
0.23436 12.20862 0.06932
0.23487 12.18006 0.06853
0.23538 12.28590 0.06941
0.23588 12.36044 0.06969
0.23639 12.28759 0.06799
0.23690 12.15915 0.07014
0.23740 12.27814 0.06750
0.23791 12.11448 0.06826
0.23842 12.20023 0.06794
0.23892 12.03402 0.06655
0.23943 12.18022 0.06688
0.23994 12.26144 0.06698
0.24044 12.16530 0.06802
0.24095 12.14573 0.06833
0.24145 12.21527 0.06836
0.24196 12.10825 0.06495
0.24247 12.04348 0.06704
0.24297 12.10462 0.06633
0.24348 12.09878 0.06592
0.24399 12.10859 0.06519
0.24449 12.15228 0.06680
0.24500 12.06740 0.06541
0.24551 11.92699 0.06530
0.24601 12.12197 0.06485
0.24652 12.17683 0.06679
0.24703 12.09134 0.06640
0.24753 12.01838 0.06554
0.24804 12.09205 0.06346
0.24855 11.94565 0.06275
0.24905 12.04593 0.06554
0.24956 11.94041 0.06511
0.25007 12.00785 0.06505
0.25057 11.99754 0.06486
0.25108 11.98527 0.06376
0.25159 12.01407 0.06437
0.25209 11.92207 0.06407
0.25260 11.82995 0.06603
0.25311 12.01734 0.06363
0.25361 11.91420 0.06287
0.25412 11.89063 0.06355
0.25463 11.89512 0.06493
0.25513 11.95054 0.06315
0.25564 11.85244 0.06266
0.25615 11.84113 0.06540
0.25665 11.77128 0.06278
0.25716 11.88399 0.06212
0.25767 11.92858 0.06289
0.25817 11.91277 0.06088
0.25868 11.87246 0.06254
0.25919 11.83013 0.06125
0.25969 11.92119 0.06221
0.26020 11.86987 0.06105
0.26071 11.91672 0.06116
0.26121 11.90979 0.06242
0.26172 11.85943 0.06104
0.26223 11.74772 0.05974
0.26273 11.73731 0.06084
0.26324 11.77868 0.06039
0.26375 11.75062 0.06102
0.26425 11.77640 0.06106
0.26476 11.77689 0.05970
0.26527 11.79260 0.06308
0.26577 11.77031 0.06032
0.26628 11.77858 0.06067
0.26679 11.69591 0.06155
0.26729 11.66900 0.06013
0.26780 11.63360 0.06069
0.26831 11.60931 0.06037
0.26881 11.66983 0.05895
0.26932 11.72983 0.06030
0.26983 11.60424 0.05981
0.27033 11.71150 0.06107
0.27084 11.69429 0.06083
0.27134 11.74303 0.06020
0.27185 11.68608 0.05900
0.27236 11.58195 0.05988
0.27286 11.62228 0.06010
0.27337 11.72452 0.05996
0.27388 11.65182 0.05930
0.27438 11.65856 0.05955
0.27489 11.65690 0.06004
0.27540 11.57990 0.05819
0.27590 11.61293 0.05954
0.27641 11.55567 0.06040
0.27692 11.68754 0.05895
0.27742 11.52345 0.05828
0.27793 11.51926 0.05941
0.27844 11.54833 0.05867
0.27894 11.61800 0.05891
0.27945 11.60599 0.05734
0.27996 11.41815 0.05784
0.28046 11.65239 0.05755
0.28097 11.43043 0.05882
0.28148 11.45830 0.05704
0.28198 11.34636 0.05781
0.28249 11.40532 0.05941
0.28300 11.46911 0.05744
0.28350 11.48893 0.05745
0.28401 11.37910 0.05630
0.28452 11.40143 0.05680
0.28502 11.37276 0.05768
0.28553 11.49586 0.05657
0.28604 11.31811 0.05759
0.28654 11.37742 0.05672
0.28705 11.47215 0.05688
0.28756 11.46014 0.05905
0.28806 11.46674 0.05738
0.28857 11.44595 0.05850
0.28908 11.40976 0.05760
0.28958 11.30921 0.05702
0.29009 11.34793 0.05756
0.29059 11.50664 0.05885
0.29110 11.30599 0.05763
0.29161 11.35933 0.05685
0.29211 11.28845 0.05674
0.29262 11.30501 0.05578
0.29313 11.31132 0.05851
0.29363 11.32002 0.05572
0.29414 11.21774 0.05684
0.29465 11.30197 0.05850
0.29515 11.31562 0.05806
0.29566 11.22275 0.05755
0.29617 11.29291 0.05718
0.29667 11.25674 0.05781
0.29718 11.25055 0.05765
0.29769 11.32401 0.05823
0.29819 11.16032 0.05687
0.29870 11.23340 0.05664
0.29921 11.25062 0.05712
0.29971 11.26201 0.05833
0.30022 11.15975 0.05692
0.30073 11.11462 0.05659
0.30123 11.21198 0.05752
0.30174 11.11600 0.05585
0.30225 11.05452 0.05588
0.30275 11.22201 0.05684
0.30326 11.04234 0.05639
0.30377 11.11589 0.05731
0.30427 11.08525 0.05427
0.30478 11.09293 0.05589
0.30529 11.05612 0.05521
0.30579 10.99147 0.05513
0.30630 11.06375 0.05619
0.30680 11.00260 0.05638
0.30731 11.06160 0.05559
0.30782 11.01282 0.05447
0.30832 11.03001 0.05534
0.30883 10.91889 0.05554
0.30934 10.90689 0.05575
0.30984 10.96129 0.05600
0.31035 11.03497 0.05750
0.31086 11.02925 0.05735
0.31136 11.04652 0.05943
0.31187 10.95271 0.05774
0.31238 10.89993 0.05904
0.31288 10.90255 0.05809
0.31339 10.97667 0.05909
0.31390 10.90359 0.06070
0.31440 11.00221 0.05921
0.31491 10.89889 0.06051
0.31542 10.93813 0.06117
0.31592 10.99213 0.06057
0.31643 10.86755 0.05916
0.31694 10.86898 0.05972
0.31744 10.92447 0.06004
0.31795 10.89358 0.06016
0.31845 10.94494 0.06062
0.31896 10.92275 0.06080
0.31947 10.81636 0.06007
0.31997 10.82126 0.06091
0.32048 10.80010 0.05971
0.32099 10.84367 0.06093
0.32149 10.77673 0.05996
0.32200 10.76221 0.05998
0.32251 10.83121 0.05992
0.32301 10.82804 0.06171
0.32352 10.73093 0.06229
0.32403 10.76521 0.06033
0.32453 10.75479 0.06161
0.32504 10.76473 0.06012
0.32555 10.72233 0.05939
0.32605 10.79845 0.05990
0.32656 10.69592 0.05963
0.32707 10.78715 0.05756
0.32757 10.85868 0.05965
0.32808 10.68500 0.06232
0.32859 10.83610 0.06178
0.32909 10.68955 0.06049
0.32960 10.74791 0.06206
0.33010 10.70453 0.05921
0.33061 10.77661 0.06101
0.33112 10.72559 0.05976
0.33162 10.68691 0.06089
0.33213 10.63144 0.05960
0.33264 10.77409 0.06206
0.33314 10.58566 0.06099
0.33365 10.66017 0.06193
0.33416 10.71932 0.06206
0.33466 10.71804 0.06102
0.33517 10.68673 0.06268
0.33568 10.66738 0.06148
0.33618 10.56713 0.06247
0.33669 10.63822 0.06082
0.33720 10.70807 0.06223
0.33770 10.74267 0.06290
0.33821 10.55827 0.06082
0.33872 10.58145 0.06046
0.33922 10.56068 0.06057
0.33973 10.59926 0.05996
0.34023 10.67023 0.06223
0.34074 10.54076 0.06206
0.34125 10.60865 0.06068
0.34175 10.53358 0.06258
0.34226 10.54447 0.06108
0.34277 10.51422 0.06142
0.34327 10.51412 0.06011
0.34378 10.55435 0.06160
0.34429 10.59225 0.06137
0.34479 10.55817 0.06076
0.34530 10.45473 0.06126
0.34581 10.52720 0.06134
0.34631 10.64975 0.06117
0.34682 10.51571 0.06045
0.34733 10.50081 0.06152
0.34783 10.57668 0.06078
0.34834 10.54233 0.06317
0.34884 10.47638 0.06048
0.34935 10.58929 0.06398
0.34986 10.45283 0.06145
0.35036 10.54442 0.06328
0.35087 10.57126 0.06225
0.35138 10.37367 0.06268
0.35188 10.52245 0.06294
0.35239 10.45200 0.06339
0.35290 10.51310 0.06242
0.35340 10.40430 0.06060
0.35391 10.35874 0.05977
0.35442 10.38189 0.06030
0.35492 10.43349 0.05950
0.35543 10.37946 0.05925
0.35594 10.21944 0.05728
0.35644 10.39164 0.05999
0.35695 10.33029 0.05954
0.35745 10.26798 0.05882
0.35796 10.25877 0.05981
0.35847 10.49011 0.05945
0.35897 10.37826 0.06069
0.35948 10.31763 0.06045
0.35999 10.31460 0.06126
0.36049 10.42021 0.06157
0.36100 10.25455 0.05966
0.36151 10.23193 0.06118
0.36201 10.40227 0.06145
0.36252 10.32856 0.06064
0.36303 10.24593 0.05842
0.36353 10.28111 0.05882
0.36404 10.21044 0.06106
0.36455 10.19927 0.06011
0.36505 10.17244 0.06044
0.36556 10.29717 0.06113
0.36606 10.22569 0.06093
0.36657 10.25726 0.06199
0.36708 10.20413 0.06033
0.36758 10.07125 0.06402
0.36809 10.09759 0.06439
0.36860 10.15833 0.06363
0.36910 10.09055 0.06330
0.36961 10.12114 0.06431
0.37012 10.04383 0.06510
0.37062 10.10638 0.06532
0.37113 10.07574 0.06464
0.37164 10.11218 0.06245
0.37214 10.25733 0.06579
0.37265 10.18050 0.06472
0.37315 10.12601 0.06272
0.37366 10.12073 0.06398
0.37417 10.16193 0.06546
0.37467 10.08649 0.06522
0.37518 10.19281 0.06412
0.37569 10.16998 0.06455
0.37619 10.01059 0.06584
0.37670 10.06531 0.06572
0.37721 10.08172 0.06567
0.37771 10.13980 0.06708
0.37822 9.99434 0.06656
0.37873 10.05378 0.06482
0.37923 10.20060 0.06642
0.37974 10.10876 0.06768
0.38024 9.97854 0.06814
0.38075 9.95402 0.06769
0.38126 9.97629 0.06902
0.38176 10.02958 0.07050
0.38227 10.17298 0.07013
0.38278 10.08982 0.07055
0.38328 9.97384 0.06870
0.38379 9.88957 0.06940
0.38430 10.05475 0.06945
0.38480 9.94934 0.06975
0.38531 9.86386 0.06982
0.38582 9.91243 0.07154
0.38632 9.94149 0.07150
0.38683 10.06929 0.06931
0.38733 9.96621 0.07175
0.38784 9.92554 0.07171
0.38835 9.94702 0.07026
0.38885 10.00440 0.07293
0.38936 9.91412 0.07584
0.38987 9.84650 0.07274
0.39037 9.80927 0.07218
0.39088 9.93580 0.07393
0.39139 9.92686 0.07554
0.39189 9.84190 0.07234
0.39240 9.83494 0.07329
0.39290 9.84823 0.07278
0.39341 9.95957 0.07596
0.39392 9.81996 0.07680
0.39442 9.91934 0.07620
0.39493 9.80075 0.07465
0.39544 9.81151 0.07821
0.39594 9.80168 0.07314
0.39645 9.88559 0.07649
0.39696 9.95476 0.07572
0.39746 9.72220 0.07616
0.39797 9.79155 0.07753
0.39847 9.74878 0.07891
0.39898 9.84852 0.07774
0.39949 9.71997 0.07745
0.39999 9.78230 0.07868
0.40050 9.78404 0.07846
0.40101 9.74954 0.08210
0.40151 9.76395 0.08109
0.40202 9.85511 0.08083
0.40253 9.64853 0.07929
0.40303 9.89679 0.08337
0.40354 9.61565 0.08493
0.40405 9.67802 0.08035
0.40455 9.72706 0.08281
0.40506 9.56342 0.08125
0.40556 9.71948 0.07976
0.40607 9.69918 0.08321
0.40658 9.54784 0.08484
0.40708 9.69453 0.08432
0.40759 9.50511 0.08579
0.40810 9.50782 0.08468
0.40860 9.60012 0.07994
0.40911 9.54566 0.08493
0.40962 9.70261 0.08463
0.41012 9.57263 0.08295
0.41063 9.61827 0.08359
0.41113 9.63240 0.08321
0.41164 9.44694 0.08354
0.41215 9.56609 0.08512
0.41265 9.72616 0.08281
0.41316 9.53333 0.08521
0.41367 9.61097 0.08480
0.41417 9.49611 0.08480
0.41468 9.58076 0.08542
0.41518 9.63468 0.08580
0.41569 9.49170 0.08397
0.41620 9.58993 0.08896
0.41670 9.52190 0.08547
0.41721 9.38268 0.08437
0.41772 9.56156 0.09266
0.41822 9.51926 0.08723
0.41873 9.63117 0.08567
0.41924 9.41778 0.08785
0.41974 9.35015 0.08914
0.42025 9.45120 0.08918
0.42075 9.52602 0.08844
0.42126 9.49215 0.09072
0.42177 9.49667 0.08811
0.42227 9.46749 0.09025
0.42278 9.47444 0.09131
0.42329 9.38797 0.08983
0.42379 9.63601 0.09686
0.42430 9.48037 0.09598
0.42481 9.43452 0.09252
0.42531 9.56430 0.09364
0.42582 9.35196 0.09432
0.42632 9.44589 0.09360
0.42683 9.47726 0.10146
0.42734 9.20514 0.09595
0.42784 9.31824 0.09603
0.42835 9.26331 0.09816
0.42886 9.38256 0.09977
0.42936 9.35811 0.09736
0.42987 9.22343 0.09687
0.43037 9.35793 0.10307
0.43088 9.32644 0.10324
0.43139 9.34536 0.10323
0.43189 9.17872 0.10077
0.43240 9.35863 0.10535
0.43291 9.29815 0.10249
0.43341 9.16528 0.10067
0.43392 9.52961 0.10461
0.43443 9.24981 0.10365
0.43493 9.44404 0.10818
0.43544 9.35420 0.10648
0.43594 9.48710 0.11317
0.43645 9.13986 0.10792
0.43696 9.31201 0.11186
0.43746 9.27106 0.10651
0.43797 9.45079 0.11278
0.43848 9.29490 0.10952
0.43898 9.46386 0.11109
0.43949 9.51167 0.11841
0.43999 9.38633 0.12240
