0.01140 1538.31047 62.50568
0.01191 1084.02898 51.14889
0.01242 701.53131 52.48109
0.01292 422.86515 38.69535
0.01343 281.88426 26.30789
0.01394 207.46097 19.09084
0.01444 173.28261 15.90801
0.01495 137.97790 12.60434
0.01546 106.12095 8.22955
0.01596 98.33006 7.81335
0.01647 84.95209 6.10463
0.01698 69.41975 4.62737
0.01748 64.47327 4.12534
0.01799 59.20661 3.26130
0.01850 54.05489 2.75460
0.01900 47.07107 2.28464
0.01951 44.89843 1.88983
0.02002 41.95322 1.76513
0.02052 37.88816 1.36100
0.02103 37.53004 1.12734
0.02154 34.73591 0.93193
0.02204 32.76075 0.77005
0.02255 31.38574 0.60473
0.02306 30.41045 0.61094
0.02356 29.51831 0.53278
0.02407 28.34819 0.47474
0.02458 27.74695 0.43445
0.02509 26.48921 0.42067
0.02559 26.37531 0.35236
0.02610 25.48369 0.31570
0.02661 24.49564 0.27374
0.02711 24.52792 0.28509
0.02762 23.89976 0.24421
0.02813 22.83363 0.23416
0.02863 22.34545 0.23975
0.02914 21.90228 0.23152
0.02965 21.80654 0.22066
0.03015 21.37731 0.21128
0.03066 20.75237 0.20828
0.03117 20.91212 0.20367
0.03167 20.50484 0.20696
0.03218 20.16447 0.19171
0.03269 20.05713 0.19234
0.03319 19.90318 0.19303
0.03370 19.64692 0.19186
0.03421 19.67317 0.19368
0.03471 19.52359 0.19466
0.03522 19.10361 0.18063
0.03573 18.99012 0.19564
0.03623 19.16124 0.19078
0.03674 19.20969 0.19056
0.03725 18.30416 0.17113
0.03775 18.82734 0.17493
0.03826 17.88935 0.16431
0.03877 17.82503 0.17225
0.03927 18.14738 0.16622
0.03978 17.78436 0.16517
0.04029 17.80111 0.15676
0.04080 17.70313 0.16303
0.04130 17.43463 0.16134
0.04181 17.68841 0.16539
0.04232 17.53347 0.15681
0.04282 17.47554 0.15539
0.04333 17.69446 0.16509
0.04384 17.26916 0.15235
0.04434 17.10765 0.15576
0.04485 16.97666 0.15307
0.04536 16.90395 0.15739
0.04586 17.28711 0.15170
0.04637 16.79156 0.15747
0.04688 16.95722 0.15136
0.04738 16.79861 0.14466
0.04789 16.45682 0.14369
0.04840 16.77379 0.14816
0.04890 16.72224 0.14471
0.04941 16.40302 0.13868
0.04992 16.28239 0.14229
0.05042 16.28940 0.14194
0.05093 16.20162 0.13993
0.05144 16.17736 0.13195
0.05194 16.27775 0.13763
0.05245 16.27403 0.13250
0.05296 16.28144 0.12921
0.05346 16.23682 0.13391
0.05397 16.06089 0.12552
0.05448 15.98631 0.13360
0.05498 16.25107 0.13039
0.05549 15.99871 0.12876
0.05600 16.15746 0.13028
0.05650 16.05107 0.13199
0.05701 16.01667 0.12578
0.05752 15.97696 0.12592
0.05803 15.82323 0.12884
0.05853 15.69973 0.12766
0.05904 15.97303 0.12668
0.05955 15.81284 0.12541
0.06005 15.47873 0.12175
0.06056 15.65776 0.12678
0.06107 15.83496 0.12407
0.06157 15.87792 0.11939
0.06208 15.67383 0.12086
0.06259 15.67792 0.12011
0.06309 15.30817 0.11716
0.06360 15.57158 0.12070
0.06411 15.57508 0.12433
0.06461 15.65782 0.11281
0.06512 15.70974 0.11696
0.06563 15.59428 0.11624
0.06613 15.39706 0.12037
0.06664 15.36143 0.11811
0.06715 15.49259 0.11561
0.06765 15.76237 0.11799
0.06816 15.67788 0.11226
0.06867 15.49080 0.11188
0.06917 15.40592 0.11420
0.06968 15.46541 0.11020
0.07019 15.50757 0.11415
0.07069 15.37356 0.11216
0.07120 15.35489 0.11245
0.07171 15.30743 0.10990
0.07221 15.37913 0.11456
0.07272 15.06204 0.11033
0.07323 15.19993 0.11087
0.07373 15.18111 0.11043
0.07424 15.08057 0.10805
0.07475 15.21257 0.10685
0.07526 15.21235 0.11051
0.07576 15.28833 0.10612
0.07627 15.19520 0.10780
0.07678 15.28067 0.10483
0.07728 15.09378 0.10581
0.07779 15.21476 0.10739
0.07830 15.27791 0.10672
0.07880 15.05695 0.10534
0.07931 15.07093 0.10781
0.07982 14.97326 0.10286
0.08032 15.16226 0.10381
0.08083 15.03384 0.10343
0.08134 14.98882 0.10236
0.08184 14.86099 0.10394
0.08235 14.97113 0.10494
0.08286 14.77169 0.10425
0.08336 14.92036 0.10810
0.08387 14.96423 0.10557
0.08438 14.96204 0.10564
0.08488 14.89408 0.10592
0.08539 15.03576 0.10598
0.08590 14.75651 0.10511
0.08640 14.82525 0.10257
0.08691 14.87772 0.10525
0.08742 14.91786 0.10735
0.08792 14.94407 0.10949
0.08843 15.03666 0.10848
0.08894 14.71134 0.10615
0.08944 14.72286 0.10320
0.08995 14.76346 0.10770
0.09046 14.72744 0.10393
0.09096 14.72082 0.10255
0.09147 14.82482 0.10312
0.09198 14.80877 0.10864
0.09248 14.71846 0.10985
0.09299 14.68760 0.10757
0.09350 14.80989 0.11098
0.09401 14.64204 0.10506
0.09451 14.90182 0.10439
0.09502 14.65788 0.10274
0.09553 14.67002 0.10526
0.09603 14.52522 0.11294
0.09654 14.48271 0.10449
0.09705 14.59505 0.11036
0.09755 14.92300 0.10646
0.09806 14.65324 0.10542
0.09857 14.73750 0.10350
0.09907 14.64378 0.10374
0.09958 14.69465 0.10859
0.10009 14.70435 0.10367
0.10059 14.76934 0.10719
0.10110 14.67569 0.10463
0.10161 14.53656 0.09880
0.10211 14.53300 0.10098
0.10262 14.61281 0.09919
0.10313 14.72045 0.10774
0.10363 14.46036 0.10264
0.10414 14.56904 0.10407
0.10465 14.54635 0.10574
0.10515 14.77277 0.10129
0.10566 14.53539 0.10430
0.10617 14.59907 0.09980
0.10667 14.56407 0.09800
0.10718 14.53608 0.09736
0.10769 14.47630 0.09739
0.10819 14.43052 0.09452
0.10870 14.62372 0.10032
0.10921 14.43664 0.09561
0.10971 14.65336 0.09805
0.11022 14.60064 0.09774
0.11073 14.52184 0.09769
0.11123 14.57589 0.09830
0.11174 14.48023 0.09786
0.11225 14.51451 0.09338
0.11275 14.49083 0.09116
0.11326 14.55391 0.09347
0.11377 14.49499 0.09368
0.11428 14.54554 0.09064
0.11478 14.52398 0.09293
0.11529 14.54336 0.09117
0.11580 14.29947 0.09166
0.11630 14.52037 0.09371
0.11681 14.47320 0.08876
0.11732 14.59174 0.09029
0.11782 14.45962 0.09214
0.11833 14.39295 0.08808
0.11884 14.30957 0.09042
0.11934 14.30361 0.08773
0.11985 14.40570 0.08903
0.12036 14.40909 0.09016
0.12086 14.49251 0.08763
0.12137 14.44431 0.08969
0.12188 14.28139 0.08589
0.12238 14.47052 0.09009
0.12289 14.49715 0.08919
0.12340 14.38117 0.08777
0.12390 14.47076 0.08432
0.12441 14.40054 0.08580
0.12492 14.37118 0.08615
0.12542 14.38677 0.08465
0.12593 14.32218 0.08608
0.12644 14.23725 0.08506
0.12694 14.19903 0.08426
0.12745 14.53938 0.08464
0.12796 14.40782 0.08727
0.12846 14.40720 0.08694
0.12897 14.44138 0.08253
0.12948 14.34249 0.08380
0.12998 14.33858 0.08290
0.13049 14.22049 0.08090
0.13100 14.31275 0.08283
0.13150 14.29315 0.08228
0.13201 14.44823 0.08326
0.13252 14.50554 0.08340
0.13302 14.29254 0.08184
0.13353 14.34451 0.08367
0.13404 14.27696 0.08271
0.13454 14.37798 0.08201
0.13505 14.20151 0.07965
0.13556 14.24139 0.08142
0.13606 14.20070 0.07693
0.13657 14.10970 0.08059
0.13708 14.17547 0.07968
0.13758 14.29784 0.08026
0.13809 14.19276 0.07837
0.13860 14.21761 0.07788
0.13911 14.22649 0.07836
0.13961 14.22258 0.07907
0.14012 14.07712 0.07859
0.14063 14.12658 0.07706
0.14113 14.10443 0.07684
0.14164 14.27974 0.07619
0.14215 14.06853 0.07684
0.14265 14.11758 0.07742
0.14316 14.15984 0.07985
0.14367 13.93260 0.07724
0.14417 14.14002 0.07799
0.14468 13.96612 0.07658
0.14519 13.99084 0.07890
0.14569 14.01068 0.07756
0.14620 13.89247 0.07539
0.14671 13.96030 0.07656
0.14721 13.98254 0.08099
0.14772 14.10604 0.07633
0.14823 13.92145 0.07509
0.14873 13.97123 0.07733
0.14924 13.81143 0.07498
0.14975 13.89795 0.07693
0.15025 13.75888 0.07596
0.15076 13.79823 0.07754
0.15127 13.81357 0.07470
0.15177 13.73134 0.07376
0.15228 13.71666 0.07300
0.15279 13.67232 0.07407
0.15329 13.89906 0.07475
0.15380 13.69226 0.07300
0.15431 13.79364 0.07446
0.15481 13.74482 0.07306
0.15532 13.56196 0.07161
0.15583 13.71170 0.07282
0.15633 13.53466 0.07287
0.15684 13.58143 0.07238
0.15735 13.61370 0.07195
0.15785 13.60717 0.07162
0.15836 13.61896 0.07350
0.15887 13.48377 0.07278
0.15937 13.52470 0.07189
0.15988 13.64467 0.07070
0.16039 13.59274 0.07197
0.16089 13.52593 0.07035
0.16140 13.32393 0.07176
0.16191 13.46934 0.07123
0.16241 13.61131 0.07102
0.16292 13.44167 0.07116
0.16343 13.43333 0.06967
0.16393 13.37204 0.06888
0.16444 13.33251 0.07099
0.16495 13.55907 0.07042
0.16545 13.30058 0.06973
0.16596 13.29521 0.07177
0.16647 13.36126 0.06748
0.16697 13.46912 0.07081
0.16748 13.36477 0.06910
0.16799 13.39030 0.06818
0.16849 13.30556 0.06833
0.16900 13.43877 0.07074
0.16951 13.21034 0.06810
0.17001 13.31387 0.06883
0.17052 13.35232 0.07075
0.17103 13.21715 0.06942
0.17153 13.27734 0.06961
0.17204 13.25847 0.07109
0.17255 13.11640 0.07050
0.17305 13.36815 0.07023
0.17356 13.31045 0.06948
0.17407 13.23582 0.06885
0.17457 13.20910 0.07200
0.17508 13.18298 0.07040
0.17559 13.26996 0.06969
0.17610 13.10900 0.06931
0.17660 13.17364 0.06973
0.17711 13.13041 0.07048
0.17762 13.32685 0.07030
0.17812 13.16331 0.07074
0.17863 13.18350 0.07027
0.17914 13.18766 0.06985
0.17964 13.18273 0.07090
0.18015 13.01561 0.07215
0.18066 13.05691 0.07206
0.18116 13.13137 0.07377
0.18167 13.09078 0.07270
0.18218 13.09589 0.07148
0.18268 12.99505 0.07354
0.18319 13.19264 0.07079
0.18370 12.87270 0.07333
0.18420 13.13049 0.07320
0.18471 13.08192 0.07385
0.18522 13.10382 0.07363
0.18572 13.06942 0.07156
0.18623 12.97812 0.07423
0.18674 13.10652 0.07307
0.18724 12.95145 0.07637
0.18775 13.02425 0.07385
0.18826 12.89377 0.07459
0.18876 12.86281 0.07623
0.18927 12.99381 0.07447
0.18978 13.02434 0.07485
0.19028 12.95849 0.07302
0.19079 12.96525 0.07542
0.19130 12.97893 0.07460
0.19180 13.11860 0.07628
0.19231 12.89507 0.07558
0.19282 12.94278 0.07451
0.19332 12.84038 0.07417
0.19383 12.88670 0.07418
0.19434 12.85180 0.07471
0.19484 12.90981 0.07368
0.19535 13.02921 0.07707
0.19586 13.06599 0.07607
0.19636 12.88143 0.07569
0.19687 12.98899 0.07718
0.19738 12.91248 0.07688
0.19788 12.96261 0.07652
0.19839 12.92278 0.07639
0.19890 12.81281 0.07499
0.19940 12.75627 0.07448
0.19991 12.93561 0.07586
0.20042 12.84511 0.07518
0.20092 12.84133 0.07735
0.20143 12.93868 0.07786
0.20194 12.81947 0.07556
0.20244 12.86083 0.07836
0.20295 12.82332 0.07651
0.20346 12.78085 0.07663
0.20396 12.72045 0.07675
0.20447 12.73192 0.07638
0.20498 12.72487 0.07698
0.20548 12.68425 0.07793
0.20599 12.80169 0.07561
0.20650 12.74910 0.07759
0.20700 12.75927 0.07587
0.20751 12.80894 0.07641
0.20802 12.75269 0.07614
0.20852 12.68334 0.07414
0.20903 12.74988 0.07622
0.20954 12.73983 0.07419
0.21004 12.67010 0.07416
0.21055 12.77990 0.07648
0.21106 12.58982 0.07594
0.21156 12.64248 0.07605
0.21207 12.81303 0.07569
0.21258 12.66338 0.07654
0.21308 12.63691 0.07708
0.21359 12.75885 0.07777
0.21410 12.61442 0.07595
0.21460 12.67588 0.07602
0.21511 12.62972 0.07612
0.21562 12.54178 0.07706
0.21612 12.66815 0.07828
0.21663 12.56751 0.07520
0.21714 12.59983 0.07773
0.21764 12.52999 0.07534
0.21815 12.56019 0.07711
0.21866 12.48561 0.07556
0.21916 12.53007 0.07609
0.21967 12.53928 0.07323
0.22018 12.50834 0.07513
0.22068 12.46503 0.07460
0.22119 12.54113 0.07103
0.22170 12.53115 0.07574
0.22220 12.41853 0.07466
0.22271 12.55957 0.07482
0.22322 12.42690 0.07426
0.22372 12.51137 0.07379
0.22423 12.43044 0.07422
0.22474 12.38183 0.07261
0.22524 12.35594 0.07254
0.22575 12.44325 0.07378
0.22626 12.33843 0.07358
0.22676 12.31208 0.07221
0.22727 12.44010 0.07244
0.22778 12.42971 0.07218
0.22828 12.44856 0.07343
0.22879 12.42432 0.07061
0.22930 12.41716 0.07163
0.22980 12.26424 0.07087
0.23031 12.19324 0.07120
0.23082 12.22396 0.06936
0.23132 12.30396 0.07194
0.23183 12.20006 0.07043
0.23234 12.31769 0.07095
0.23284 12.27341 0.06788
0.23335 12.35839 0.07135
0.23386 12.23216 0.06818
0.23436 12.17209 0.06855
0.23487 12.25921 0.06809
0.23538 12.20881 0.06707
0.23588 12.29283 0.06725
0.23639 12.22685 0.06795
0.23690 12.16395 0.06835
0.23740 12.21617 0.06750
0.23791 12.20293 0.06693
0.23842 12.31368 0.06885
0.23892 12.08047 0.06735
0.23943 12.17676 0.06699
0.23994 12.16538 0.06923
0.24044 12.10076 0.06662
0.24095 12.03441 0.06749
0.24145 12.15398 0.06684
0.24196 12.18273 0.06648
0.24247 12.03318 0.06669
0.24297 12.12332 0.06757
0.24348 12.14704 0.06662
0.24399 12.01846 0.06773
0.24449 12.10015 0.06732
0.24500 12.14390 0.06577
0.24551 12.08692 0.06558
0.24601 12.11278 0.06536
0.24652 12.08624 0.06561
0.24703 12.01901 0.06628
0.24753 12.07360 0.06736
0.24804 11.86523 0.06743
0.24855 12.04643 0.06598
0.24905 12.00301 0.06592
0.24956 11.95657 0.06507
0.25007 11.95624 0.06357
0.25057 12.05039 0.06428
0.25108 12.08742 0.06470
0.25159 11.83507 0.06425
0.25209 12.00111 0.06561
0.25260 11.83486 0.06342
0.25311 12.04042 0.06305
0.25361 11.97161 0.06340
0.25412 11.88437 0.06393
0.25463 11.91458 0.06369
0.25513 11.96635 0.06314
0.25564 11.79640 0.06223
0.25615 11.90778 0.06350
0.25665 11.90988 0.06211
0.25716 11.91928 0.06226
0.25767 11.87209 0.06291
0.25817 11.88276 0.06104
0.25868 11.91490 0.06169
0.25919 11.74986 0.06310
0.25969 11.96431 0.06198
0.26020 11.80008 0.06284
0.26071 11.90482 0.06151
0.26121 11.72067 0.06092
0.26172 11.89951 0.06204
0.26223 11.87841 0.06120
0.26273 11.81620 0.06188
0.26324 11.73128 0.05966
0.26375 11.81304 0.06225
0.26425 11.75646 0.06132
0.26476 11.70499 0.06050
0.26527 11.89065 0.05994
0.26577 11.79337 0.06240
0.26628 11.82466 0.06087
0.26679 11.66809 0.05957
0.26729 11.70114 0.06052
0.26780 11.79572 0.05962
0.26831 11.61280 0.06008
0.26881 11.69499 0.05946
0.26932 11.69763 0.05988
0.26983 11.67445 0.06053
0.27033 11.77628 0.05947
0.27084 11.58241 0.05966
0.27134 11.53890 0.05974
0.27185 11.61750 0.05879
0.27236 11.64702 0.05996
0.27286 11.65686 0.06043
0.27337 11.60116 0.06057
0.27388 11.71283 0.05911
0.27438 11.63055 0.06006
0.27489 11.48666 0.05955
0.27540 11.68177 0.05872
0.27590 11.61112 0.05874
0.27641 11.49787 0.05783
0.27692 11.55275 0.05767
0.27742 11.63913 0.05811
0.27793 11.40404 0.05776
0.27844 11.46885 0.05653
0.27894 11.56168 0.05722
0.27945 11.57622 0.05805
0.27996 11.45595 0.05809
0.28046 11.44775 0.05677
0.28097 11.50257 0.05747
0.28148 11.49031 0.05886
0.28198 11.52941 0.05845
0.28249 11.54449 0.05813
0.28300 11.45762 0.05681
0.28350 11.56858 0.05693
0.28401 11.46635 0.05594
0.28452 11.35035 0.05635
0.28502 11.46673 0.05763
0.28553 11.41275 0.05728
0.28604 11.47748 0.05709
0.28654 11.48425 0.05767
0.28705 11.45428 0.05788
0.28756 11.31808 0.05693
0.28806 11.45468 0.05869
0.28857 11.41765 0.05718
0.28908 11.32767 0.05762
0.28958 11.35486 0.05741
0.29009 11.28999 0.05691
0.29059 11.40667 0.05804
0.29110 11.36235 0.05711
0.29161 11.33229 0.05652
0.29211 11.33620 0.05684
0.29262 11.35975 0.05589
0.29313 11.42334 0.05973
0.29363 11.16614 0.05703
0.29414 11.38728 0.05677
0.29465 11.27744 0.05832
0.29515 11.24388 0.05776
0.29566 11.25313 0.05811
0.29617 11.20885 0.05793
0.29667 11.29732 0.05720
0.29718 11.14925 0.05612
0.29769 11.24257 0.05779
0.29819 11.19808 0.05742
0.29870 11.21905 0.05739
0.29921 11.16774 0.05739
0.29971 11.13349 0.05741
0.30022 11.09994 0.05673
0.30073 11.20025 0.05654
0.30123 11.15458 0.05810
0.30174 11.21244 0.05772
0.30225 11.08551 0.05742
0.30275 11.01144 0.05650
0.30326 11.17952 0.05740
0.30377 11.07085 0.05639
0.30427 11.05043 0.05761
0.30478 11.12706 0.05688
0.30529 11.23844 0.05631
0.30579 11.10044 0.05615
0.30630 11.09385 0.05571
0.30680 11.05752 0.05565
0.30731 11.03222 0.05631
0.30782 10.96430 0.05608
0.30832 11.02859 0.05444
0.30883 10.99386 0.05575
0.30934 11.03815 0.05510
0.30984 10.98596 0.05734
0.31035 11.13264 0.05612
0.31086 11.04723 0.05734
0.31136 10.99981 0.05845
0.31187 10.92638 0.05804
0.31238 11.01730 0.05817
0.31288 10.96732 0.05923
0.31339 10.90321 0.05787
0.31390 11.10901 0.06041
0.31440 10.88526 0.05905
0.31491 10.81500 0.05882
0.31542 10.89068 0.05960
0.31592 10.90502 0.05994
0.31643 10.90731 0.05970
0.31694 10.88915 0.05925
0.31744 10.84270 0.06207
0.31795 10.92483 0.05983
0.31845 10.79812 0.06084
0.31896 10.86420 0.06093
0.31947 10.81019 0.06020
0.31997 10.87021 0.06180
0.32048 10.82965 0.06078
0.32099 10.83540 0.06020
0.32149 10.81904 0.05969
0.32200 10.81119 0.06035
0.32251 10.74509 0.06014
0.32301 10.78265 0.06202
0.32352 10.82932 0.06056
0.32403 10.88212 0.05951
0.32453 10.79092 0.06077
0.32504 10.75618 0.05988
0.32555 10.81858 0.06026
0.32605 10.76669 0.05999
0.32656 10.66159 0.05992
0.32707 10.70552 0.06124
0.32757 10.79888 0.06156
0.32808 10.70031 0.06067
0.32859 10.69025 0.05989
0.32909 10.83754 0.06096
0.32960 10.70000 0.06159
0.33010 10.81487 0.05957
0.33061 10.75695 0.06013
0.33112 10.72629 0.06016
0.33162 10.75490 0.06001
0.33213 10.70689 0.06060
0.33264 10.68983 0.06067
0.33314 10.68006 0.06110
0.33365 10.70102 0.06163
0.33416 10.67320 0.06218
0.33466 10.62247 0.06148
0.33517 10.70665 0.06198
0.33568 10.70084 0.06228
0.33618 10.64759 0.06092
0.33669 10.61096 0.06152
0.33720 10.72615 0.06204
0.33770 10.70057 0.06088
0.33821 10.66339 0.06216
0.33872 10.55799 0.06248
0.33922 10.64890 0.06174
0.33973 10.57363 0.06095
0.34023 10.59104 0.06194
0.34074 10.58006 0.06226
0.34125 10.60681 0.06262
0.34175 10.66142 0.06437
0.34226 10.59742 0.06114
0.34277 10.53376 0.06014
0.34327 10.49333 0.06134
0.34378 10.72450 0.06447
0.34429 10.62885 0.06186
0.34479 10.55372 0.06121
0.34530 10.46332 0.06135
0.34581 10.61737 0.06278
0.34631 10.49929 0.06133
0.34682 10.56259 0.06237
0.34733 10.57090 0.06151
0.34783 10.46258 0.06092
0.34834 10.47795 0.06350
0.34884 10.43589 0.06151
0.34935 10.50537 0.06302
0.34986 10.42498 0.06246
0.35036 10.46628 0.06241
0.35087 10.53757 0.06270
0.35138 10.44298 0.06159
0.35188 10.45731 0.06405
0.35239 10.42418 0.06111
0.35290 10.43574 0.06125
0.35340 10.39194 0.06003
0.35391 10.50685 0.05962
0.35442 10.42000 0.06104
0.35492 10.43419 0.05971
0.35543 10.43557 0.05917
0.35594 10.32287 0.05882
0.35644 10.41216 0.05798
0.35695 10.39221 0.06057
0.35745 10.29217 0.05908
0.35796 10.39206 0.05805
0.35847 10.39470 0.06015
0.35897 10.30569 0.06114
0.35948 10.38662 0.05993
0.35999 10.23876 0.06030
0.36049 10.25611 0.05993
0.36100 10.32431 0.06004
0.36151 10.27813 0.06001
0.36201 10.18273 0.06019
0.36252 10.26409 0.05976
0.36303 10.18122 0.05974
0.36353 10.15320 0.05931
0.36404 10.30509 0.06043
0.36455 10.30093 0.06206
0.36505 10.26238 0.06078
0.36556 10.30776 0.06121
0.36606 10.22058 0.06116
0.36657 10.29594 0.06031
0.36708 10.23541 0.06104
0.36758 10.23922 0.06294
0.36809 10.21566 0.06375
0.36860 10.17719 0.06347
0.36910 10.10465 0.06442
0.36961 10.16343 0.06410
0.37012 10.14610 0.06553
0.37062 10.17007 0.06442
0.37113 10.20519 0.06496
0.37164 10.10709 0.06272
0.37214 10.11283 0.06316
0.37265 10.17035 0.06370
0.37315 10.15056 0.06449
0.37366 10.11623 0.06332
0.37417 10.19782 0.06519
0.37467 10.09777 0.06554
0.37518 10.21704 0.06516
0.37569 10.18241 0.06538
0.37619 10.13637 0.06569
0.37670 10.17852 0.06638
0.37721 10.00716 0.06778
0.37771 10.17854 0.06762
0.37822 10.12579 0.06458
0.37873 10.03728 0.06739
0.37923 10.13494 0.06863
0.37974 10.07775 0.06950
0.38024 10.07434 0.06900
0.38075 10.05523 0.06984
0.38126 10.05818 0.06805
0.38176 9.98057 0.06907
0.38227 10.04044 0.06811
0.38278 9.98004 0.07033
0.38328 10.11322 0.06902
0.38379 9.96498 0.06840
0.38430 9.94213 0.06849
0.38480 10.10959 0.06969
0.38531 10.08515 0.06990
0.38582 9.99894 0.07002
0.38632 9.91540 0.07015
0.38683 9.94898 0.07159
0.38733 9.93384 0.07056
0.38784 10.01470 0.07091
0.38835 9.83724 0.06972
0.38885 9.97064 0.07311
0.38936 9.93354 0.07154
0.38987 9.99606 0.07497
0.39037 10.06281 0.07424
0.39088 9.86888 0.07392
0.39139 9.94033 0.07140
0.39189 9.83631 0.07377
0.39240 9.85209 0.07815
0.39290 9.96843 0.07761
0.39341 9.88882 0.07428
0.39392 9.89098 0.08328
0.39442 9.90151 0.07551
0.39493 9.85864 0.07507
0.39544 9.78325 0.07456
0.39594 9.82836 0.07396
0.39645 9.81511 0.07572
0.39696 9.78551 0.07643
0.39746 9.79035 0.07740
0.39797 9.94373 0.08039
0.39847 9.83358 0.07673
0.39898 9.73520 0.07781
0.39949 9.97218 0.08017
0.39999 9.56502 0.07798
0.40050 9.83081 0.08062
0.40101 9.78174 0.07603
0.40151 9.70360 0.08199
0.40202 9.70237 0.08122
0.40253 9.75494 0.07883
0.40303 9.91485 0.08292
0.40354 9.77913 0.08156
0.40405 9.67591 0.08191
0.40455 9.78974 0.08238
0.40506 9.74014 0.08330
0.40556 9.65711 0.08161
0.40607 9.61858 0.08455
0.40658 9.67868 0.08280
0.40708 9.80242 0.08172
0.40759 9.62773 0.08354
0.40810 9.71046 0.08222
0.40860 9.68013 0.08470
0.40911 9.46927 0.08387
0.40962 9.55369 0.08455
0.41012 9.57414 0.08352
0.41063 9.69477 0.08696
0.41113 9.66327 0.08560
0.41164 9.48787 0.08277
0.41215 9.48296 0.08315
0.41265 9.57776 0.08707
0.41316 9.55615 0.08139
0.41367 9.59873 0.08545
0.41417 9.39073 0.08604
0.41468 9.48854 0.08418
0.41518 9.46506 0.08651
0.41569 9.36634 0.08517
0.41620 9.54272 0.08874
0.41670 9.62298 0.08583
0.41721 9.37787 0.08513
0.41772 9.61974 0.08680
0.41822 9.53477 0.08739
0.41873 9.64348 0.08519
0.41924 9.46228 0.09009
0.41974 9.46033 0.09243
0.42025 9.48961 0.08790
0.42075 9.49580 0.08902
0.42126 9.37979 0.08951
0.42177 9.63458 0.08900
0.42227 9.42123 0.09243
0.42278 9.56103 0.09035
0.42329 9.52973 0.09272
0.42379 9.39917 0.09365
0.42430 9.35601 0.09299
0.42481 9.37962 0.09297
0.42531 9.57007 0.09136
0.42582 9.41793 0.09603
0.42632 9.45273 0.09888
0.42683 9.29746 0.09620
0.42734 9.46192 0.09674
0.42784 9.38450 0.09704
0.42835 9.35234 0.09850
0.42886 9.37504 0.09781
0.42936 9.29012 0.09811
0.42987 9.34906 0.09906
0.43037 9.43490 0.09843
0.43088 9.43448 0.10446
0.43139 9.47520 0.10056
0.43189 9.47064 0.10498
0.43240 9.37385 0.10431
0.43291 9.32043 0.10344
0.43341 9.39383 0.10230
0.43392 9.34990 0.10471
0.43443 9.49852 0.10874
0.43493 9.59553 0.11725
0.43544 9.07444 0.10981
0.43594 9.32107 0.11068
0.43645 9.37815 0.11277
0.43696 9.22458 0.10925
0.43746 9.49128 0.11710
0.43797 9.32820 0.11709
0.43848 8.92640 0.10879
0.43898 9.17412 0.11287
0.43949 9.20599 0.11381
0.43999 9.40300 0.11759
