0.01140 1644.34129 65.86089
0.01191 1145.12233 49.91338
0.01242 772.80445 53.47632
0.01292 474.14047 39.30627
0.01343 330.18851 26.88342
0.01394 255.20006 19.89803
0.01444 211.51728 15.60411
0.01495 175.51310 13.23924
0.01546 137.90791 8.56993
0.01596 127.97591 7.84143
0.01647 112.56823 6.25257
0.01698 95.81771 4.61675
0.01748 87.73178 4.10645
0.01799 81.76571 3.32281
0.01850 72.73001 2.84845
0.01900 64.59713 2.30865
0.01951 60.76532 1.93752
0.02002 56.44675 1.76906
0.02052 52.84824 1.39848
0.02103 49.89060 1.20887
0.02154 46.90892 0.96994
0.02204 43.78970 0.84889
0.02255 42.41496 0.67664
0.02306 39.81064 0.67157
0.02356 38.97189 0.58836
0.02407 37.23253 0.47109
0.02458 35.09225 0.48784
0.02509 34.39511 0.40707
0.02559 33.27356 0.41776
0.02610 32.52043 0.37115
0.02661 31.20185 0.31425
0.02711 30.35729 0.32136
0.02762 29.21212 0.28136
0.02813 28.42439 0.29194
0.02863 27.12870 0.26373
0.02914 27.13511 0.24621
0.02965 26.52321 0.24469
0.03015 26.10133 0.22896
0.03066 25.32921 0.24133
0.03117 25.14733 0.22336
0.03167 24.41187 0.21805
0.03218 24.03289 0.22748
0.03269 23.78156 0.20744
0.03319 24.10844 0.21083
0.03370 23.31188 0.20335
0.03421 23.18831 0.21044
0.03471 22.75241 0.20293
0.03522 22.56504 0.19680
0.03573 22.18667 0.20176
0.03623 21.81643 0.20335
0.03674 21.61329 0.19339
0.03725 21.59412 0.18095
0.03775 21.44974 0.18488
0.03826 21.12598 0.18461
0.03877 20.94361 0.18151
0.03927 20.84690 0.18583
0.03978 20.30774 0.17884
0.04029 20.50440 0.17461
0.04080 20.28087 0.17313
0.04130 20.01178 0.16920
0.04181 19.66652 0.16335
0.04232 19.87087 0.16923
0.04282 19.67246 0.16097
0.04333 19.23576 0.16795
0.04384 19.34926 0.16429
0.04434 19.49181 0.16346
0.04485 19.25081 0.16668
0.04536 18.73088 0.16623
0.04586 18.70111 0.15697
0.04637 18.53806 0.15462
0.04688 18.70639 0.15748
0.04738 18.41245 0.15678
0.04789 18.08827 0.14677
0.04840 18.25165 0.14970
0.04890 18.38573 0.15542
0.04941 17.93765 0.14317
0.04992 18.17269 0.14670
0.05042 17.89200 0.14274
0.05093 18.08346 0.14724
0.05144 18.21294 0.14351
0.05194 18.26078 0.13854
0.05245 17.79331 0.14758
0.05296 17.78503 0.14047
0.05346 17.76919 0.14451
0.05397 17.62182 0.14120
0.05448 17.50311 0.13779
0.05498 17.74849 0.13618
0.05549 17.60847 0.13341
0.05600 17.25695 0.13520
0.05650 17.45679 0.12591
0.05701 17.33935 0.12928
0.05752 17.41602 0.13453
0.05803 17.45962 0.13326
0.05853 17.17081 0.12917
0.05904 17.21316 0.13277
0.05955 17.08693 0.12524
0.06005 17.01234 0.12853
0.06056 17.11921 0.13061
0.06107 17.07193 0.12520
0.06157 16.99483 0.12529
0.06208 17.02862 0.12690
0.06259 16.67236 0.12504
0.06309 17.01387 0.12266
0.06360 16.70063 0.12410
0.06411 16.83190 0.12295
0.06461 16.68103 0.11893
0.06512 16.54487 0.12180
0.06563 16.80135 0.12448
0.06613 16.60298 0.11944
0.06664 16.43000 0.11625
0.06715 16.64230 0.12526
0.06765 16.32519 0.11859
0.06816 16.37914 0.11735
0.06867 16.45059 0.11996
0.06917 16.40269 0.11951
0.06968 16.35522 0.11368
0.07019 16.17940 0.11672
0.07069 16.44351 0.11743
0.07120 16.37064 0.11567
0.07171 16.36967 0.11795
0.07221 16.25944 0.11697
0.07272 16.18100 0.11371
0.07323 15.86377 0.11608
0.07373 16.28063 0.11673
0.07424 16.04728 0.11581
0.07475 16.12622 0.11363
0.07526 16.16049 0.11545
0.07576 15.97327 0.10947
0.07627 16.25328 0.11176
0.07678 16.15682 0.11119
0.07728 15.63335 0.10840
0.07779 15.88790 0.10509
0.07830 15.80494 0.10623
0.07880 15.87789 0.10913
0.07931 15.91740 0.10663
0.07982 15.74736 0.10608
0.08032 15.69651 0.10482
0.08083 15.76076 0.10427
0.08134 15.59934 0.10708
0.08184 15.79969 0.10722
0.08235 15.51132 0.10416
0.08286 15.86223 0.11249
0.08336 15.81338 0.11026
0.08387 15.76521 0.10869
0.08438 15.62634 0.10704
0.08488 15.75478 0.10846
0.08539 15.54669 0.10626
0.08590 15.62103 0.10907
0.08640 15.63803 0.10800
0.08691 15.56787 0.10725
0.08742 15.62054 0.11070
0.08792 15.50693 0.10984
0.08843 15.56927 0.10600
0.08894 15.61875 0.11309
0.08944 15.37986 0.10757
0.08995 15.55480 0.10620
0.09046 15.44130 0.10353
0.09096 15.31751 0.10744
0.09147 15.40531 0.10992
0.09198 15.31057 0.11046
0.09248 15.25301 0.11191
0.09299 15.20393 0.11279
0.09350 15.19438 0.11223
0.09401 15.12181 0.10950
0.09451 15.29941 0.10742
0.09502 15.06511 0.11153
0.09553 15.32170 0.10797
0.09603 15.28826 0.11017
0.09654 15.08930 0.10772
0.09705 15.21414 0.10470
0.09755 15.14205 0.10974
0.09806 15.03929 0.10732
0.09857 15.03638 0.10541
0.09907 15.09411 0.10503
0.09958 15.16622 0.11025
0.10009 15.28161 0.10762
0.10059 15.01793 0.10828
0.10110 15.03704 0.10573
0.10161 15.19053 0.10279
0.10211 14.78539 0.10247
0.10262 15.14235 0.10360
0.10313 14.75984 0.09911
0.10363 15.06134 0.10337
0.10414 14.86497 0.10552
0.10465 14.89397 0.10618
0.10515 14.73285 0.10356
0.10566 14.84896 0.10493
0.10617 14.68000 0.09943
0.10667 14.69900 0.09995
0.10718 14.84821 0.10101
0.10769 14.92751 0.09773
0.10819 14.73140 0.09997
0.10870 14.92306 0.10154
0.10921 14.94632 0.09984
0.10971 14.79248 0.09874
0.11022 14.70940 0.09512
0.11073 14.65668 0.09401
0.11123 14.61194 0.09342
0.11174 14.61915 0.09429
0.11225 14.67672 0.09747
0.11275 14.50068 0.09455
0.11326 14.83959 0.09707
0.11377 14.65505 0.09552
0.11428 14.70138 0.09561
0.11478 14.60628 0.09087
0.11529 14.73017 0.09176
0.11580 14.47714 0.09315
0.11630 14.48381 0.09091
0.11681 14.53056 0.09127
0.11732 14.54902 0.09232
0.11782 14.49461 0.09158
0.11833 14.42133 0.09178
0.11884 14.58454 0.09139
0.11934 14.35951 0.08899
0.11985 14.31494 0.08772
0.12036 14.36980 0.08788
0.12086 14.37343 0.08770
0.12137 14.44541 0.08813
0.12188 14.25821 0.08578
0.12238 14.35303 0.08903
0.12289 14.25241 0.08724
0.12340 14.28795 0.08631
0.12390 14.57617 0.08582
0.12441 14.23579 0.08858
0.12492 14.18772 0.08600
0.12542 14.26470 0.08761
0.12593 14.36764 0.08926
0.12644 14.27241 0.08695
0.12694 14.37187 0.08493
0.12745 14.11809 0.08316
0.12796 14.30591 0.08667
0.12846 14.08105 0.08313
0.12897 14.13849 0.08434
0.12948 14.15856 0.08364
0.12998 14.07542 0.08411
0.13049 14.06132 0.08375
0.13100 14.13050 0.08100
0.13150 14.14519 0.08228
0.13201 13.99985 0.07966
0.13252 13.92856 0.08073
0.13302 14.17861 0.08011
0.13353 14.02009 0.08089
0.13404 14.03956 0.07813
0.13454 14.02806 0.08114
0.13505 14.01649 0.08035
0.13556 13.83550 0.07943
0.13606 13.96759 0.07995
0.13657 14.11888 0.07807
0.13708 13.88351 0.07697
0.13758 13.76512 0.08020
0.13809 13.88084 0.07903
0.13860 14.14375 0.07752
0.13911 13.84432 0.07794
0.13961 13.82505 0.07946
0.14012 13.81533 0.07720
0.14063 13.93486 0.07669
0.14113 13.76729 0.07677
0.14164 13.92056 0.07512
0.14215 13.82786 0.07901
0.14265 13.89621 0.07739
0.14316 13.75603 0.07809
0.14367 13.67458 0.07645
0.14417 13.81347 0.07582
0.14468 13.71312 0.07596
0.14519 13.75159 0.07599
0.14569 13.58495 0.07740
0.14620 13.51674 0.07716
0.14671 13.67738 0.07558
0.14721 13.63297 0.07779
0.14772 13.53007 0.07430
0.14823 13.57373 0.07505
0.14873 13.48620 0.07541
0.14924 13.51856 0.07595
0.14975 13.51548 0.07519
0.15025 13.37960 0.07372
0.15076 13.44277 0.07457
0.15127 13.58570 0.07354
0.15177 13.55233 0.07405
0.15228 13.35126 0.07401
0.15279 13.39582 0.07299
0.15329 13.38515 0.07261
0.15380 13.40800 0.07402
0.15431 13.29720 0.07306
0.15481 13.36098 0.07236
0.15532 13.27360 0.07212
0.15583 13.25630 0.07112
0.15633 13.25874 0.07113
0.15684 13.20666 0.07071
0.15735 13.31213 0.07001
0.15785 13.18019 0.07108
0.15836 13.30461 0.07269
0.15887 13.14523 0.06991
0.15937 13.08686 0.06973
0.15988 13.10283 0.07031
0.16039 13.22686 0.07087
0.16089 13.26703 0.07060
0.16140 12.94409 0.07018
0.16191 13.01512 0.07012
0.16241 12.99755 0.07178
0.16292 13.09485 0.06865
0.16343 13.10762 0.06902
0.16393 12.96449 0.07024
0.16444 13.11450 0.06812
0.16495 13.03144 0.06866
0.16545 13.01530 0.06773
0.16596 12.86114 0.06643
0.16647 13.07010 0.06892
0.16697 12.87175 0.06827
0.16748 12.71355 0.06713
0.16799 12.96914 0.06824
0.16849 12.77351 0.06557
0.16900 12.93115 0.06849
0.16951 12.89860 0.06864
0.17001 12.89989 0.06779
0.17052 12.87330 0.06811
0.17103 12.81055 0.06730
0.17153 12.88775 0.06948
0.17204 12.85674 0.06829
0.17255 12.80475 0.07009
0.17305 12.79099 0.06949
0.17356 12.83018 0.06940
0.17407 12.71802 0.07042
0.17457 12.76700 0.06906
0.17508 12.69408 0.06841
0.17559 12.76879 0.06989
0.17610 12.75389 0.06898
0.17660 12.74108 0.06859
0.17711 12.74399 0.06896
0.17762 12.56689 0.06916
0.17812 12.70047 0.06861
0.17863 12.58897 0.06771
0.17914 12.57083 0.06909
0.17964 12.55563 0.07023
0.18015 12.53546 0.07088
0.18066 12.53787 0.07183
0.18116 12.65168 0.07228
0.18167 12.59523 0.07127
0.18218 12.52979 0.07163
0.18268 12.56169 0.07106
0.18319 12.53816 0.07068
0.18370 12.60313 0.07235
0.18420 12.50794 0.07098
0.18471 12.46995 0.07190
0.18522 12.47088 0.07295
0.18572 12.42102 0.07270
0.18623 12.41663 0.07133
0.18674 12.53382 0.07342
0.18724 12.44022 0.07489
0.18775 12.51155 0.07357
0.18826 12.33749 0.07185
0.18876 12.40070 0.07458
0.18927 12.32954 0.07254
0.18978 12.38274 0.07397
0.19028 12.38707 0.07516
0.19079 12.32355 0.07221
0.19130 12.17709 0.07418
0.19180 12.39622 0.07338
0.19231 12.29652 0.07465
0.19282 12.16060 0.07237
0.19332 12.32448 0.07410
0.19383 12.19021 0.07174
0.19434 12.22471 0.07110
0.19484 12.18575 0.07212
0.19535 12.23615 0.07497
0.19586 12.23253 0.07283
0.19636 12.25813 0.07543
0.19687 12.14047 0.07358
0.19738 12.18374 0.07541
0.19788 12.09224 0.07255
0.19839 12.27340 0.07366
0.19890 12.19443 0.07282
0.19940 12.15343 0.07579
0.19991 12.09103 0.07298
0.20042 12.13569 0.07241
0.20092 11.99833 0.07410
0.20143 12.16430 0.07417
0.20194 12.04737 0.07429
0.20244 12.22266 0.07466
0.20295 12.05244 0.07372
0.20346 12.00784 0.07534
0.20396 12.02588 0.07654
0.20447 11.92757 0.07368
0.20498 12.10203 0.07587
0.20548 12.01419 0.07260
0.20599 11.85834 0.07397
0.20650 11.87044 0.07524
0.20700 11.99024 0.07278
0.20751 11.98447 0.07320
0.20802 12.07394 0.07322
0.20852 11.93211 0.07024
0.20903 11.85026 0.07415
0.20954 11.90338 0.07168
0.21004 11.90055 0.07558
0.21055 11.92666 0.07257
0.21106 11.99474 0.07321
0.21156 11.95084 0.07434
0.21207 11.87073 0.07291
0.21258 11.79438 0.07415
0.21308 11.78919 0.07376
0.21359 11.69114 0.07333
0.21410 11.78381 0.07347
0.21460 11.88094 0.07334
0.21511 11.68118 0.07381
0.21562 11.73968 0.07217
0.21612 11.74978 0.07463
0.21663 11.73693 0.07261
0.21714 11.65737 0.07311
0.21764 11.70162 0.07137
0.21815 11.63887 0.07051
0.21866 11.74723 0.07412
0.21916 11.79706 0.07478
0.21967 11.67451 0.07036
0.22018 11.75931 0.07311
0.22068 11.61285 0.07026
0.22119 11.66666 0.07376
0.22170 11.60488 0.07387
0.22220 11.52231 0.07052
0.22271 11.47916 0.07092
0.22322 11.57935 0.07231
0.22372 11.53053 0.07152
0.22423 11.65182 0.07192
0.22474 11.40122 0.07237
0.22524 11.55532 0.06944
0.22575 11.54199 0.07202
0.22626 11.54281 0.07233
0.22676 11.57016 0.07311
0.22727 11.49534 0.06921
0.22778 11.42769 0.07052
0.22828 11.46308 0.07068
0.22879 11.53316 0.07006
0.22930 11.52416 0.06969
0.22980 11.54009 0.07041
0.23031 11.45288 0.06932
0.23082 11.24641 0.06875
0.23132 11.30821 0.06849
0.23183 11.31951 0.06754
0.23234 11.32176 0.06783
0.23284 11.40001 0.06575
0.23335 11.35506 0.06628
0.23386 11.22677 0.06828
0.23436 11.35246 0.06720
0.23487 11.29184 0.06542
0.23538 11.29013 0.06668
0.23588 11.32725 0.06732
0.23639 11.21402 0.06691
0.23690 11.22225 0.06402
0.23740 11.13710 0.06487
0.23791 11.22655 0.06591
0.23842 11.19137 0.06434
0.23892 11.16225 0.06213
0.23943 11.14800 0.06463
0.23994 11.07210 0.06475
0.24044 11.21952 0.06420
0.24095 11.19145 0.06561
0.24145 11.27808 0.06365
0.24196 11.17819 0.06276
0.24247 11.15294 0.06449
0.24297 11.00770 0.06281
0.24348 11.17691 0.06438
0.24399 11.07074 0.06455
0.24449 11.04235 0.06579
0.24500 11.22985 0.06251
0.24551 11.04998 0.06324
0.24601 11.02775 0.06272
0.24652 11.14936 0.06421
0.24703 10.99398 0.06346
0.24753 10.96919 0.06226
0.24804 11.06758 0.06196
0.24855 10.92711 0.06201
0.24905 10.97462 0.06115
0.24956 11.02416 0.06201
0.25007 10.98371 0.06180
0.25057 10.98119 0.06191
0.25108 10.99835 0.06184
0.25159 10.87912 0.06123
0.25209 10.94818 0.06108
0.25260 11.03927 0.06112
0.25311 10.89696 0.06244
0.25361 10.88161 0.06109
0.25412 10.86341 0.05950
0.25463 10.93221 0.06164
0.25513 10.87915 0.05983
0.25564 10.92519 0.06113
0.25615 10.90008 0.06061
0.25665 10.81197 0.05990
0.25716 10.85902 0.05958
0.25767 10.99202 0.06043
0.25817 10.83093 0.05932
0.25868 10.94021 0.05889
0.25919 10.75741 0.05845
0.25969 10.82127 0.05855
0.26020 10.83214 0.06052
0.26071 10.85920 0.05825
0.26121 10.84376 0.05960
0.26172 10.81701 0.05889
0.26223 10.79640 0.05808
0.26273 10.86131 0.05972
0.26324 10.72237 0.05873
0.26375 10.84057 0.05933
0.26425 10.69099 0.05818
0.26476 10.73854 0.05625
0.26527 10.86049 0.05840
0.26577 10.79447 0.05780
0.26628 10.71911 0.05788
0.26679 10.70114 0.05813
0.26729 10.61785 0.05819
0.26780 10.64411 0.05758
0.26831 10.57130 0.05822
0.26881 10.67362 0.05680
0.26932 10.72132 0.05761
0.26983 10.61216 0.05687
0.27033 10.62519 0.05685
0.27084 10.57706 0.05697
0.27134 10.55722 0.05660
0.27185 10.55257 0.05699
0.27236 10.63180 0.05702
0.27286 10.51069 0.05610
0.27337 10.47519 0.05619
0.27388 10.55033 0.05633
0.27438 10.55789 0.05687
0.27489 10.51967 0.05529
0.27540 10.43614 0.05724
0.27590 10.43452 0.05542
0.27641 10.45565 0.05534
0.27692 10.48070 0.05583
0.27742 10.47990 0.05510
0.27793 10.49610 0.05543
0.27844 10.47031 0.05426
0.27894 10.54196 0.05604
0.27945 10.45587 0.05517
0.27996 10.33948 0.05624
0.28046 10.39634 0.05515
0.28097 10.50632 0.05365
0.28148 10.40158 0.05504
0.28198 10.42666 0.05510
0.28249 10.30787 0.05540
0.28300 10.39731 0.05364
0.28350 10.44346 0.05365
0.28401 10.39696 0.05370
0.28452 10.35739 0.05310
0.28502 10.45912 0.05383
0.28553 10.31969 0.05511
0.28604 10.36627 0.05351
0.28654 10.33665 0.05335
0.28705 10.26154 0.05464
0.28756 10.24104 0.05477
0.28806 10.26858 0.05401
0.28857 10.17716 0.05343
0.28908 10.31559 0.05374
0.28958 10.23086 0.05366
0.29009 10.33194 0.05433
0.29059 10.20671 0.05494
0.29110 10.37863 0.05532
0.29161 10.18565 0.05392
0.29211 10.24305 0.05318
0.29262 10.25319 0.05481
0.29313 10.26225 0.05414
0.29363 10.23243 0.05486
0.29414 10.23301 0.05443
0.29465 10.17922 0.05540
0.29515 10.09791 0.05398
0.29566 10.23348 0.05309
0.29617 10.19706 0.05525
0.29667 10.17245 0.05474
0.29718 10.15294 0.05532
0.29769 10.21130 0.05412
0.29819 10.12504 0.05423
0.29870 10.13515 0.05405
0.29921 10.05561 0.05426
0.29971 10.08814 0.05469
0.30022 10.08015 0.05393
0.30073 10.06902 0.05452
0.30123 10.07235 0.05436
0.30174 10.04463 0.05457
0.30225 9.98927 0.05292
0.30275 10.09233 0.05421
0.30326 10.08932 0.05410
0.30377 10.00526 0.05342
0.30427 10.02477 0.05338
0.30478 10.06246 0.05349
0.30529 9.93074 0.05308
0.30579 9.92887 0.05154
0.30630 9.97377 0.05389
0.30680 10.02296 0.05451
0.30731 9.87025 0.05315
0.30782 9.89846 0.05278
0.30832 9.85166 0.05293
0.30883 10.04972 0.05266
0.30934 9.79752 0.05315
0.30984 9.98398 0.05324
0.31035 9.97123 0.05460
0.31086 9.88836 0.05542
0.31136 9.78476 0.05371
0.31187 9.83265 0.05440
0.31238 9.88480 0.05419
0.31288 9.91756 0.05488
0.31339 9.78485 0.05643
0.31390 9.88073 0.05531
0.31440 9.85528 0.05710
0.31491 9.82655 0.05594
0.31542 9.88613 0.05622
0.31592 9.90279 0.05584
0.31643 9.91877 0.05591
0.31694 9.92119 0.05681
0.31744 9.72885 0.05812
0.31795 9.80235 0.05896
0.31845 9.88287 0.05821
0.31896 9.76370 0.05806
0.31947 9.69542 0.05677
0.31997 9.71767 0.05618
0.32048 9.80399 0.05752
0.32099 9.83207 0.05600
0.32149 9.65300 0.05586
0.32200 9.62970 0.05637
0.32251 9.63693 0.05779
0.32301 9.73353 0.05838
0.32352 9.72753 0.05691
0.32403 9.62055 0.05614
0.32453 9.69410 0.05824
0.32504 9.69020 0.05773
0.32555 9.68553 0.05675
0.32605 9.73597 0.05813
0.32656 9.61383 0.05690
0.32707 9.66087 0.05869
0.32757 9.69168 0.05741
0.32808 9.72012 0.05683
0.32859 9.67729 0.05796
0.32909 9.73408 0.05752
0.32960 9.70950 0.05881
0.33010 9.66525 0.05745
0.33061 9.70952 0.05902
0.33112 9.57365 0.05780
0.33162 9.60964 0.05962
0.33213 9.59738 0.05853
0.33264 9.60624 0.05801
0.33314 9.63230 0.05870
0.33365 9.57305 0.05805
0.33416 9.64667 0.05969
0.33466 9.59018 0.05629
0.33517 9.66097 0.05840
0.33568 9.61874 0.05708
0.33618 9.56847 0.05744
0.33669 9.58981 0.05682
0.33720 9.57559 0.05870
0.33770 9.56549 0.05870
0.33821 9.64334 0.05939
0.33872 9.63820 0.05845
0.33922 9.50897 0.05876
0.33973 9.46114 0.05850
0.34023 9.48734 0.05862
0.34074 9.47857 0.06049
0.34125 9.48294 0.05759
0.34175 9.56645 0.05855
0.34226 9.52546 0.05920
0.34277 9.58077 0.05868
0.34327 9.65134 0.05855
0.34378 9.57420 0.05908
0.34429 9.50845 0.05878
0.34479 9.67498 0.05831
0.34530 9.55502 0.05891
0.34581 9.51352 0.05851
0.34631 9.53344 0.06063
0.34682 9.62090 0.06007
0.34733 9.49045 0.05856
0.34783 9.53242 0.05804
0.34834 9.45162 0.06009
0.34884 9.49150 0.05928
0.34935 9.48268 0.06006
0.34986 9.49340 0.05999
0.35036 9.40725 0.05926
0.35087 9.35672 0.05863
0.35138 9.35584 0.05772
0.35188 9.42955 0.05984
0.35239 9.48450 0.05935
0.35290 9.44092 0.05771
0.35340 9.48195 0.05765
0.35391 9.43899 0.05823
0.35442 9.31475 0.05731
0.35492 9.41072 0.05628
0.35543 9.32220 0.05649
0.35594 9.32748 0.05523
0.35644 9.28954 0.05648
0.35695 9.31182 0.05656
0.35745 9.28158 0.05526
0.35796 9.30701 0.05694
0.35847 9.28897 0.05560
0.35897 9.29643 0.05729
0.35948 9.24815 0.05614
0.35999 9.21669 0.05689
0.36049 9.41197 0.05783
0.36100 9.37286 0.05636
0.36151 9.29137 0.05675
0.36201 9.22940 0.05579
0.36252 9.33400 0.05637
0.36303 9.27527 0.05675
0.36353 9.20027 0.05580
0.36404 9.33447 0.05851
0.36455 9.24722 0.05709
0.36505 9.24437 0.05875
0.36556 9.21272 0.05760
0.36606 9.17812 0.05712
0.36657 9.32421 0.05836
0.36708 9.32248 0.05707
0.36758 9.15403 0.05989
0.36809 9.22937 0.05937
0.36860 9.16396 0.05967
0.36910 9.13822 0.06150
0.36961 9.18324 0.06115
0.37012 9.07515 0.06038
0.37062 9.14204 0.06066
0.37113 9.02799 0.05932
0.37164 9.13714 0.05922
0.37214 9.13882 0.06069
0.37265 9.17468 0.06059
0.37315 9.15519 0.06015
0.37366 9.19988 0.06088
0.37417 9.03250 0.06070
0.37467 9.15855 0.06247
0.37518 9.14429 0.06173
0.37569 9.18424 0.06380
0.37619 9.11153 0.06240
0.37670 9.02748 0.06379
0.37721 9.11105 0.06371
0.37771 9.07391 0.06359
0.37822 9.04452 0.06202
0.37873 9.08208 0.06305
0.37923 9.17234 0.06564
0.37974 9.19799 0.06605
0.38024 9.11178 0.06467
0.38075 9.01277 0.06431
0.38126 9.04921 0.06535
0.38176 8.96875 0.06290
0.38227 9.12880 0.06445
0.38278 9.03855 0.06732
0.38328 9.08320 0.06676
0.38379 8.92838 0.06451
0.38430 8.94514 0.06683
0.38480 9.04807 0.06725
0.38531 9.09895 0.06685
0.38582 8.99920 0.06462
0.38632 9.06725 0.06783
0.38683 8.97050 0.06621
0.38733 8.97340 0.06974
0.38784 9.01617 0.06814
0.38835 8.97633 0.06867
0.38885 8.84844 0.06830
0.38936 9.06894 0.07074
0.38987 8.91261 0.06905
0.39037 9.05741 0.06560
0.39088 8.95970 0.06736
0.39139 8.96240 0.07043
0.39189 8.85212 0.07027
0.39240 8.90895 0.07383
0.39290 9.14904 0.07312
0.39341 8.91467 0.07105
0.39392 8.94714 0.08279
0.39442 9.01429 0.06955
0.39493 8.92714 0.07311
0.39544 8.92027 0.07339
0.39594 8.89865 0.07148
0.39645 8.92078 0.07472
0.39696 8.89552 0.07628
0.39746 8.88083 0.07473
0.39797 8.76224 0.07263
0.39847 8.86725 0.07490
0.39898 8.94460 0.07564
0.39949 8.78561 0.07417
0.39999 8.95954 0.07576
0.40050 8.91074 0.07700
0.40101 8.93043 0.07455
0.40151 8.83834 0.07599
0.40202 8.96284 0.07674
0.40253 8.74723 0.07720
0.40303 8.95572 0.07752
0.40354 8.91219 0.07821
0.40405 8.89097 0.08067
0.40455 8.79474 0.07770
0.40506 8.74019 0.07955
0.40556 8.91161 0.07778
0.40607 8.80674 0.08023
0.40658 8.82790 0.08061
0.40708 8.92379 0.07834
0.40759 8.67890 0.07841
0.40810 8.85295 0.07974
0.40860 8.86579 0.08106
0.40911 8.67767 0.07808
0.40962 8.65265 0.07953
0.41012 8.70856 0.08017
0.41063 8.79326 0.08105
0.41113 8.72894 0.08099
0.41164 8.72229 0.08328
0.41215 8.73554 0.07908
0.41265 8.64836 0.08065
0.41316 8.73514 0.08018
0.41367 8.68842 0.08017
0.41417 8.73798 0.08068
0.41468 8.60324 0.08264
0.41518 8.61774 0.08405
0.41569 8.73643 0.08295
0.41620 8.67279 0.08132
0.41670 8.78094 0.08366
0.41721 8.79110 0.08259
0.41772 8.66221 0.08046
0.41822 8.70661 0.08374
0.41873 8.55210 0.08405
0.41924 8.72566 0.08420
0.41974 8.74246 0.08594
0.42025 8.72734 0.08389
0.42075 8.72377 0.08296
0.42126 8.72708 0.08454
0.42177 8.62055 0.08652
0.42227 8.61707 0.08508
0.42278 8.64688 0.08613
0.42329 8.69117 0.08768
0.42379 8.69325 0.08833
0.42430 8.60050 0.08794
0.42481 8.64610 0.08864
0.42531 8.65832 0.09138
0.42582 8.82707 0.08868
0.42632 8.65662 0.09547
0.42683 8.52166 0.09275
0.42734 8.68159 0.09252
0.42784 8.57715 0.09476
0.42835 8.56357 0.09491
0.42886 8.57509 0.09581
0.42936 8.55596 0.09337
0.42987 8.54612 0.09261
0.43037 8.57837 0.09819
0.43088 8.47111 0.09699
0.43139 8.55054 0.09965
0.43189 8.52912 0.10352
0.43240 8.54458 0.10063
0.43291 8.51715 0.09476
0.43341 8.69244 0.10399
0.43392 8.57359 0.09953
0.43443 8.67201 0.10681
0.43493 8.57046 0.10390
0.43544 8.53544 0.10186
0.43594 8.54530 0.10486
0.43645 8.65081 0.11227
0.43696 8.57625 0.10181
0.43746 8.51820 0.10786
0.43797 8.31929 0.10737
0.43848 8.63242 0.10711
0.43898 8.58736 0.11072
0.43949 8.42696 0.10710
0.43999 8.72724 0.11184
