0.01140 1640.46248 62.21545
0.01191 1152.63399 51.36994
0.01242 773.91355 53.15754
0.01292 470.10294 38.18980
0.01343 332.07087 26.89557
0.01394 254.54239 19.42655
0.01444 216.65795 16.25201
0.01495 175.74566 13.15129
0.01546 138.70125 8.49001
0.01596 128.08351 7.93844
0.01647 115.21459 6.41035
0.01698 100.37332 4.65999
0.01748 85.98442 4.06623
0.01799 79.09949 3.34682
0.01850 73.08016 2.87544
0.01900 65.46099 2.22182
0.01951 62.68090 1.97792
0.02002 56.38879 1.66791
0.02052 52.71399 1.40154
0.02103 50.66360 1.21895
0.02154 46.64185 0.94995
0.02204 44.52305 0.86002
0.02255 42.74830 0.69943
0.02306 40.35819 0.65690
0.02356 39.00083 0.57798
0.02407 36.86362 0.49001
0.02458 36.00083 0.51010
0.02509 34.51511 0.42531
0.02559 33.77495 0.40153
0.02610 32.49693 0.37657
0.02661 31.16918 0.34186
0.02711 30.41422 0.31324
0.02762 29.40696 0.29443
0.02813 28.61498 0.27624
0.02863 28.35477 0.25932
0.02914 27.49977 0.24456
0.02965 26.19061 0.24335
0.03015 26.00300 0.22456
0.03066 25.69207 0.22100
0.03117 25.16588 0.22302
0.03167 24.46653 0.21991
0.03218 24.00894 0.20696
0.03269 24.43401 0.20878
0.03319 23.43849 0.21405
0.03370 23.64897 0.20904
0.03421 22.95983 0.20244
0.03471 22.95387 0.19916
0.03522 22.26412 0.19722
0.03573 22.41011 0.19400
0.03623 21.95581 0.18843
0.03674 22.14897 0.19181
0.03725 21.35960 0.18891
0.03775 21.37554 0.18883
0.03826 20.98969 0.19042
0.03877 21.06842 0.18375
0.03927 20.95944 0.18644
0.03978 20.58484 0.18197
0.04029 20.11063 0.17907
0.04080 19.96595 0.17327
0.04130 20.55591 0.17667
0.04181 19.87065 0.17558
0.04232 19.59373 0.17116
0.04282 19.75910 0.16976
0.04333 19.39487 0.16518
0.04384 19.19076 0.16945
0.04434 19.03459 0.16452
0.04485 19.15375 0.16208
0.04536 18.64757 0.16381
0.04586 18.84398 0.15886
0.04637 18.86743 0.16106
0.04688 18.49441 0.14304
0.04738 18.94738 0.15934
0.04789 18.36773 0.15306
0.04840 18.56974 0.14609
0.04890 18.42065 0.14664
0.04941 18.35271 0.14606
0.04992 18.07500 0.14532
0.05042 18.23593 0.14509
0.05093 17.95919 0.14407
0.05144 17.93461 0.14527
0.05194 18.01791 0.13891
0.05245 17.83967 0.14179
0.05296 18.00309 0.13754
0.05346 17.80400 0.14699
0.05397 17.84035 0.13722
0.05448 17.58294 0.14164
0.05498 17.68674 0.13270
0.05549 17.56166 0.13787
0.05600 17.52156 0.13086
0.05650 17.25826 0.13338
0.05701 17.32678 0.12749
0.05752 17.49440 0.13165
0.05803 17.16564 0.12769
0.05853 17.22291 0.13084
0.05904 17.03542 0.13077
0.05955 17.23096 0.12907
0.06005 17.41020 0.13051
0.06056 16.99063 0.12833
0.06107 16.98288 0.12766
0.06157 16.87328 0.12013
0.06208 16.92136 0.12754
0.06259 17.08727 0.13010
0.06309 16.63577 0.12625
0.06360 16.83142 0.12673
0.06411 16.78714 0.12350
0.06461 16.66997 0.11896
0.06512 16.76612 0.12108
0.06563 16.81852 0.12418
0.06613 16.63877 0.11717
0.06664 16.60232 0.11886
0.06715 16.39072 0.11992
0.06765 16.39663 0.11731
0.06816 16.64938 0.12236
0.06867 16.42396 0.11723
0.06917 16.24297 0.11600
0.06968 16.34511 0.11173
0.07019 16.58754 0.11805
0.07069 16.68726 0.11523
0.07120 16.19794 0.11552
0.07171 16.41931 0.11503
0.07221 16.30132 0.11637
0.07272 16.26867 0.11243
0.07323 16.35500 0.11201
0.07373 16.26950 0.11436
0.07424 16.35038 0.10960
0.07475 16.19941 0.11163
0.07526 16.32992 0.11494
0.07576 16.08898 0.11056
0.07627 16.21902 0.10966
0.07678 15.94161 0.10976
0.07728 16.17445 0.10857
0.07779 16.07644 0.10705
0.07830 16.08304 0.10375
0.07880 15.85714 0.10893
0.07931 15.95584 0.10902
0.07982 16.08440 0.10785
0.08032 15.81539 0.10463
0.08083 15.96741 0.10806
0.08134 15.96880 0.11250
0.08184 15.85289 0.10683
0.08235 15.87907 0.10792
0.08286 15.75991 0.11144
0.08336 15.81262 0.10567
0.08387 15.70389 0.10712
0.08438 15.99676 0.10956
0.08488 15.77262 0.11304
0.08539 15.70543 0.10967
0.08590 15.73686 0.10921
0.08640 15.73676 0.10906
0.08691 15.80048 0.11012
0.08742 15.50768 0.11298
0.08792 15.49317 0.10943
0.08843 15.58073 0.10888
0.08894 15.62259 0.10903
0.08944 15.52949 0.10950
0.08995 15.61011 0.10660
0.09046 15.61195 0.10732
0.09096 15.53369 0.10898
0.09147 15.37706 0.11450
0.09198 15.47075 0.10876
0.09248 15.38726 0.11067
0.09299 15.36803 0.11700
0.09350 15.45856 0.11160
0.09401 15.28011 0.10870
0.09451 15.31929 0.11051
0.09502 15.32032 0.10783
0.09553 15.26976 0.11245
0.09603 15.31733 0.10848
0.09654 15.37434 0.10497
0.09705 15.25019 0.10660
0.09755 15.36650 0.10699
0.09806 15.43224 0.10416
0.09857 15.24537 0.11172
0.09907 15.08882 0.10872
0.09958 15.06452 0.10778
0.10009 14.90231 0.10322
0.10059 15.21530 0.10625
0.10110 15.17107 0.10734
0.10161 14.97560 0.10378
0.10211 14.96165 0.10598
0.10262 14.91460 0.10312
0.10313 14.78705 0.10156
0.10363 15.07656 0.10224
0.10414 15.06004 0.10644
0.10465 15.06592 0.10660
0.10515 14.96576 0.10217
0.10566 14.96689 0.10498
0.10617 15.00584 0.10759
0.10667 14.98424 0.10281
0.10718 14.86681 0.09935
0.10769 14.76167 0.10205
0.10819 14.91902 0.10177
0.10870 14.79866 0.10294
0.10921 14.69344 0.09683
0.10971 14.80028 0.09633
0.11022 14.89958 0.09395
0.11073 14.62106 0.09624
0.11123 14.74917 0.09718
0.11174 14.64345 0.09204
0.11225 14.70458 0.09891
0.11275 14.68108 0.09691
0.11326 14.79320 0.09596
0.11377 14.61848 0.09490
0.11428 14.59890 0.09437
0.11478 14.49261 0.09540
0.11529 14.67146 0.09400
0.11580 14.58929 0.09144
0.11630 14.44551 0.09134
0.11681 14.60356 0.09058
0.11732 14.46531 0.09052
0.11782 14.45789 0.09338
0.11833 14.58591 0.08910
0.11884 14.51383 0.08998
0.11934 14.40468 0.09023
0.11985 14.46657 0.08836
0.12036 14.40964 0.08913
0.12086 14.39824 0.09101
0.12137 14.37050 0.08840
0.12188 14.27492 0.08900
0.12238 14.35032 0.08928
0.12289 14.30589 0.08883
0.12340 14.35469 0.08592
0.12390 14.25412 0.08803
0.12441 14.44686 0.08566
0.12492 14.28947 0.08756
0.12542 14.27513 0.08616
0.12593 14.35782 0.08631
0.12644 14.16072 0.08603
0.12694 14.23750 0.08729
0.12745 14.39302 0.08501
0.12796 14.18608 0.08744
0.12846 14.21968 0.08345
0.12897 13.98953 0.08374
0.12948 14.26402 0.08451
0.12998 14.11577 0.08440
0.13049 14.09964 0.08219
0.13100 14.15493 0.08215
0.13150 14.12718 0.08210
0.13201 14.22837 0.07839
0.13252 14.05100 0.08079
0.13302 14.07370 0.07944
0.13353 14.06597 0.08048
0.13404 14.06604 0.08150
0.13454 14.11729 0.08091
0.13505 13.93384 0.08250
0.13556 13.94187 0.08274
0.13606 13.98606 0.07946
0.13657 14.06795 0.07789
0.13708 13.87250 0.07712
0.13758 14.03901 0.08002
0.13809 13.91490 0.07666
0.13860 14.18076 0.07766
0.13911 13.97141 0.07515
0.13961 13.87032 0.07783
0.14012 13.92054 0.07891
0.14063 13.77731 0.08115
0.14113 13.71006 0.07787
0.14164 13.88811 0.07787
0.14215 13.87046 0.07845
0.14265 13.72218 0.07735
0.14316 13.84151 0.07625
0.14367 13.72106 0.07694
0.14417 13.70764 0.07639
0.14468 13.70234 0.07647
0.14519 13.68974 0.07719
0.14569 13.74250 0.07517
0.14620 13.63035 0.07509
0.14671 13.75045 0.07620
0.14721 13.59399 0.07485
0.14772 13.55727 0.07552
0.14823 13.61898 0.07485
0.14873 13.56572 0.07482
0.14924 13.55235 0.07407
0.14975 13.43352 0.07411
0.15025 13.33163 0.07376
0.15076 13.65261 0.07382
0.15127 13.58121 0.07404
0.15177 13.53353 0.07292
0.15228 13.45682 0.07451
0.15279 13.43867 0.07294
0.15329 13.31001 0.07416
0.15380 13.34252 0.07317
0.15431 13.45384 0.07238
0.15481 13.35700 0.07144
0.15532 13.34094 0.07214
0.15583 13.31652 0.07180
0.15633 13.37761 0.07195
0.15684 13.35038 0.07003
0.15735 13.25758 0.07102
0.15785 13.18213 0.06880
0.15836 13.25634 0.07077
0.15887 13.28081 0.07271
0.15937 13.08146 0.07041
0.15988 13.12379 0.06980
0.16039 13.18905 0.07119
0.16089 13.23129 0.07133
0.16140 13.06969 0.07068
0.16191 13.05651 0.07014
0.16241 13.07718 0.06879
0.16292 13.12676 0.06995
0.16343 13.04486 0.06966
0.16393 13.16046 0.06961
0.16444 12.95804 0.06973
0.16495 13.03771 0.06880
0.16545 13.04619 0.06773
0.16596 13.06569 0.06934
0.16647 12.98026 0.06797
0.16697 13.07196 0.06829
0.16748 12.92797 0.06805
0.16799 12.97997 0.06651
0.16849 12.95026 0.06845
0.16900 12.85946 0.06890
0.16951 12.85864 0.06753
0.17001 12.85835 0.06978
0.17052 12.86299 0.06733
0.17103 12.83638 0.06752
0.17153 12.86375 0.06857
0.17204 12.79022 0.06977
0.17255 12.88266 0.06958
0.17305 12.75176 0.06757
0.17356 12.77865 0.06848
0.17407 12.73315 0.06752
0.17457 12.86689 0.06905
0.17508 12.78386 0.06966
0.17559 12.77524 0.06964
0.17610 12.67953 0.06817
0.17660 12.54873 0.06914
0.17711 12.61619 0.06837
0.17762 12.76211 0.06924
0.17812 12.67186 0.06856
0.17863 12.61093 0.06880
0.17914 12.54912 0.07009
0.17964 12.64215 0.06940
0.18015 12.58706 0.06860
0.18066 12.63671 0.07176
0.18116 12.54535 0.07218
0.18167 12.61681 0.07289
0.18218 12.53019 0.07051
0.18268 12.55181 0.06993
0.18319 12.46929 0.07136
0.18370 12.50371 0.07171
0.18420 12.45627 0.06953
0.18471 12.42459 0.06967
0.18522 12.39246 0.07024
0.18572 12.51930 0.07303
0.18623 12.48232 0.07239
0.18674 12.47271 0.07250
0.18724 12.53791 0.07493
0.18775 12.34594 0.07325
0.18826 12.44866 0.07219
0.18876 12.42108 0.07516
0.18927 12.42673 0.07362
0.18978 12.34286 0.07305
0.19028 12.36393 0.07252
0.19079 12.29017 0.07346
0.19130 12.34590 0.07324
0.19180 12.47668 0.07253
0.19231 12.30141 0.07241
0.19282 12.39388 0.07284
0.19332 12.48960 0.07309
0.19383 12.22439 0.07333
0.19434 12.37008 0.07461
0.19484 12.33541 0.07520
0.19535 12.20096 0.07263
0.19586 12.28675 0.07451
0.19636 12.35212 0.07598
0.19687 12.16651 0.07730
0.19738 12.26833 0.07328
0.19788 12.06410 0.07393
0.19839 12.24163 0.07445
0.19890 12.17912 0.07459
0.19940 12.11971 0.07352
0.19991 12.15707 0.07460
0.20042 12.06470 0.07369
0.20092 12.06486 0.07175
0.20143 12.14464 0.07564
0.20194 12.13880 0.07375
0.20244 11.89875 0.07356
0.20295 12.01285 0.07430
0.20346 12.07578 0.07380
0.20396 12.08782 0.07606
0.20447 11.99872 0.07543
0.20498 12.12195 0.07538
0.20548 12.02752 0.07351
0.20599 12.04155 0.07448
0.20650 12.15915 0.07616
0.20700 12.02837 0.07268
0.20751 12.00760 0.07277
0.20802 11.94884 0.07163
0.20852 12.01800 0.07355
0.20903 11.99522 0.07328
0.20954 11.98809 0.07384
0.21004 12.06665 0.07567
0.21055 11.89734 0.07418
0.21106 11.83747 0.07290
0.21156 11.92889 0.07416
0.21207 11.88524 0.07353
0.21258 11.86683 0.07363
0.21308 11.88722 0.07407
0.21359 11.67088 0.07209
0.21410 11.81421 0.07125
0.21460 11.96367 0.07467
0.21511 11.61402 0.07146
0.21562 11.83415 0.07404
0.21612 11.71772 0.07435
0.21663 11.62266 0.07397
0.21714 11.77891 0.07352
0.21764 11.71275 0.07406
0.21815 11.70330 0.07238
0.21866 11.64592 0.07365
0.21916 11.80539 0.07446
0.21967 11.64103 0.07496
0.22018 11.52555 0.06990
0.22068 11.73687 0.07248
0.22119 11.71169 0.07088
0.22170 11.53648 0.07112
0.22220 11.86181 0.07296
0.22271 11.62542 0.07105
0.22322 11.56995 0.07266
0.22372 11.48656 0.07332
0.22423 11.39140 0.07116
0.22474 11.37943 0.07222
0.22524 11.57880 0.07001
0.22575 11.58559 0.07186
0.22626 11.42643 0.06858
0.22676 11.54260 0.06981
0.22727 11.46947 0.06821
0.22778 11.48428 0.06863
0.22828 11.50211 0.07141
0.22879 11.47053 0.07022
0.22930 11.26946 0.06866
0.22980 11.44968 0.06900
0.23031 11.47462 0.06879
0.23082 11.31540 0.06879
0.23132 11.34534 0.06748
0.23183 11.40353 0.06819
0.23234 11.53897 0.06904
0.23284 11.29891 0.06797
0.23335 11.39102 0.06597
0.23386 11.35270 0.06693
0.23436 11.33960 0.06595
0.23487 11.30343 0.06647
0.23538 11.27935 0.06565
0.23588 11.30101 0.06591
0.23639 11.22862 0.06515
0.23690 11.36824 0.06675
0.23740 11.26261 0.06522
0.23791 11.25473 0.06544
0.23842 11.25279 0.06535
0.23892 11.21683 0.06441
0.23943 11.23376 0.06629
0.23994 11.22911 0.06642
0.24044 11.25025 0.06351
0.24095 11.15422 0.06519
0.24145 11.19068 0.06450
0.24196 11.32564 0.06537
0.24247 11.17315 0.06320
0.24297 11.14682 0.06429
0.24348 11.13239 0.06306
0.24399 11.19790 0.06410
0.24449 11.21474 0.06217
0.24500 11.15113 0.06471
0.24551 11.02023 0.06297
0.24601 10.95794 0.06153
0.24652 11.13408 0.06418
0.24703 11.05243 0.06273
0.24753 11.11148 0.06377
0.24804 11.02128 0.06209
0.24855 11.00386 0.06292
0.24905 10.99446 0.06200
0.24956 10.98682 0.06103
0.25007 10.99225 0.06231
0.25057 10.91194 0.06162
0.25108 11.09557 0.06192
0.25159 11.01618 0.05990
0.25209 10.96017 0.06216
0.25260 10.94127 0.06167
0.25311 10.94209 0.06179
0.25361 10.88473 0.05978
0.25412 10.81783 0.06196
0.25463 10.91970 0.06282
0.25513 11.04509 0.06228
0.25564 10.94032 0.06088
0.25615 11.07718 0.06147
0.25665 10.94614 0.06070
0.25716 10.99880 0.06156
0.25767 10.92532 0.05995
0.25817 10.84813 0.05848
0.25868 10.79087 0.05908
0.25919 10.86038 0.05891
0.25969 10.90118 0.05903
0.26020 10.91193 0.05881
0.26071 10.78837 0.05823
0.26121 10.89817 0.06047
0.26172 10.80807 0.05818
0.26223 10.72957 0.05820
0.26273 10.72775 0.05719
0.26324 10.69948 0.05810
0.26375 10.77652 0.05891
0.26425 10.75374 0.05935
0.26476 10.66566 0.05897
0.26527 10.82663 0.05752
0.26577 10.72815 0.05716
0.26628 10.81996 0.05892
0.26679 10.67747 0.05744
0.26729 10.63280 0.05643
0.26780 10.70205 0.05595
0.26831 10.55640 0.05736
0.26881 10.59907 0.05590
0.26932 10.70112 0.05739
0.26983 10.72917 0.05882
0.27033 10.55044 0.05615
0.27084 10.57830 0.05726
0.27134 10.57530 0.05632
0.27185 10.57739 0.05684
0.27236 10.58585 0.05657
0.27286 10.58078 0.05675
0.27337 10.61486 0.05675
0.27388 10.54173 0.05723
0.27438 10.57616 0.05679
0.27489 10.59539 0.05658
0.27540 10.56052 0.05708
0.27590 10.53129 0.05614
0.27641 10.53840 0.05720
0.27692 10.53830 0.05439
0.27742 10.48795 0.05603
0.27793 10.42089 0.05481
0.27844 10.54710 0.05538
0.27894 10.45375 0.05541
0.27945 10.51244 0.05479
0.27996 10.43991 0.05598
0.28046 10.44231 0.05476
0.28097 10.48168 0.05574
0.28148 10.44040 0.05495
0.28198 10.45091 0.05572
0.28249 10.37010 0.05454
0.28300 10.44418 0.05528
0.28350 10.48699 0.05589
0.28401 10.41234 0.05437
0.28452 10.32975 0.05409
0.28502 10.40161 0.05422
0.28553 10.44347 0.05362
0.28604 10.38870 0.05510
0.28654 10.31082 0.05521
0.28705 10.35143 0.05308
0.28756 10.32104 0.05488
0.28806 10.20263 0.05403
0.28857 10.28444 0.05504
0.28908 10.28146 0.05439
0.28958 10.16313 0.05331
0.29009 10.29144 0.05384
0.29059 10.26583 0.05500
0.29110 10.19648 0.05526
0.29161 10.25257 0.05377
0.29211 10.20813 0.05438
0.29262 10.22315 0.05474
0.29313 10.26165 0.05543
0.29363 10.26368 0.05480
0.29414 10.13231 0.05541
0.29465 10.23876 0.05598
0.29515 10.19147 0.05522
0.29566 10.22025 0.05530
0.29617 10.16229 0.05481
0.29667 10.10919 0.05478
0.29718 10.12977 0.05491
0.29769 10.12337 0.05489
0.29819 10.13961 0.05496
0.29870 10.10864 0.05476
0.29921 10.08107 0.05439
0.29971 9.99138 0.05368
0.30022 9.99159 0.05354
0.30073 10.04117 0.05431
0.30123 10.05519 0.05424
0.30174 10.06969 0.05391
0.30225 10.09907 0.05410
0.30275 10.14160 0.05364
0.30326 10.12304 0.05417
0.30377 9.99415 0.05406
0.30427 9.99053 0.05202
0.30478 10.05751 0.05273
0.30529 9.95094 0.05224
0.30579 10.02672 0.05424
0.30630 9.90954 0.05260
0.30680 9.97891 0.05403
0.30731 9.94355 0.05219
0.30782 10.01963 0.05336
0.30832 9.94280 0.05386
0.30883 9.91859 0.05312
0.30934 9.87611 0.05253
0.30984 9.93640 0.05259
0.31035 9.85036 0.05361
0.31086 9.91852 0.05497
0.31136 9.92056 0.05438
0.31187 9.93575 0.05546
0.31238 9.84597 0.05583
0.31288 9.94244 0.05669
0.31339 9.94044 0.05620
0.31390 9.89879 0.05680
0.31440 9.78406 0.05618
0.31491 9.87408 0.05554
0.31542 9.81537 0.05779
0.31592 9.88854 0.05602
0.31643 9.81755 0.05619
0.31694 9.76760 0.05670
0.31744 9.74988 0.05669
0.31795 9.70930 0.05745
0.31845 9.78736 0.05637
0.31896 9.82510 0.05871
0.31947 9.84051 0.05751
0.31997 9.71387 0.05684
0.32048 9.86000 0.05961
0.32099 9.68667 0.05769
0.32149 9.67020 0.05549
0.32200 9.70918 0.05595
0.32251 9.72201 0.05626
0.32301 9.71373 0.05574
0.32352 9.78390 0.05772
0.32403 9.67353 0.05751
0.32453 9.60821 0.05683
0.32504 9.72051 0.05634
0.32555 9.73951 0.05555
0.32605 9.78153 0.05707
0.32656 9.67323 0.05717
0.32707 9.70134 0.05617
0.32757 9.77983 0.05759
0.32808 9.74239 0.05725
0.32859 9.75984 0.05757
0.32909 9.62927 0.05765
0.32960 9.85251 0.05816
0.33010 9.70763 0.05733
0.33061 9.66880 0.05752
0.33112 9.52773 0.05780
0.33162 9.60465 0.05864
0.33213 9.64449 0.05687
0.33264 9.65601 0.05797
0.33314 9.68650 0.05819
0.33365 9.70556 0.05873
0.33416 9.59841 0.05882
0.33466 9.66785 0.05757
0.33517 9.67329 0.05864
0.33568 9.62090 0.05760
0.33618 9.57062 0.05845
0.33669 9.64071 0.05855
0.33720 9.59187 0.05899
0.33770 9.49037 0.05838
0.33821 9.52191 0.05965
0.33872 9.58614 0.05940
0.33922 9.51263 0.05780
0.33973 9.56840 0.05712
0.34023 9.55353 0.05849
0.34074 9.49289 0.05721
0.34125 9.47744 0.05724
0.34175 9.56052 0.05807
0.34226 9.58174 0.05968
0.34277 9.66516 0.05938
0.34327 9.55630 0.05722
0.34378 9.46707 0.05864
0.34429 9.48754 0.05766
0.34479 9.51937 0.05924
0.34530 9.54980 0.05765
0.34581 9.51577 0.05942
0.34631 9.39120 0.05928
0.34682 9.48102 0.05918
0.34733 9.46934 0.05908
0.34783 9.46614 0.05986
0.34834 9.55350 0.05824
0.34884 9.51624 0.05810
0.34935 9.58072 0.05913
0.34986 9.46312 0.05866
0.35036 9.41483 0.05828
0.35087 9.37868 0.06030
0.35138 9.45693 0.06063
0.35188 9.33161 0.05951
0.35239 9.44334 0.05930
0.35290 9.37398 0.05998
0.35340 9.42524 0.05845
0.35391 9.43239 0.05763
0.35442 9.36440 0.05777
0.35492 9.40372 0.05669
0.35543 9.38279 0.05682
0.35594 9.40872 0.05713
0.35644 9.28714 0.05555
0.35695 9.31390 0.05588
0.35745 9.31138 0.05690
0.35796 9.27140 0.05662
0.35847 9.30169 0.05676
0.35897 9.30383 0.05741
0.35948 9.23520 0.05661
0.35999 9.35420 0.05823
0.36049 9.26551 0.05614
0.36100 9.37076 0.05799
0.36151 9.28828 0.05719
0.36201 9.26238 0.05580
0.36252 9.37135 0.05705
0.36303 9.12665 0.05698
0.36353 9.27489 0.05658
0.36404 9.33807 0.05846
0.36455 9.28819 0.05818
0.36505 9.17597 0.05793
0.36556 9.30838 0.05793
0.36606 9.23068 0.05774
0.36657 9.20155 0.05723
0.36708 9.22047 0.05803
0.36758 9.34347 0.05987
0.36809 9.16717 0.06037
0.36860 9.16552 0.06159
0.36910 9.19426 0.06104
0.36961 9.11695 0.06034
0.37012 9.24959 0.06206
0.37062 9.08069 0.06086
0.37113 9.15274 0.05982
0.37164 9.23158 0.05994
0.37214 9.09455 0.06041
0.37265 9.25345 0.06042
0.37315 9.14392 0.05966
0.37366 9.15288 0.06131
0.37417 9.10888 0.06083
0.37467 9.19523 0.06253
0.37518 9.12508 0.06189
0.37569 9.12289 0.06167
0.37619 9.14286 0.06233
0.37670 9.13424 0.06193
0.37721 9.21527 0.06399
0.37771 9.04970 0.06275
0.37822 9.16712 0.06368
0.37873 9.09411 0.06228
0.37923 9.03515 0.06274
0.37974 9.12046 0.06388
0.38024 9.05357 0.06228
0.38075 9.09006 0.06474
0.38126 8.99509 0.06506
0.38176 9.09694 0.06505
0.38227 9.00053 0.06465
0.38278 9.03424 0.06639
0.38328 9.04726 0.06489
0.38379 9.01603 0.06522
0.38430 9.09676 0.06446
0.38480 9.04160 0.06776
0.38531 9.05369 0.06705
0.38582 9.08521 0.06761
0.38632 9.06725 0.06677
0.38683 9.00923 0.06752
0.38733 8.99167 0.06654
0.38784 9.00043 0.07128
0.38835 8.88598 0.06544
0.38885 8.90846 0.06793
0.38936 9.10561 0.06750
0.38987 8.94482 0.06999
0.39037 8.95938 0.07287
0.39088 9.00007 0.06948
0.39139 9.12174 0.07235
0.39189 8.97626 0.06980
0.39240 8.98897 0.06823
0.39290 9.08259 0.07070
0.39341 8.96628 0.07196
0.39392 8.81345 0.07025
0.39442 8.96853 0.07287
0.39493 8.85732 0.07254
0.39544 9.03392 0.07343
0.39594 9.05694 0.07453
0.39645 9.00714 0.07411
0.39696 8.93674 0.07410
0.39746 8.81454 0.07430
0.39797 8.87140 0.07507
0.39847 8.92230 0.07434
0.39898 8.78597 0.07647
0.39949 8.82416 0.07475
0.39999 8.87144 0.07611
0.40050 8.84927 0.07681
0.40101 8.98879 0.07748
0.40151 8.76782 0.07787
0.40202 8.80595 0.07813
0.40253 9.00333 0.07838
0.40303 8.87863 0.07634
0.40354 8.85628 0.07954
0.40405 8.86347 0.07604
0.40455 8.85884 0.07773
0.40506 8.79694 0.07719
0.40556 8.85498 0.07754
0.40607 8.67531 0.07935
0.40658 8.75554 0.07815
0.40708 8.71318 0.08226
0.40759 8.64313 0.07963
0.40810 8.88722 0.08342
0.40860 8.84859 0.08120
0.40911 8.91583 0.07881
0.40962 8.87866 0.07879
0.41012 8.82467 0.08133
0.41063 8.70257 0.08054
0.41113 8.73797 0.07827
0.41164 8.70259 0.08207
0.41215 8.71211 0.08060
0.41265 8.84954 0.08303
0.41316 8.68340 0.07792
0.41367 8.71061 0.08203
0.41417 8.64477 0.08147
0.41468 8.81688 0.08404
0.41518 8.67820 0.08100
0.41569 8.75680 0.08365
0.41620 8.76275 0.08436
0.41670 8.75388 0.08150
0.41721 8.80232 0.08339
0.41772 8.76968 0.08405
0.41822 8.54261 0.08152
0.41873 8.64647 0.08435
0.41924 8.71330 0.08434
0.41974 8.77636 0.08670
0.42025 8.77159 0.08404
0.42075 8.60805 0.08512
0.42126 8.73651 0.08571
0.42177 8.64177 0.08558
0.42227 8.72649 0.08637
0.42278 8.61028 0.08820
0.42329 8.64883 0.09242
0.42379 8.61063 0.08609
0.42430 8.51074 0.08531
0.42481 8.70857 0.08734
0.42531 8.60729 0.08987
0.42582 8.58160 0.08905
0.42632 8.75626 0.09598
0.42683 8.76106 0.09413
0.42734 8.63563 0.09353
0.42784 8.61894 0.09137
0.42835 8.54701 0.09001
0.42886 8.62018 0.09557
0.42936 8.69302 0.09503
0.42987 8.64444 0.09266
0.43037 8.70414 0.09399
0.43088 8.63880 0.09139
0.43139 8.84367 0.10118
0.43189 8.75988 0.10223
0.43240 8.78469 0.10366
0.43291 8.66490 0.09863
0.43341 8.61021 0.09984
0.43392 8.66284 0.09694
0.43443 8.66825 0.10573
0.43493 8.29778 0.09767
0.43544 8.59447 0.10375
0.43594 8.43278 0.10307
0.43645 8.45675 0.10361
0.43696 8.67175 0.10544
0.43746 8.48792 0.10808
0.43797 8.52220 0.10681
0.43848 8.71947 0.10671
0.43898 8.48981 0.11181
0.43949 8.37354 0.11212
0.43999 8.63330 0.11250
