0.01140 1535.21954 63.04828
0.01191 1071.05217 51.97022
0.01242 703.18587 52.49122
0.01292 417.36511 38.87059
0.01343 280.31562 26.33148
0.01394 206.03753 19.37420
0.01444 175.67325 15.94704
0.01495 139.28799 12.80538
0.01546 106.88763 8.34133
0.01596 100.88704 7.89628
0.01647 87.54968 6.38533
0.01698 73.40080 4.57893
0.01748 66.30846 3.84046
0.01799 60.89237 3.32411
0.01850 56.81847 2.74031
0.01900 50.00540 2.26009
0.01951 48.83699 1.87298
0.02002 44.97064 1.67868
0.02052 41.67405 1.31942
0.02103 40.51249 1.20679
0.02154 38.48597 0.95162
0.02204 37.22209 0.82700
0.02255 35.52257 0.69453
0.02306 34.14495 0.60893
0.02356 33.06179 0.56084
0.02407 32.18059 0.45829
0.02458 31.43730 0.46103
0.02509 30.54931 0.40818
0.02559 30.40684 0.38309
0.02610 30.17311 0.35092
0.02661 28.91284 0.30042
0.02711 28.65341 0.30261
0.02762 27.96091 0.26361
0.02813 27.06670 0.24102
0.02863 26.88897 0.24596
0.02914 26.79729 0.23725
0.02965 25.61247 0.24469
0.03015 25.45277 0.22995
0.03066 25.31625 0.22540
0.03117 24.74113 0.22541
0.03167 24.27826 0.22621
0.03218 24.11673 0.21520
0.03269 24.10584 0.20775
0.03319 23.89945 0.22125
0.03370 24.00105 0.21581
0.03421 23.62840 0.20781
0.03471 23.40036 0.20054
0.03522 23.29660 0.19695
0.03573 22.88400 0.20774
0.03623 22.69104 0.18897
0.03674 22.67422 0.20234
0.03725 22.42163 0.19422
0.03775 22.46329 0.19172
0.03826 22.13425 0.18280
0.03877 21.55004 0.19062
0.03927 21.61865 0.18784
0.03978 21.78151 0.18135
0.04029 21.75292 0.18543
0.04080 21.43148 0.16433
0.04130 21.49618 0.18366
0.04181 21.29659 0.17740
0.04232 20.87094 0.16961
0.04282 20.99854 0.17043
0.04333 20.81684 0.16138
0.04384 20.96088 0.17359
0.04434 20.80682 0.17159
0.04485 20.74270 0.16655
0.04536 20.53523 0.16463
0.04586 20.36480 0.16527
0.04637 20.20486 0.15755
0.04688 20.16686 0.16174
0.04738 20.32217 0.16090
0.04789 19.89309 0.15905
0.04840 20.01171 0.14947
0.04890 19.86343 0.15836
0.04941 20.00065 0.16016
0.04992 19.71740 0.15450
0.05042 19.63729 0.14733
0.05093 19.62800 0.15590
0.05144 19.60224 0.14975
0.05194 19.41095 0.14554
0.05245 19.44934 0.14949
0.05296 19.05457 0.14009
0.05346 19.27218 0.14358
0.05397 19.10917 0.14425
0.05448 19.24056 0.14799
0.05498 19.22937 0.14296
0.05549 18.91289 0.13702
0.05600 18.84569 0.14103
0.05650 18.71735 0.14753
0.05701 18.93012 0.13486
0.05752 18.67950 0.13667
0.05803 18.73728 0.13107
0.05853 18.36913 0.13775
0.05904 18.59085 0.13519
0.05955 18.36908 0.13176
0.06005 18.37544 0.12831
0.06056 18.51685 0.13472
0.06107 18.12492 0.13563
0.06157 18.16166 0.13294
0.06208 18.07032 0.13281
0.06259 18.17782 0.12931
0.06309 17.93052 0.13029
0.06360 18.06962 0.13763
0.06411 17.91335 0.13208
0.06461 17.98539 0.13033
0.06512 17.96305 0.12881
0.06563 18.05721 0.12830
0.06613 17.70872 0.12393
0.06664 17.95690 0.12414
0.06715 17.49645 0.12351
0.06765 17.57715 0.12278
0.06816 17.79816 0.12486
0.06867 17.71543 0.12047
0.06917 17.44131 0.11835
0.06968 17.41944 0.12178
0.07019 17.40550 0.11317
0.07069 17.32940 0.12006
0.07120 17.30372 0.11645
0.07171 17.25322 0.12072
0.07221 17.25471 0.11561
0.07272 17.07281 0.11802
0.07323 17.06886 0.11027
0.07373 17.04171 0.11708
0.07424 17.17272 0.11252
0.07475 16.99030 0.11405
0.07526 16.96020 0.11206
0.07576 16.72965 0.11462
0.07627 16.69858 0.11165
0.07678 16.87138 0.11411
0.07728 16.68974 0.11013
0.07779 16.74351 0.11243
0.07830 16.72295 0.11053
0.07880 16.83367 0.10829
0.07931 16.53322 0.10792
0.07982 16.57220 0.10580
0.08032 16.52210 0.10818
0.08083 16.55290 0.11070
0.08134 16.41862 0.10860
0.08184 16.42979 0.11161
0.08235 16.46504 0.11070
0.08286 16.57463 0.11092
0.08336 16.36029 0.11237
0.08387 16.52557 0.10950
0.08438 16.22865 0.11190
0.08488 16.41931 0.10951
0.08539 16.09832 0.10999
0.08590 15.87493 0.10918
0.08640 15.97707 0.10658
0.08691 16.24343 0.10955
0.08742 16.10523 0.11156
0.08792 15.92220 0.10951
0.08843 15.95747 0.10744
0.08894 15.85674 0.10781
0.08944 16.14015 0.10932
0.08995 15.84137 0.10955
0.09046 15.65385 0.10804
0.09096 15.69801 0.11328
0.09147 15.68708 0.10690
0.09198 15.60642 0.10966
0.09248 15.67950 0.11469
0.09299 15.67633 0.11576
0.09350 15.75050 0.11739
0.09401 15.42453 0.11154
0.09451 15.80038 0.11169
0.09502 15.56056 0.10948
0.09553 15.64282 0.11269
0.09603 15.58766 0.10504
0.09654 15.26094 0.10852
0.09705 15.29162 0.10832
0.09755 15.32253 0.10751
0.09806 15.17334 0.10897
0.09857 15.41901 0.11108
0.09907 15.34194 0.10825
0.09958 15.24607 0.10605
0.10009 15.29974 0.10774
0.10059 15.23639 0.10677
0.10110 14.95041 0.10751
0.10161 15.22941 0.10681
0.10211 15.12732 0.10533
0.10262 14.91740 0.10127
0.10313 14.97253 0.10393
0.10363 15.04612 0.10170
0.10414 15.06520 0.10255
0.10465 14.84931 0.10538
0.10515 14.87112 0.10603
0.10566 15.11101 0.10860
0.10617 14.93637 0.10252
0.10667 14.85700 0.09897
0.10718 14.76139 0.09921
0.10769 14.86238 0.09874
0.10819 14.84464 0.10083
0.10870 14.77738 0.09509
0.10921 14.73515 0.09465
0.10971 14.59225 0.09647
0.11022 14.65407 0.09603
0.11073 14.67830 0.09665
0.11123 14.69036 0.09738
0.11174 14.62476 0.09547
0.11225 14.53990 0.09380
0.11275 14.50315 0.09491
0.11326 14.51057 0.09483
0.11377 14.59030 0.09392
0.11428 14.38546 0.09596
0.11478 14.48610 0.08960
0.11529 14.40042 0.09385
0.11580 14.41693 0.09182
0.11630 14.33234 0.08989
0.11681 14.35791 0.09336
0.11732 14.29788 0.09187
0.11782 14.29898 0.08754
0.11833 14.17786 0.09159
0.11884 14.18612 0.08867
0.11934 14.32055 0.09064
0.11985 14.18987 0.08782
0.12036 14.42624 0.08875
0.12086 14.19702 0.08914
0.12137 14.29669 0.08856
0.12188 14.16926 0.08719
0.12238 14.20251 0.08913
0.12289 14.16164 0.08792
0.12340 14.18678 0.08846
0.12390 14.01469 0.08292
0.12441 13.96630 0.08757
0.12492 13.88617 0.08375
0.12542 13.96785 0.08692
0.12593 14.05924 0.08441
0.12644 14.06712 0.08567
0.12694 13.95080 0.08423
0.12745 13.99510 0.08343
0.12796 13.99507 0.08592
0.12846 14.12844 0.08311
0.12897 13.90007 0.08269
0.12948 14.01111 0.08218
0.12998 13.97631 0.08307
0.13049 13.74496 0.08008
0.13100 13.93701 0.08205
0.13150 13.97971 0.08044
0.13201 13.90411 0.08014
0.13252 13.93724 0.08347
0.13302 13.79172 0.08151
0.13353 13.75195 0.08019
0.13404 13.80073 0.08144
0.13454 13.79540 0.07811
0.13505 13.72862 0.08021
0.13556 13.82337 0.07832
0.13606 13.78896 0.07991
0.13657 13.73850 0.08078
0.13708 13.65445 0.07868
0.13758 13.69858 0.07772
0.13809 13.82034 0.07969
0.13860 13.70193 0.07781
0.13911 13.77677 0.07640
0.13961 13.58349 0.07653
0.14012 13.72257 0.07696
0.14063 13.68012 0.07501
0.14113 13.57432 0.07846
0.14164 13.60129 0.07599
0.14215 13.57580 0.07616
0.14265 13.53631 0.07459
0.14316 13.41851 0.07578
0.14367 13.48171 0.07588
0.14417 13.31026 0.07525
0.14468 13.32865 0.07413
0.14519 13.43073 0.07433
0.14569 13.24790 0.07355
0.14620 13.24142 0.07534
0.14671 13.24366 0.07444
0.14721 13.19611 0.07481
0.14772 13.20733 0.07494
0.14823 13.23481 0.07379
0.14873 13.02574 0.07416
0.14924 13.07468 0.07291
0.14975 12.91198 0.07206
0.15025 12.90151 0.07104
0.15076 12.92164 0.07418
0.15127 12.96867 0.07255
0.15177 12.92863 0.07284
0.15228 12.97456 0.07246
0.15279 12.79511 0.07086
0.15329 12.88570 0.07334
0.15380 12.67538 0.07070
0.15431 12.62322 0.07177
0.15481 12.73236 0.06936
0.15532 12.67669 0.06983
0.15583 12.59976 0.07106
0.15633 12.69903 0.06950
0.15684 12.67838 0.06993
0.15735 12.70586 0.07007
0.15785 12.49732 0.06778
0.15836 12.54770 0.07057
0.15887 12.48514 0.06904
0.15937 12.45449 0.06979
0.15988 12.38419 0.06941
0.16039 12.49435 0.06855
0.16089 12.36715 0.06788
0.16140 12.60144 0.06852
0.16191 12.42505 0.06758
0.16241 12.49234 0.06864
0.16292 12.34530 0.06778
0.16343 12.33144 0.06633
0.16393 12.22598 0.06691
0.16444 12.24211 0.06705
0.16495 12.35301 0.06617
0.16545 12.16386 0.06609
0.16596 12.13256 0.06838
0.16647 12.20690 0.06756
0.16697 12.20157 0.06767
0.16748 12.24995 0.06698
0.16799 12.25062 0.06690
0.16849 12.15111 0.06804
0.16900 12.18349 0.06680
0.16951 12.05407 0.06459
0.17001 12.07782 0.06470
0.17052 11.88211 0.06463
0.17103 11.88119 0.06484
0.17153 12.02234 0.06699
0.17204 11.99238 0.06504
0.17255 11.88983 0.06662
0.17305 11.95942 0.06368
0.17356 12.01743 0.06601
0.17407 11.98236 0.06622
0.17457 11.84437 0.06579
0.17508 11.98336 0.06577
0.17559 11.93882 0.06544
0.17610 11.94845 0.06769
0.17660 11.78653 0.06616
0.17711 11.86566 0.06748
0.17762 11.85184 0.06761
0.17812 11.80951 0.06668
0.17863 11.90317 0.06589
0.17914 11.85990 0.06710
0.17964 11.72586 0.06673
0.18015 11.78826 0.06708
0.18066 11.91718 0.06977
0.18116 11.71001 0.06897
0.18167 11.79836 0.06784
0.18218 11.73691 0.06878
0.18268 11.68468 0.06784
0.18319 11.76574 0.06829
0.18370 11.67171 0.06980
0.18420 11.75748 0.06947
0.18471 11.55305 0.06931
0.18522 11.62217 0.07028
0.18572 11.65216 0.06888
0.18623 11.54495 0.06919
0.18674 11.58846 0.06959
0.18724 11.46253 0.06993
0.18775 11.63975 0.07214
0.18826 11.71837 0.07010
0.18876 11.51376 0.07061
0.18927 11.50777 0.06991
0.18978 11.46198 0.07146
0.19028 11.58778 0.07018
0.19079 11.59797 0.07026
0.19130 11.49394 0.07010
0.19180 11.49552 0.06986
0.19231 11.41426 0.07205
0.19282 11.44193 0.06911
0.19332 11.44754 0.07066
0.19383 11.30106 0.07178
0.19434 11.42631 0.07248
0.19484 11.39190 0.06940
0.19535 11.38353 0.07115
0.19586 11.39863 0.07047
0.19636 11.34928 0.07208
0.19687 11.35041 0.07215
0.19738 11.53235 0.07112
0.19788 11.29946 0.07227
0.19839 11.38668 0.07129
0.19890 11.36615 0.07012
0.19940 11.21978 0.07207
0.19991 11.15281 0.07060
0.20042 11.25199 0.07158
0.20092 11.29067 0.06991
0.20143 11.26146 0.07024
0.20194 11.33104 0.07276
0.20244 11.22152 0.07230
0.20295 11.28929 0.07231
0.20346 11.20775 0.07221
0.20396 11.13196 0.07000
0.20447 11.24842 0.07182
0.20498 11.17866 0.07211
0.20548 11.20570 0.07141
0.20599 11.25041 0.07177
0.20650 11.10040 0.07175
0.20700 11.22480 0.07086
0.20751 11.24096 0.07175
0.20802 11.05743 0.07147
0.20852 11.14950 0.07268
0.20903 11.13895 0.07095
0.20954 11.13266 0.06964
0.21004 11.19568 0.07153
0.21055 10.99011 0.07141
0.21106 11.05954 0.07066
0.21156 11.11162 0.06909
0.21207 11.08618 0.07304
0.21258 11.00671 0.07122
0.21308 11.02736 0.07207
0.21359 10.86268 0.07050
0.21410 11.08696 0.07011
0.21460 10.79688 0.07053
0.21511 11.03184 0.07095
0.21562 11.01475 0.06932
0.21612 10.91533 0.07356
0.21663 11.04509 0.07073
0.21714 10.83552 0.07056
0.21764 10.95441 0.07035
0.21815 10.98585 0.06951
0.21866 10.87827 0.07020
0.21916 10.80583 0.06957
0.21967 10.86606 0.06952
0.22018 10.89841 0.06960
0.22068 10.83233 0.06892
0.22119 10.78769 0.06925
0.22170 10.77916 0.07020
0.22220 10.76807 0.06981
0.22271 10.77152 0.06960
0.22322 10.65169 0.06645
0.22372 10.74137 0.06866
0.22423 10.74786 0.06902
0.22474 10.65770 0.06868
0.22524 10.71077 0.06924
0.22575 10.69392 0.06914
0.22626 10.73420 0.06685
0.22676 10.78906 0.06839
0.22727 10.77277 0.06747
0.22778 10.73543 0.06610
0.22828 10.68420 0.06665
0.22879 10.59484 0.06831
0.22930 10.70398 0.06684
0.22980 10.70636 0.06487
0.23031 10.64463 0.06610
0.23082 10.58474 0.06578
0.23132 10.53118 0.06434
0.23183 10.59313 0.06444
0.23234 10.53193 0.06594
0.23284 10.53271 0.06429
0.23335 10.58892 0.06234
0.23386 10.53315 0.06462
0.23436 10.50033 0.06444
0.23487 10.58990 0.06427
0.23538 10.59154 0.06513
0.23588 10.62971 0.06335
0.23639 10.56997 0.06444
0.23690 10.54054 0.06417
0.23740 10.51381 0.06289
0.23791 10.52098 0.06222
0.23842 10.53653 0.06471
0.23892 10.39384 0.06263
0.23943 10.36729 0.06316
0.23994 10.41860 0.06402
0.24044 10.43931 0.06395
0.24095 10.48707 0.06184
0.24145 10.35148 0.06351
0.24196 10.37515 0.06251
0.24247 10.26049 0.06225
0.24297 10.30871 0.05989
0.24348 10.40544 0.05938
0.24399 10.40129 0.06184
0.24449 10.34385 0.06230
0.24500 10.49161 0.06372
0.24551 10.40841 0.06211
0.24601 10.30575 0.06118
0.24652 10.34529 0.06192
0.24703 10.24330 0.06237
0.24753 10.26521 0.06115
0.24804 10.19469 0.05942
0.24855 10.28765 0.05993
0.24905 10.31344 0.06099
0.24956 10.35456 0.06099
0.25007 10.37890 0.06006
0.25057 10.31861 0.06002
0.25108 10.17194 0.05934
0.25159 10.32450 0.06037
0.25209 10.16941 0.05861
0.25260 10.20995 0.05892
0.25311 10.21809 0.06042
0.25361 10.17547 0.05733
0.25412 10.24402 0.05952
0.25463 10.07702 0.05936
0.25513 10.24568 0.05918
0.25564 10.19666 0.05976
0.25615 10.04374 0.05770
0.25665 10.09784 0.05890
0.25716 10.14416 0.05810
0.25767 10.01768 0.05710
0.25817 10.07890 0.05650
0.25868 10.17371 0.05684
0.25919 10.08486 0.05742
0.25969 10.07975 0.05691
0.26020 10.07773 0.05747
0.26071 10.03076 0.05684
0.26121 10.06640 0.05649
0.26172 9.99521 0.05615
0.26223 10.11138 0.05776
0.26273 10.08580 0.05652
0.26324 10.09760 0.05711
0.26375 10.00856 0.05541
0.26425 10.07164 0.05660
0.26476 9.96706 0.05694
0.26527 10.03224 0.05523
0.26577 9.98426 0.05647
0.26628 10.01956 0.05572
0.26679 10.00661 0.05606
0.26729 10.00809 0.05600
0.26780 10.16915 0.05610
0.26831 9.92148 0.05605
0.26881 9.91207 0.05474
0.26932 9.93068 0.05610
0.26983 10.04986 0.05618
0.27033 9.93005 0.05445
0.27084 9.97933 0.05495
0.27134 9.95014 0.05506
0.27185 9.89567 0.05339
0.27236 9.82813 0.05414
0.27286 9.99380 0.05454
0.27337 9.80884 0.05330
0.27388 9.83330 0.05493
0.27438 9.84263 0.05397
0.27489 9.89678 0.05348
0.27540 9.84799 0.05462
0.27590 9.75472 0.05459
0.27641 9.84262 0.05409
0.27692 9.86220 0.05349
0.27742 9.84184 0.05285
0.27793 9.68232 0.05376
0.27844 9.77803 0.05401
0.27894 9.77970 0.05317
0.27945 9.83243 0.05385
0.27996 9.68968 0.05468
0.28046 9.78477 0.05293
0.28097 9.75349 0.05373
0.28148 9.72357 0.05388
0.28198 9.72993 0.05415
0.28249 9.71312 0.05326
0.28300 9.84372 0.05201
0.28350 9.70977 0.05293
0.28401 9.71460 0.05222
0.28452 9.67392 0.05291
0.28502 9.76011 0.05356
0.28553 9.66102 0.05155
0.28604 9.74491 0.05203
0.28654 9.66423 0.05247
0.28705 9.73170 0.05256
0.28756 9.69722 0.05302
0.28806 9.70116 0.05066
0.28857 9.66109 0.05312
0.28908 9.64656 0.05145
0.28958 9.67636 0.05299
0.29009 9.52287 0.05242
0.29059 9.57181 0.05297
0.29110 9.68207 0.05268
0.29161 9.54244 0.05261
0.29211 9.64261 0.05306
0.29262 9.60056 0.05339
0.29313 9.52941 0.05232
0.29363 9.58326 0.05272
0.29414 9.61048 0.05369
0.29465 9.67933 0.05355
0.29515 9.59039 0.05382
0.29566 9.45657 0.05304
0.29617 9.56071 0.05271
0.29667 9.51274 0.05147
0.29718 9.47240 0.05205
0.29769 9.48839 0.05228
0.29819 9.50274 0.05323
0.29870 9.53646 0.05218
0.29921 9.52871 0.05304
0.29971 9.41914 0.05215
0.30022 9.32891 0.05214
0.30073 9.46489 0.05258
0.30123 9.49691 0.05245
0.30174 9.42593 0.05299
0.30225 9.42225 0.05165
0.30275 9.36795 0.05249
0.30326 9.52984 0.05281
0.30377 9.42948 0.05131
0.30427 9.33655 0.05128
0.30478 9.38969 0.05051
0.30529 9.42359 0.05139
0.30579 9.38976 0.05144
0.30630 9.34462 0.05168
0.30680 9.38255 0.05224
0.30731 9.30552 0.05133
0.30782 9.31389 0.05167
0.30832 9.38802 0.05094
0.30883 9.28717 0.04974
0.30934 9.24658 0.05058
0.30984 9.38784 0.05251
0.31035 9.19415 0.05185
0.31086 9.22040 0.05301
0.31136 9.28643 0.05280
0.31187 9.23344 0.05346
0.31238 9.27654 0.05422
0.31288 9.28323 0.05593
0.31339 9.35495 0.05416
0.31390 9.22870 0.05519
0.31440 9.32183 0.05542
0.31491 9.32232 0.05380
0.31542 9.25825 0.05615
0.31592 9.19930 0.05601
0.31643 9.29972 0.05292
0.31694 9.26446 0.05540
0.31744 9.18159 0.05637
0.31795 9.18117 0.05501
0.31845 9.28471 0.05635
0.31896 9.21859 0.05652
0.31947 9.24299 0.05474
0.31997 9.20378 0.05512
0.32048 9.11748 0.05605
0.32099 9.21676 0.05662
0.32149 9.21210 0.05569
0.32200 9.27173 0.05728
0.32251 9.24437 0.05615
0.32301 9.13935 0.05898
0.32352 9.24069 0.05514
0.32403 9.07911 0.05462
0.32453 9.18046 0.05483
0.32504 9.11159 0.05460
0.32555 9.10492 0.05508
0.32605 9.18505 0.05515
0.32656 9.13046 0.05523
0.32707 9.12472 0.05494
0.32757 9.12546 0.05539
0.32808 9.13208 0.05604
0.32859 9.19285 0.05582
0.32909 9.17108 0.05586
0.32960 9.09520 0.05455
0.33010 9.21969 0.05755
0.33061 9.11527 0.05719
0.33112 9.17272 0.05677
0.33162 9.10660 0.05475
0.33213 9.09292 0.05636
0.33264 9.06479 0.05726
0.33314 9.19008 0.05724
0.33365 9.13571 0.05528
0.33416 9.12787 0.05623
0.33466 9.16173 0.05704
0.33517 9.08978 0.05676
0.33568 9.08704 0.05538
0.33618 9.03896 0.05637
0.33669 9.02416 0.05680
0.33720 9.06307 0.05621
0.33770 8.99831 0.05743
0.33821 9.15942 0.05629
0.33872 9.01389 0.05639
0.33922 8.96389 0.05676
0.33973 9.07164 0.05804
0.34023 9.08647 0.05757
0.34074 9.11459 0.05793
0.34125 9.00160 0.05592
0.34175 9.10289 0.05704
0.34226 9.10929 0.05714
0.34277 9.08253 0.05656
0.34327 8.98158 0.05614
0.34378 8.96217 0.05621
0.34429 9.05768 0.05707
0.34479 8.96895 0.05670
0.34530 9.04448 0.05655
0.34581 8.95482 0.05716
0.34631 9.08953 0.05687
0.34682 8.83897 0.05580
0.34733 8.93684 0.05677
0.34783 8.90692 0.05766
0.34834 8.90968 0.05785
0.34884 8.99137 0.05681
0.34935 9.05469 0.05706
0.34986 9.00421 0.05785
0.35036 9.05752 0.05720
0.35087 9.01559 0.05799
0.35138 9.05561 0.06017
0.35188 8.99642 0.05787
0.35239 8.89995 0.05834
0.35290 8.88606 0.05763
0.35340 8.82791 0.05701
0.35391 8.95828 0.05513
0.35442 8.94901 0.05492
0.35492 8.89583 0.05438
0.35543 8.87947 0.05469
0.35594 8.82637 0.05387
0.35644 8.83700 0.05313
0.35695 8.94024 0.05584
0.35745 8.89585 0.05416
0.35796 8.92794 0.05670
0.35847 8.92887 0.05469
0.35897 8.83602 0.05547
0.35948 8.78380 0.05361
0.35999 8.89916 0.05627
0.36049 8.83003 0.05507
0.36100 8.84070 0.05596
0.36151 8.81879 0.05380
0.36201 8.84246 0.05574
0.36252 8.80766 0.05564
0.36303 8.83866 0.05541
0.36353 8.70143 0.05508
0.36404 8.88605 0.05598
0.36455 8.82603 0.05508
0.36505 8.81653 0.05492
0.36556 8.80888 0.05701
0.36606 8.83902 0.05747
0.36657 8.80004 0.05566
0.36708 8.77667 0.05608
0.36758 8.70893 0.05766
0.36809 8.72542 0.05832
0.36860 8.77603 0.05891
0.36910 8.69204 0.05890
0.36961 8.57524 0.05937
0.37012 8.70195 0.05946
0.37062 8.73841 0.06025
0.37113 8.63220 0.05860
0.37164 8.72613 0.05997
0.37214 8.73633 0.05859
0.37265 8.72760 0.06021
0.37315 8.72170 0.05847
0.37366 8.63462 0.05872
0.37417 8.76955 0.05873
0.37467 8.73043 0.06039
0.37518 8.74744 0.06021
0.37569 8.57256 0.05979
0.37619 8.65877 0.06087
0.37670 8.70421 0.06142
0.37721 8.55725 0.05959
0.37771 8.67811 0.06046
0.37822 8.64972 0.05985
0.37873 8.57905 0.06119
0.37923 8.74809 0.06156
0.37974 8.58823 0.06217
0.38024 8.67129 0.06278
0.38075 8.57388 0.06265
0.38126 8.64590 0.06434
0.38176 8.50832 0.06418
0.38227 8.66894 0.06423
0.38278 8.72073 0.06334
0.38328 8.61020 0.06489
0.38379 8.56923 0.06531
0.38430 8.60533 0.06408
0.38480 8.63451 0.06541
0.38531 8.61667 0.06543
0.38582 8.56459 0.06607
0.38632 8.59137 0.06421
0.38683 8.71129 0.06585
0.38733 8.51562 0.06689
0.38784 8.61812 0.06654
0.38835 8.67430 0.06532
0.38885 8.49474 0.06627
0.38936 8.51015 0.06769
0.38987 8.52454 0.06870
0.39037 8.47913 0.06719
0.39088 8.71304 0.06799
0.39139 8.63193 0.07089
0.39189 8.73525 0.06661
0.39240 8.47110 0.06989
0.39290 8.68561 0.06861
0.39341 8.53950 0.06864
0.39392 8.61961 0.07270
0.39442 8.57394 0.06918
0.39493 8.46526 0.06889
0.39544 8.52035 0.07041
0.39594 8.52325 0.06922
0.39645 8.55929 0.07343
0.39696 8.59636 0.07483
0.39746 8.52272 0.06943
0.39797 8.43926 0.07386
0.39847 8.51982 0.07169
0.39898 8.39228 0.07267
0.39949 8.45303 0.07059
0.39999 8.47000 0.07360
0.40050 8.35282 0.07509
0.40101 8.40448 0.07570
0.40151 8.48709 0.07263
0.40202 8.39195 0.07294
0.40253 8.43653 0.07475
0.40303 8.47512 0.07475
0.40354 8.38636 0.07560
0.40405 8.51649 0.07569
0.40455 8.42366 0.07598
0.40506 8.54983 0.07970
0.40556 8.49155 0.08009
0.40607 8.35000 0.07758
0.40658 8.33454 0.07691
0.40708 8.30084 0.07848
0.40759 8.39060 0.07944
0.40810 8.30239 0.07657
0.40860 8.40216 0.07718
0.40911 8.43427 0.08078
0.40962 8.36401 0.07969
0.41012 8.41149 0.08019
0.41063 8.37310 0.07927
0.41113 8.42101 0.07793
0.41164 8.36831 0.07858
0.41215 8.34407 0.08059
0.41265 8.47702 0.08093
0.41316 8.34708 0.07744
0.41367 8.18661 0.07907
0.41417 8.38610 0.08079
0.41468 8.38883 0.07753
0.41518 8.33582 0.07848
0.41569 8.37369 0.07904
0.41620 8.23263 0.08386
0.41670 8.42040 0.08158
0.41721 8.24681 0.08163
0.41772 8.25900 0.08224
0.41822 8.37862 0.08125
0.41873 8.38963 0.08221
0.41924 8.16537 0.08044
0.41974 8.21274 0.08264
0.42025 8.27064 0.08323
0.42075 8.45174 0.08489
0.42126 8.32739 0.08699
0.42177 8.44993 0.08810
0.42227 8.23546 0.08503
0.42278 8.14696 0.08450
0.42329 8.32942 0.08619
0.42379 8.22324 0.08529
0.42430 8.15916 0.08932
0.42481 8.36594 0.08357
0.42531 8.30113 0.08945
0.42582 8.20128 0.08744
0.42632 8.39190 0.09025
0.42683 8.44286 0.09183
0.42734 8.33688 0.09205
0.42784 8.29886 0.08816
0.42835 8.27891 0.09146
0.42886 8.37966 0.09096
0.42936 8.35091 0.09487
0.42987 8.09822 0.09438
0.43037 8.21624 0.09221
0.43088 8.20664 0.09828
0.43139 8.32305 0.09519
0.43189 8.06874 0.09797
0.43240 8.35366 0.09667
0.43291 8.21108 0.09679
0.43341 8.17607 0.09944
0.43392 8.07113 0.09379
0.43443 8.11054 0.09982
0.43493 8.20815 0.10310
0.43544 8.43149 0.10395
0.43594 8.10315 0.10829
0.43645 7.97487 0.10330
0.43696 8.16062 0.10377
0.43746 8.15209 0.10365
0.43797 8.21220 0.10235
0.43848 8.08584 0.10903
0.43898 8.27724 0.10947
0.43949 8.30528 0.11881
0.43999 8.33179 0.11217
