0.01140 1531.12862 63.64597
0.01191 1075.35452 51.50340
0.01242 700.47676 53.02156
0.01292 415.41510 38.34586
0.01343 280.02150 26.46655
0.01394 209.03756 19.50997
0.01444 171.56384 15.58673
0.01495 139.28024 12.64913
0.01546 106.20095 8.37117
0.01596 99.05791 7.90487
0.01647 87.08016 6.31312
0.01698 72.56504 4.73604
0.01748 65.11125 4.03972
0.01799 61.48844 3.33415
0.01850 57.64607 2.87317
0.01900 51.21565 2.25137
0.01951 47.53640 1.87486
0.02002 44.47913 1.61991
0.02052 41.75970 1.35331
0.02103 40.02439 1.13913
0.02154 38.31685 0.84148
0.02204 37.02661 0.77103
0.02255 35.33065 0.69487
0.02306 33.80332 0.56587
0.02356 33.56663 0.55635
0.02407 32.10742 0.51276
0.02458 31.53465 0.42504
0.02509 31.00360 0.38405
0.02559 30.51867 0.38241
0.02610 29.46813 0.33298
0.02661 29.06360 0.30189
0.02711 28.35476 0.29503
0.02762 27.55479 0.27051
0.02813 26.99846 0.25162
0.02863 26.78623 0.25502
0.02914 26.10823 0.23582
0.02965 25.69283 0.23260
0.03015 26.01973 0.24264
0.03066 25.20609 0.24493
0.03117 24.82154 0.22793
0.03167 24.49284 0.21969
0.03218 24.71555 0.21196
0.03269 24.42042 0.21430
0.03319 23.98734 0.22412
0.03370 23.89430 0.20045
0.03421 23.60406 0.21125
0.03471 23.01195 0.19672
0.03522 22.97767 0.20215
0.03573 23.11645 0.21472
0.03623 22.81997 0.20054
0.03674 22.54899 0.19141
0.03725 22.50371 0.19477
0.03775 22.11588 0.19279
0.03826 22.04229 0.19019
0.03877 21.96287 0.19296
0.03927 21.85017 0.17810
0.03978 21.90226 0.17702
0.04029 21.44196 0.17841
0.04080 21.62350 0.18355
0.04130 21.32128 0.17809
0.04181 21.19085 0.16916
0.04232 21.21847 0.17106
0.04282 21.02792 0.17402
0.04333 20.81258 0.17237
0.04384 20.68175 0.16633
0.04434 20.80268 0.17499
0.04485 20.54680 0.16235
0.04536 20.68065 0.16556
0.04586 20.39685 0.16493
0.04637 20.48111 0.16505
0.04688 20.33852 0.15668
0.04738 20.27695 0.16445
0.04789 20.30451 0.16218
0.04840 20.04513 0.15334
0.04890 19.92578 0.15172
0.04941 19.63116 0.15268
0.04992 19.94209 0.15107
0.05042 19.58850 0.14618
0.05093 19.42679 0.15243
0.05144 19.45481 0.15161
0.05194 19.65840 0.14847
0.05245 19.68227 0.15006
0.05296 19.55805 0.14398
0.05346 19.40779 0.14476
0.05397 19.19279 0.14256
0.05448 18.95893 0.14593
0.05498 19.23598 0.14610
0.05549 19.19058 0.14216
0.05600 18.99258 0.14195
0.05650 18.72589 0.14107
0.05701 18.87671 0.13792
0.05752 18.83417 0.13811
0.05803 18.78661 0.13491
0.05853 18.83089 0.13359
0.05904 18.83988 0.13416
0.05955 18.37815 0.14058
0.06005 18.53299 0.13240
0.06056 18.22437 0.13463
0.06107 18.35000 0.13110
0.06157 18.14141 0.13227
0.06208 18.36698 0.13275
0.06259 18.08932 0.13067
0.06309 17.96618 0.12855
0.06360 17.94824 0.13024
0.06411 17.91517 0.13514
0.06461 17.95405 0.12501
0.06512 17.93041 0.12179
0.06563 17.86205 0.12775
0.06613 17.80444 0.12514
0.06664 17.74816 0.12363
0.06715 17.85887 0.12315
0.06765 17.61026 0.12528
0.06816 17.52096 0.12140
0.06867 17.58654 0.11989
0.06917 17.43192 0.12228
0.06968 17.48011 0.11827
0.07019 17.64484 0.11707
0.07069 17.24535 0.11841
0.07120 17.23497 0.11637
0.07171 17.08363 0.12245
0.07221 17.28099 0.11574
0.07272 17.03217 0.11300
0.07323 17.05676 0.11439
0.07373 17.08620 0.11591
0.07424 17.10572 0.11472
0.07475 16.75972 0.11436
0.07526 17.01694 0.11431
0.07576 16.96417 0.11549
0.07627 16.66357 0.11348
0.07678 16.79403 0.11187
0.07728 16.96522 0.11339
0.07779 16.73518 0.11001
0.07830 16.85826 0.11326
0.07880 16.62770 0.10960
0.07931 16.63228 0.11283
0.07982 16.72514 0.10434
0.08032 16.55953 0.11244
0.08083 16.59394 0.10679
0.08134 16.56956 0.10940
0.08184 16.44271 0.11126
0.08235 16.45130 0.11050
0.08286 16.36618 0.11308
0.08336 16.38007 0.10802
0.08387 16.20288 0.10872
0.08438 16.17967 0.10896
0.08488 16.19521 0.11618
0.08539 16.12061 0.10904
0.08590 16.21705 0.10893
0.08640 16.30387 0.11388
0.08691 16.05688 0.11130
0.08742 16.20340 0.11114
0.08792 16.04991 0.10938
0.08843 16.02319 0.11317
0.08894 16.06094 0.10940
0.08944 16.03458 0.11412
0.08995 15.74840 0.10713
0.09046 15.62795 0.10638
0.09096 15.73152 0.11421
0.09147 15.78962 0.11527
0.09198 15.81237 0.11026
0.09248 15.73189 0.11190
0.09299 15.48406 0.11322
0.09350 15.56288 0.11417
0.09401 15.59832 0.11686
0.09451 15.55546 0.10976
0.09502 15.71258 0.11154
0.09553 15.39332 0.10931
0.09603 15.52086 0.11087
0.09654 15.41317 0.11292
0.09705 15.60002 0.11171
0.09755 15.49762 0.10769
0.09806 15.36637 0.10801
0.09857 15.49815 0.10753
0.09907 15.41825 0.10895
0.09958 15.05096 0.10292
0.10009 14.99827 0.11093
0.10059 15.26201 0.11013
0.10110 15.12294 0.10794
0.10161 15.22391 0.10437
0.10211 15.28454 0.10304
0.10262 15.14445 0.10021
0.10313 15.04485 0.10008
0.10363 15.09251 0.10268
0.10414 15.01661 0.10469
0.10465 15.13514 0.10200
0.10515 15.12474 0.10318
0.10566 14.94900 0.10274
0.10617 14.82537 0.10342
0.10667 15.02270 0.10268
0.10718 14.94811 0.10332
0.10769 14.89998 0.09775
0.10819 14.75954 0.09815
0.10870 14.84323 0.10134
0.10921 14.76839 0.09406
0.10971 14.79053 0.09796
0.11022 14.75838 0.09622
0.11073 14.70247 0.09486
0.11123 14.58221 0.09641
0.11174 14.50827 0.09492
0.11225 14.70892 0.09865
0.11275 14.60781 0.09773
0.11326 14.56185 0.09486
0.11377 14.65205 0.09316
0.11428 14.32301 0.09211
0.11478 14.55240 0.09120
0.11529 14.40517 0.09205
0.11580 14.53322 0.09346
0.11630 14.32538 0.08895
0.11681 14.31794 0.09144
0.11732 14.26208 0.08948
0.11782 14.30931 0.09039
0.11833 14.24426 0.08988
0.11884 14.22877 0.08775
0.11934 14.07493 0.08749
0.11985 14.27288 0.09013
0.12036 14.41075 0.08990
0.12086 14.22734 0.08818
0.12137 14.06104 0.08708
0.12188 14.07761 0.08728
0.12238 14.23013 0.08659
0.12289 14.25241 0.08688
0.12340 14.09408 0.08880
0.12390 14.07402 0.08591
0.12441 14.13526 0.08560
0.12492 14.15451 0.08611
0.12542 14.00489 0.08632
0.12593 14.05872 0.08255
0.12644 14.08729 0.08560
0.12694 13.95131 0.08498
0.12745 13.88686 0.08385
0.12796 14.11029 0.08266
0.12846 14.02963 0.08421
0.12897 13.98404 0.08262
0.12948 13.97412 0.08439
0.12998 13.82937 0.08152
0.13049 13.89676 0.07893
0.13100 13.92284 0.08049
0.13150 14.00842 0.07847
0.13201 13.91710 0.07963
0.13252 13.73768 0.08071
0.13302 13.83255 0.07924
0.13353 13.86403 0.07916
0.13404 13.95396 0.07977
0.13454 13.80568 0.07896
0.13505 13.89956 0.07979
0.13556 13.82291 0.08094
0.13606 13.67218 0.08021
0.13657 13.74814 0.07926
0.13708 13.67419 0.07999
0.13758 13.58147 0.07845
0.13809 13.74953 0.07619
0.13860 13.73931 0.07659
0.13911 13.55236 0.07659
0.13961 13.62696 0.07558
0.14012 13.59012 0.07755
0.14063 13.62020 0.07638
0.14113 13.56234 0.07702
0.14164 13.48639 0.07600
0.14215 13.46338 0.07617
0.14265 13.51790 0.07637
0.14316 13.40368 0.07609
0.14367 13.46999 0.07625
0.14417 13.41997 0.07564
0.14468 13.29590 0.07568
0.14519 13.36844 0.07479
0.14569 13.27373 0.07661
0.14620 13.29844 0.07546
0.14671 13.35750 0.07272
0.14721 13.21179 0.07393
0.14772 13.16129 0.07106
0.14823 13.24444 0.07231
0.14873 13.09610 0.07253
0.14924 13.00916 0.07276
0.14975 12.96537 0.07335
0.15025 13.08315 0.07340
0.15076 12.99425 0.07065
0.15127 13.06423 0.07174
0.15177 12.96340 0.07318
0.15228 12.80176 0.07051
0.15279 12.90264 0.07303
0.15329 12.92427 0.07083
0.15380 12.87979 0.07101
0.15431 12.78107 0.07243
0.15481 12.96561 0.07164
0.15532 12.61632 0.07150
0.15583 12.64384 0.06888
0.15633 12.61479 0.06950
0.15684 12.73124 0.06949
0.15735 12.66222 0.07087
0.15785 12.59298 0.06987
0.15836 12.54037 0.06910
0.15887 12.60871 0.06960
0.15937 12.59600 0.06969
0.15988 12.44342 0.06873
0.16039 12.53674 0.06783
0.16089 12.41962 0.06824
0.16140 12.25765 0.06980
0.16191 12.39419 0.06696
0.16241 12.29825 0.06733
0.16292 12.36932 0.06664
0.16343 12.30193 0.06709
0.16393 12.26800 0.06902
0.16444 12.39671 0.06663
0.16495 12.24092 0.06698
0.16545 12.20798 0.06585
0.16596 12.29047 0.06781
0.16647 12.22377 0.06625
0.16697 12.17317 0.06561
0.16748 12.17534 0.06748
0.16799 12.22861 0.06598
0.16849 11.96068 0.06612
0.16900 12.10492 0.06531
0.16951 12.13579 0.06555
0.17001 12.06385 0.06416
0.17052 11.99441 0.06468
0.17103 11.96036 0.06521
0.17153 12.02197 0.06721
0.17204 12.02921 0.06874
0.17255 12.03809 0.06506
0.17305 12.02592 0.06763
0.17356 12.06820 0.06649
0.17407 11.90822 0.06729
0.17457 12.00624 0.06677
0.17508 11.91357 0.06768
0.17559 11.89440 0.06712
0.17610 11.99170 0.06641
0.17660 11.95839 0.06586
0.17711 11.93258 0.06594
0.17762 11.87619 0.06695
0.17812 11.66414 0.06548
0.17863 11.79184 0.06672
0.17914 11.74865 0.06508
0.17964 11.71417 0.06566
0.18015 11.74690 0.06668
0.18066 11.80953 0.06813
0.18116 11.75029 0.06896
0.18167 11.66928 0.06876
0.18218 11.78005 0.06760
0.18268 11.73818 0.06837
0.18319 11.70594 0.07048
0.18370 11.63801 0.06842
0.18420 11.53038 0.06889
0.18471 11.80086 0.06920
0.18522 11.71586 0.06845
0.18572 11.61707 0.06925
0.18623 11.61360 0.07054
0.18674 11.64530 0.06826
0.18724 11.56753 0.07028
0.18775 11.63417 0.07006
0.18826 11.55499 0.07074
0.18876 11.54974 0.07155
0.18927 11.52925 0.07016
0.18978 11.50273 0.06957
0.19028 11.52186 0.07066
0.19079 11.64409 0.07018
0.19130 11.51196 0.06954
0.19180 11.47702 0.07088
0.19231 11.50586 0.07033
0.19282 11.48701 0.06902
0.19332 11.43906 0.07056
0.19383 11.51547 0.07173
0.19434 11.38158 0.06970
0.19484 11.44371 0.07121
0.19535 11.38985 0.07045
0.19586 11.45285 0.07112
0.19636 11.46305 0.07212
0.19687 11.55364 0.07230
0.19738 11.43102 0.07276
0.19788 11.36798 0.07259
0.19839 11.35083 0.07040
0.19890 11.40658 0.07009
0.19940 11.35420 0.07145
0.19991 11.21252 0.07023
0.20042 11.25836 0.07163
0.20092 11.35355 0.07168
0.20143 11.29986 0.07134
0.20194 11.29675 0.07248
0.20244 11.25920 0.07159
0.20295 11.27837 0.07178
0.20346 11.24126 0.07268
0.20396 11.19066 0.07389
0.20447 11.23734 0.07159
0.20498 11.09623 0.07012
0.20548 11.17259 0.07104
0.20599 11.02047 0.07078
0.20650 11.24382 0.07223
0.20700 11.13877 0.07139
0.20751 11.14704 0.07214
0.20802 11.18391 0.07004
0.20852 11.10908 0.06889
0.20903 11.11378 0.06912
0.20954 11.20255 0.07084
0.21004 11.16078 0.07179
0.21055 11.00500 0.06824
0.21106 10.92926 0.07038
0.21156 11.08220 0.06923
0.21207 10.90825 0.07229
0.21258 11.05486 0.06986
0.21308 11.03203 0.07150
0.21359 11.06426 0.07067
0.21410 11.00792 0.07132
0.21460 11.05966 0.07082
0.21511 10.96561 0.07156
0.21562 10.92635 0.07036
0.21612 10.96813 0.07170
0.21663 10.91541 0.06825
0.21714 10.94164 0.07071
0.21764 10.92982 0.06975
0.21815 10.87540 0.06959
0.21866 10.93310 0.07186
0.21916 10.88034 0.07017
0.21967 10.90052 0.06838
0.22018 10.82974 0.06887
0.22068 10.81133 0.07001
0.22119 10.98041 0.07004
0.22170 10.81177 0.07068
0.22220 10.72060 0.06938
0.22271 10.66317 0.06895
0.22322 10.86112 0.07016
0.22372 10.64069 0.06790
0.22423 10.68636 0.07021
0.22474 10.73441 0.06657
0.22524 10.78296 0.06964
0.22575 10.73011 0.06971
0.22626 10.81900 0.06862
0.22676 10.73222 0.06652
0.22727 10.68400 0.06968
0.22778 10.74096 0.06647
0.22828 10.59299 0.06488
0.22879 10.65199 0.06583
0.22930 10.57003 0.06667
0.22980 10.48845 0.06702
0.23031 10.57581 0.06790
0.23082 10.61757 0.06398
0.23132 10.48192 0.06725
0.23183 10.61923 0.06623
0.23234 10.59693 0.06516
0.23284 10.63625 0.06488
0.23335 10.56670 0.06324
0.23386 10.55719 0.06487
0.23436 10.58799 0.06414
0.23487 10.55312 0.06482
0.23538 10.61151 0.06443
0.23588 10.53109 0.06363
0.23639 10.49345 0.06363
0.23690 10.55241 0.06407
0.23740 10.43772 0.06204
0.23791 10.41649 0.06360
0.23842 10.56978 0.06426
0.23892 10.54249 0.06482
0.23943 10.49804 0.06307
0.23994 10.39506 0.06552
0.24044 10.43047 0.06309
0.24095 10.45981 0.06108
0.24145 10.43170 0.06218
0.24196 10.25757 0.06225
0.24247 10.50000 0.06341
0.24297 10.39248 0.06158
0.24348 10.32912 0.06283
0.24399 10.38932 0.06086
0.24449 10.37959 0.06151
0.24500 10.38016 0.06108
0.24551 10.38460 0.06145
0.24601 10.32853 0.05998
0.24652 10.32455 0.06109
0.24703 10.32586 0.06122
0.24753 10.32958 0.05972
0.24804 10.32456 0.06092
0.24855 10.27976 0.05896
0.24905 10.28458 0.06090
0.24956 10.35887 0.06321
0.25007 10.42767 0.05982
0.25057 10.19152 0.05821
0.25108 10.19639 0.05953
0.25159 10.22936 0.06006
0.25209 10.23152 0.05810
0.25260 10.16218 0.05903
0.25311 10.23411 0.05981
0.25361 10.16475 0.05988
0.25412 10.24924 0.05920
0.25463 10.21428 0.05919
0.25513 10.19610 0.05925
0.25564 10.28158 0.05767
0.25615 10.28022 0.05904
0.25665 10.10636 0.05800
0.25716 10.13228 0.05774
0.25767 10.05886 0.05793
0.25817 10.10723 0.05668
0.25868 10.09837 0.05790
0.25919 10.12243 0.05735
0.25969 10.14628 0.05715
0.26020 10.16745 0.05827
0.26071 10.08795 0.05672
0.26121 10.03221 0.05652
0.26172 10.06311 0.05758
0.26223 10.07089 0.05849
0.26273 10.03572 0.05593
0.26324 10.10545 0.05661
0.26375 10.06773 0.05623
0.26425 9.94810 0.05578
0.26476 10.04738 0.05697
0.26527 10.01482 0.05637
0.26577 9.98618 0.05599
0.26628 9.98218 0.05603
0.26679 9.95385 0.05649
0.26729 9.93458 0.05493
0.26780 10.10202 0.05597
0.26831 9.93765 0.05643
0.26881 9.98914 0.05569
0.26932 10.04183 0.05459
0.26983 9.96099 0.05522
0.27033 9.93410 0.05383
0.27084 9.92947 0.05514
0.27134 9.83078 0.05495
0.27185 9.88201 0.05564
0.27236 9.91355 0.05569
0.27286 9.91908 0.05467
0.27337 9.92236 0.05402
0.27388 9.86339 0.05484
0.27438 9.87800 0.05386
0.27489 9.71656 0.05368
0.27540 9.83978 0.05368
0.27590 9.80205 0.05365
0.27641 9.86306 0.05273
0.27692 9.91256 0.05556
0.27742 9.80756 0.05324
0.27793 9.83785 0.05406
0.27844 9.84705 0.05343
0.27894 9.82053 0.05295
0.27945 9.87054 0.05401
0.27996 9.70770 0.05273
0.28046 9.79100 0.05446
0.28097 9.79416 0.05263
0.28148 9.79587 0.05355
0.28198 9.79262 0.05298
0.28249 9.81358 0.05499
0.28300 9.70312 0.05324
0.28350 9.77779 0.05259
0.28401 9.69488 0.05284
0.28452 9.76127 0.05269
0.28502 9.79057 0.05366
0.28553 9.81604 0.05334
0.28604 9.70634 0.05286
0.28654 9.76285 0.05213
0.28705 9.70036 0.05342
0.28756 9.67310 0.05248
0.28806 9.71469 0.05180
0.28857 9.73006 0.05310
0.28908 9.68069 0.05406
0.28958 9.61099 0.05248
0.29009 9.62220 0.05143
0.29059 9.66659 0.05252
0.29110 9.62808 0.05186
0.29161 9.61677 0.05213
0.29211 9.66200 0.05274
0.29262 9.58033 0.05161
0.29313 9.57894 0.05310
0.29363 9.60707 0.05262
0.29414 9.43103 0.05224
0.29465 9.56116 0.05371
0.29515 9.54137 0.05240
0.29566 9.48755 0.05273
0.29617 9.53396 0.05277
0.29667 9.45605 0.05136
0.29718 9.51874 0.05354
0.29769 9.36397 0.05208
0.29819 9.62227 0.05259
0.29870 9.54361 0.05337
0.29921 9.49822 0.05185
0.29971 9.37907 0.05197
0.30022 9.51190 0.05232
0.30073 9.49156 0.05361
0.30123 9.48064 0.05075
0.30174 9.46334 0.05310
0.30225 9.49309 0.05243
0.30275 9.43393 0.05272
0.30326 9.43742 0.05217
0.30377 9.49030 0.05239
0.30427 9.37949 0.05165
0.30478 9.36285 0.05193
0.30529 9.41090 0.05145
0.30579 9.35315 0.05070
0.30630 9.36039 0.05098
0.30680 9.37082 0.05043
0.30731 9.36627 0.05114
0.30782 9.28807 0.05131
0.30832 9.45001 0.05116
0.30883 9.39150 0.05145
0.30934 9.32056 0.05065
0.30984 9.32324 0.05156
0.31035 9.26740 0.05317
0.31086 9.28165 0.05273
0.31136 9.33840 0.05279
0.31187 9.29894 0.05330
0.31238 9.23122 0.05290
0.31288 9.35726 0.05412
0.31339 9.33603 0.05340
0.31390 9.34479 0.05527
0.31440 9.25225 0.05516
0.31491 9.34920 0.05514
0.31542 9.24531 0.05565
0.31592 9.25494 0.05550
0.31643 9.28937 0.05517
0.31694 9.18918 0.05444
0.31744 9.18125 0.05558
0.31795 9.37748 0.05571
0.31845 9.17935 0.05468
0.31896 9.21859 0.05619
0.31947 9.18434 0.05551
0.31997 9.13312 0.05573
0.32048 9.21094 0.05561
0.32099 9.22669 0.05545
0.32149 9.23921 0.05509
0.32200 9.20150 0.05627
0.32251 9.25094 0.05616
0.32301 9.21170 0.05776
0.32352 9.25812 0.05480
0.32403 9.14455 0.05420
0.32453 9.11470 0.05613
0.32504 9.14269 0.05594
0.32555 9.22042 0.05633
0.32605 9.21612 0.05390
0.32656 9.20399 0.05545
0.32707 9.07871 0.05630
0.32757 9.14690 0.05581
0.32808 9.09658 0.05605
0.32859 9.16032 0.05632
0.32909 9.16615 0.05540
0.32960 9.10118 0.05621
0.33010 9.09219 0.05668
0.33061 9.00783 0.05545
0.33112 9.08123 0.05637
0.33162 9.07065 0.05740
0.33213 9.11524 0.05681
0.33264 9.05911 0.05522
0.33314 9.13264 0.05562
0.33365 9.05436 0.05592
0.33416 9.11822 0.05537
0.33466 9.10411 0.05568
0.33517 9.12781 0.05562
0.33568 9.17842 0.05735
0.33618 9.11081 0.05640
0.33669 9.11396 0.05744
0.33720 9.04390 0.05558
0.33770 9.06217 0.05635
0.33821 8.94265 0.05680
0.33872 9.04358 0.05587
0.33922 9.01734 0.05664
0.33973 9.15071 0.05752
0.34023 9.02158 0.05650
0.34074 9.09182 0.05726
0.34125 9.05631 0.05575
0.34175 9.06584 0.05679
0.34226 9.06779 0.05733
0.34277 9.05047 0.05754
0.34327 9.05140 0.05648
0.34378 8.94549 0.05724
0.34429 8.96730 0.05573
0.34479 8.94035 0.05705
0.34530 9.07886 0.05758
0.34581 8.98751 0.05623
0.34631 8.82632 0.05773
0.34682 8.95898 0.05640
0.34733 8.94852 0.05753
0.34783 9.03797 0.05875
0.34834 8.91498 0.05624
0.34884 9.05623 0.05738
0.34935 8.90935 0.05851
0.34986 8.84384 0.05876
0.35036 9.03932 0.05887
0.35087 8.91073 0.05673
0.35138 8.94074 0.05857
0.35188 8.96605 0.05711
0.35239 8.90453 0.05749
0.35290 8.95225 0.05621
0.35340 9.01369 0.05667
0.35391 8.88046 0.05532
0.35442 8.86789 0.05393
0.35492 8.81498 0.05393
0.35543 8.91148 0.05479
0.35594 8.86290 0.05414
0.35644 8.81032 0.05469
0.35695 8.88458 0.05354
0.35745 8.83203 0.05569
0.35796 8.86023 0.05477
0.35847 8.90873 0.05684
0.35897 8.85539 0.05656
0.35948 8.81182 0.05497
0.35999 8.79319 0.05415
0.36049 8.84626 0.05559
0.36100 8.83158 0.05588
0.36151 8.76942 0.05517
0.36201 8.88077 0.05586
0.36252 8.73614 0.05463
0.36303 8.88630 0.05664
0.36353 8.73909 0.05534
0.36404 8.84106 0.05443
0.36455 8.74218 0.05527
0.36505 8.87656 0.05682
0.36556 8.75557 0.05616
0.36606 8.90546 0.05689
0.36657 8.89766 0.05523
0.36708 8.85448 0.05817
0.36758 8.68081 0.05752
0.36809 8.74330 0.05954
0.36860 8.65112 0.05978
0.36910 8.70209 0.05916
0.36961 8.77590 0.05885
0.37012 8.66375 0.06018
0.37062 8.67941 0.05969
0.37113 8.75812 0.05860
0.37164 8.73518 0.05894
0.37214 8.75565 0.05778
0.37265 8.74790 0.05925
0.37315 8.75913 0.05854
0.37366 8.70247 0.05925
0.37417 8.73992 0.06104
0.37467 8.67457 0.06017
0.37518 8.83349 0.06050
0.37569 8.68571 0.05984
0.37619 8.71456 0.06195
0.37670 8.69862 0.06112
0.37721 8.62702 0.06180
0.37771 8.68119 0.06160
0.37822 8.74665 0.06048
0.37873 8.78284 0.06026
0.37923 8.74220 0.06291
0.37974 8.63976 0.06217
0.38024 8.60575 0.06258
0.38075 8.53340 0.06210
0.38126 8.66049 0.06341
0.38176 8.70673 0.06396
0.38227 8.67796 0.06632
0.38278 8.61383 0.06514
0.38328 8.56066 0.06389
0.38379 8.63067 0.06470
0.38430 8.78133 0.06424
0.38480 8.68776 0.06540
0.38531 8.68557 0.06387
0.38582 8.69007 0.06596
0.38632 8.49191 0.06717
0.38683 8.56981 0.06542
0.38733 8.60801 0.06469
0.38784 8.69259 0.06579
0.38835 8.72787 0.06737
0.38885 8.63514 0.06813
0.38936 8.63798 0.06616
0.38987 8.54801 0.06897
0.39037 8.63739 0.06998
0.39088 8.63175 0.06664
0.39139 8.40190 0.06652
0.39189 8.53394 0.07023
0.39240 8.66659 0.06685
0.39290 8.51283 0.06955
0.39341 8.55980 0.06856
0.39392 8.48788 0.07050
0.39442 8.43370 0.07049
0.39493 8.47362 0.07179
0.39544 8.56726 0.07267
0.39594 8.55903 0.07339
0.39645 8.57409 0.07072
0.39696 8.41524 0.07085
0.39746 8.53511 0.07181
0.39797 8.48678 0.07013
0.39847 8.40338 0.07087
0.39898 8.44862 0.07367
0.39949 8.38442 0.07074
0.39999 8.49252 0.07399
0.40050 8.39224 0.07536
0.40101 8.49705 0.07641
0.40151 8.47692 0.07530
0.40202 8.56059 0.07698
0.40253 8.47368 0.07387
0.40303 8.61333 0.07549
0.40354 8.41113 0.07822
0.40405 8.33615 0.07343
0.40455 8.44004 0.07950
0.40506 8.30559 0.07808
0.40556 8.35249 0.07729
0.40607 8.46545 0.07794
0.40658 8.40471 0.07358
0.40708 8.48706 0.07777
0.40759 8.25411 0.07685
0.40810 8.28079 0.07865
0.40860 8.28177 0.07539
0.40911 8.42978 0.07728
0.40962 8.28445 0.07866
0.41012 8.33760 0.07670
0.41063 8.21253 0.07620
0.41113 8.44736 0.07824
0.41164 8.43804 0.07979
0.41215 8.39546 0.07681
0.41265 8.34927 0.07894
0.41316 8.25121 0.07648
0.41367 8.39391 0.08061
0.41417 8.42649 0.08132
0.41468 8.23283 0.07724
0.41518 8.35231 0.07925
0.41569 8.43558 0.08134
0.41620 8.26865 0.08064
0.41670 8.36867 0.08164
0.41721 8.32377 0.07944
0.41772 8.34384 0.08014
0.41822 8.29702 0.08084
0.41873 8.38224 0.07944
0.41924 8.43151 0.08474
0.41974 8.22206 0.08264
0.42025 8.30404 0.08160
0.42075 8.24535 0.08411
0.42126 8.21675 0.08672
0.42177 8.38097 0.08379
0.42227 8.37779 0.08818
0.42278 8.28444 0.08476
0.42329 8.15821 0.08696
0.42379 8.31137 0.08755
0.42430 8.40975 0.09023
0.42481 8.27697 0.08736
0.42531 8.29920 0.08804
0.42582 8.26628 0.08913
0.42632 8.43683 0.08577
0.42683 8.22770 0.09090
0.42734 8.28892 0.09284
0.42784 8.17857 0.09342
0.42835 8.33170 0.09303
0.42886 8.24974 0.09163
0.42936 8.27335 0.09388
0.42987 8.37570 0.09003
0.43037 8.18913 0.08969
0.43088 8.17864 0.09520
0.43139 8.28231 0.09474
0.43189 8.09759 0.09852
0.43240 8.12174 0.09729
0.43291 8.11726 0.09647
0.43341 8.24621 0.09769
0.43392 8.44523 0.09766
0.43443 8.14069 0.09515
0.43493 8.27379 0.09887
0.43544 8.20947 0.10158
0.43594 8.26201 0.10382
0.43645 8.22376 0.10464
0.43696 8.25478 0.11057
0.43746 8.16035 0.10356
0.43797 8.18120 0.11311
0.43848 7.97311 0.10446
0.43898 8.21318 0.10842
0.43949 8.08418 0.11302
0.43999 8.11361 0.11270
